141
612
1010
169
682
1453
119
526
1370
184
528
1064
143
588
1474
106
570
1067
182
678
1120
113
621
1251
120
612
1054
118
700
1323
158
633
1278
128
681
1338
194
606
1041
193
514
1275
117
606
1375
108
699
1048
190
788
1291
161
565
1373
132
656
1351
174
528
1143
122
517
1178
156
526
1012
124
546
1315
134
650
1238
118
521
1207
175
510
1273
138
743
1487
186
701
1380
163
724
1102
124
693
1307
127
639
1048
157
650
1178
197
516
1002
167
677
1026
133
713
1006
130
509
1053
129
506
1099
140
750
1496
104
544
1126
174
707
1013
150
546
1412
177
726
1037
122
624
1235
109
785
1056
178
676
1318
177
564
1367
140
800
1344
131
789
1426
157
503
1369
174
712
1033
119
508
1318
111
523
1420
138
720
1241
188
788
1246
110
652
1414
120
533
1098
192
518
1015
137
594
1076
146
573
1386
166
531
1274
155
573
1085
114
781
1125
173
682
1285
149
670
1481
131
551
1074
172
746
1341
176
742
1080
197
519
1382
101
783
1251
100
660
1165
140
632
1274
137
583
1131
182
524
1238
181
755
1106
110
735
1014
190
756
1123
182
632
1463
128
623
1348
111
560
1336
149
730
1475
109
752
1088
105
609
1371
153
642
1468
179
800
1137
162
642
1003
125
723
1454
132
795
1455
183
747
1233
129
568
1072
175
635
1266
118
720
1122
109
589
1051
100
527
1477
196
649
1324
134
617
1099
194
585
1215
109
661
1271
194
640
1260
195
580
1084
119
550
1375
132
597
1075
154
644
1193
157
733
1311
100
534
1012
137
724
1139
158
691
1205
145
607
1445
170
639
1420
127
590
1266
125
576
1226
136
636
1061
117
778
1005
123
512
1395
132
567
1068
150
714
1110
157
721
1486
188
678
1343
103
519
1322
194
568
1377
132
503
1413
181
506
1290
126
766
1339
161
595
1050
107
664
1053
157
782
1279
128
630
1270
131
669
1010
200
577
1487
177
610
1456
106
563
1212
133
676
1250
108
680
1295
171
678
1056
169
752
1195
117
573
1332
152
728
1290
152
635
1415
162
558
1052
144
690
1247
146
556
1067
117
665
1084
134
712
1137
137
738
1217
192
594
1041
131
612
1146
194
683
1478
190
669
1102
129
782
1216
176
560
1453
140
664
1045
112
798
1395
141
790
1099
154
666
1369
131
517
1235
124
765
1082
142
690
1394
145
644
1395
135
684
1072
158
740
1454
181
531
1031
124
710
1490
134
553
1384
133
579
1482
152
762
1163
143
631
1497
196
785
1469
110
637
1246
114
751
1437
109
675
1113
155
504
1260
125
589
1265
111
548
1429
179
688
1468
180
571
1271
112
626
1200
105
594
1442
173
597
1146
156
789
1190
144
525
1314
171
753
1189
163
527
1233
155
768
1382
189
511
1374
126
653
1252
116
752
1132
129
516
1172
103
793
1391
117
529
1415
177
645
1385
141
789
1064
151
635
1393
125
523
1453
192
541
1387
123
672
1317
189
637
1147
191
645
1444
138
557
1346
123
542
1141
166
537
1083
157
542
1148
159
692
1070
135
540
1158
169
744
1170
105
731
1133
110
630
1446
112
726
1437
107
733
1115
112
557
1191
172
524
1424
131
545
1385
103
578
1285
114
761
1189
119
778
1010
108
537
1215
144
584
1144
130
685
1351
113
681
1029
184
539
1422
157
619
1263
197
630
1048
130
607
1023
111
723
1215
108
624
1272
143
609
1076
163
756
1060
200
655
1167
197
621
1168
197
650
1139
190
698
1473
137
594
1326
134
611
1460
156
674
1480
128
571
1198
126
673
1156
101
521
1372
163
762
1084
101
504
1355
151
673
1390
128
594
1241
133
589
1334
174
748
1472
153
789
1055
164
627
1311
126
541
1301
123
602
1491
160
651
1471
116
518
1465
121
735
1331
174
508
1455
186
606
1397
104
733
1158
167
735
1350
126
772
1218
106
655
1244
131
560
1218
129
518
1085
186
680
1297
193
624
1486
179
620
1478
109
625
1436
150
756
1037
109
684
1044
200
767
1210
185
728
1207
122
692
1492
155
714
1477
166
662
1025
127
667
1353
170
579
1079
148
508
1323
188
795
1217
144
794
1466
157
783
1278
195
709
1283
184
731
1360
174
621
1310
125
719
1308
198
502
1284
137
537
1305
161
690
1031
116
592
1088
170
641
1448
175
718
1286
165
608
1255
173
592
1422
104
616
1315
153
612
1422
167
695
1297
111
508
1133
199
650
1029
100
774
1363
136
554
1129
162
544
1172
167
546
1323
179
630
1360
175
780
1468
131
533
1468
166
667
1428
145
696
1003
112
675
1159
127
677
1186
183
615
1486
127
786
1256
102
512
1021
143
666
1484
114
548
1151
169
547
1094
149
761
1025
196
696
1367
169
799
1055
175
655
1316
112
550
1178
199
568
1397
141
722
1179
149
792
1040
174
756
1343
167
583
1040
196
703
1201
175
698
1044
193
514
1083
186
712
1480
164
685
1363
154
795
1319
112
540
1397
175
750
1323
154
649
1491
159
650
1206
112
707
1270
145
724
1181
194
522
1187
186
798
1201
165
519
1334
194
649
1395
133
662
1437
108
701
1449
106
792
1337
109
590
1226
102
591
1353
177
713
1390
166
710
1222
199
788
1171
157
531
1369
193
770
1326
112
673
1042
102
510
1057
162
728
1206
146
622
1229
173
637
1150
137
784
1205
132
795
1096
148
528
1325
182
535
1379
141
699
1329
198
539
1022
179
788
1100
124
635
1191
116
767
1215
110
702
1122
155
694
1379
198
599
1367
189
605
1114
128
507
1047
114
679
1215
137
670
1383
168
544
1143
139
517
1152
171
680
1267
132
663
1023
131
545
1364
137
579
1413
160
645
1250
147
551
1485
149
573
1214
178
584
1107
118
647
1148
159
616
1273
111
768
1103
128
577
1153
131
677
1413
196
535
1183
146
731
1421
163
751
1351
114
785
1067
125
563
1222
168
770
1330
111
579
1092
171
501
1352
173
515
1149
106
687
1308
111
639
1111
153
749
1276
121
500
1460
161
763
1259
110
537
1170
124
743
1309
190
643
1133
184
723
1190
161
669
1045
101
737
1003
198
592
1163
191
622
1465
160
759
1136
102
686
1110
139
779
1184
155
773
1187
112
771
1367
198
792
1220
161
751
1197
178
695
1020
183
516
1082
151
756
1099
117
744
1117
178
645
1207
200
766
1132
166
602
1464
158
767
1299
152
617
1247
130
773
1174
120
596
1192
109
595
1048
178
599
1046
113
595
1198
147
571
1113
192
749
1140
143
648
1076
100
626
1358
114
602
1029
114
613
1342
165
698
1027
168
739
1113
188
708
1205
122
722
1137
186
539
1279
179
582
1288
117
501
1241
161
727
1155
138
710
1434
164
717
1005
189
591
1088
118
696
1036
101
661
1283
171
694
1176
120
787
1018
127
690
1168
186
503
1287
162
589
1467
127
742
1131
154
736
1252
139
525
1389
105
781
1139
142
765
1377
165
618
1150
156
651
1326
177
743
1108
199
738
1230
199
678
1136
170
540
1083
145
710
1497
184
527
1373
101
680
1140
133
519
1037
176
585
1409
140
658
1172
129
586
1032
103
567
1092
163
511
1331
103
700
1374
120
549
1336
136
728
1448
122
537
1373
195
542
1032
159
609
1048
103
632
1005
187
626
1052
174
784
1430
108
579
1381
175
569
1017
142
712
1417
161
800
1297
141
790
1297
158
552
1399
117
517
1360
128
750
1451
148
755
1313
174
630
1197
124
650
1246
131
793
1100
171
720
1109
177
616
1025
115
637
1390
136
514
1499
156
713
1133
111
741
1480
100
747
1382
105
663
1072
189
742
1172
127
791
1037
169
521
1395
156
664
1120
114
549
1171
197
533
1132
142
624
1316
197
726
1216
146
781
1285
168
506
1323
155
597
1089
195
778
1026
140
635
1275
186
634
1281
109
607
1035
105
799
1240
112
510
1208
137
730
1250
159
772
1109
195
625
1421
128
501
1273
143
610
1439
181
587
1482
167
617
1124
185
579
1113
165
741
1141
119
680
1105
149
524
1331
193
535
1150
109
630
1031
147
691
1244
156
659
1218
122
531
1368
182
772
1212
172
773
1305
193
595
1371
174
663
1381
173
586
1464
115
594
1373
182
698
1121
150
638
1383
189
612
1075
199
699
1298
126
636
1193
118
639
1335
111
760
1335
111
781
1368
109
532
1380
178
562
1121
185
553
1099
114
581
1449
197
598
1259
165
527
1052
104
735
1451
136
556
1315
177
630
1048
185
765
1395
101
516
1497
154
578
1095
147
765
1452
120
795
1463
121
504
1013
169
777
1130
187
579
1315
141
702
1345
140
765
1045
119
542
1239
162
766
1070
117
537
1441
151
800
1378
143
798
1159
106
624
1460
156
620
1097
189
649
1445
148
599
1359
190
768
1065
169
753
1198
134
509
1393
112
565
1479
143
538
1007
175
775
1078
167
504
1264
141
639
1045
159
631
1010
193
722
1364
130
718
1482
104
516
1348
144
726
1463
185
647
1319
167
660
1448
137
685
1452
197
714
1422
183
709
1393
139
721
1350
170
676
1269
136
701
1312
134
758
1490
109
786
1021
106
532
1449
120
548
1353
125
795
1254
107
779
1148
124
624
1254
105
523
1081
109
594
1394
103
562
1399
137
633
1019
108
595
1014
131
737
1389
176
640
1380
147
534
1289
186
718
1068
176
638
1331
148
529
1269
186
590
1249
112
766
1213
165
645
1429
166
715
1394
163
578
1341
122
635
1076
158
716
1467
141
707
1163
113
628
1479
176
768
1080
158
682
1206
103
594
1468
155
653
1071
111
743
1358
150
630
1053
199
660
1475
158
672
1454
112
737
1403
145
647
1105
175
709
1394
139
752
1042
116
768
1297
116
585
1028
109
776
1089
165
552
1137
113
514
1369
127
632
1268
180
680
1227
118
656
1470
175
599
1017
161
628
1430
136
793
1394
129
557
1245
110
609
1297
137
705
1438
143
700
1075
121
521
1040
185
742
1184
117
597
1466
142
716
1200
143
525
1404
152
686
1371
134
707
1343
190
520
1196
148
611
1363
109
737
1254
189
722
1007
182
666
1488
163
521
1345
144
538
1122
111
695
1077
132
710
1157
156
719
1249
130
583
1003
106
542
1259
198
555
1305
180
789
1379
153
663
1260
113
527
1453
164
612
1497
164
688
1183
138
549
1437
173
622
1320
188
524
1246
101
558
1472
161
553
1384
194
733
1033
145
602
1240
114
646
1234
103
576
1253
183
791
1253
128
738
1040
198
629
1102
148
518
1162
145
791
1358
119
677
1273
172
689
1234
170
581
1459
159
790
1278
159
554
1294
171
559
1149
171
741
1415
195
524
1048
100
794
1349
124
734
1141
123
569
1243
177
655
1209
161
684
1101
149
518
1462
114
799
1498
114
669
1159
118
799
1084
192
799
1449
180
652
1219
130
520
1010
170
719
1236
173
534
1117
114
546
1221
124
716
1171
170
665
1331
153
750
1281
158
575
1198
164
569
1424
157
688
1388
177
715
1413
138
699
1184
138
718
1353
153
776
1469
148
759
1362
144
664
1200
113
761
1346
133
520
1150
171
589
1259
138
582
1138
149
732
1230
190
625
1229
106
527
1266
195
622
1478
145
722
1479
126
523
1447
128
791
1276
136
609
1245
110
578
1381
117
715
1055
170
537
1497
112
658
1236
167
766
1237
132
661
1135
147
536
1470
120
521
1061
146
552
1480
101
613
1213
176
535
1082
106
686
1011
101
532
1086
193
522
1405
181
523
1333
148
646
1087
116
608
1312
146
742
1230
174
523
1385
195
776
1230
146
511
1120
193
726
1291
106
667
1051
190
789
1087
132
515
1210
171
619
1002
172
639
1251
154
774
1472
121
776
1037
199
741
1358
187
503
1270
104
694
1430
178
711
1259
176
556
1014
110
529
1365
194
607
1321
118
748
1223
193
610
1395
149
691
1267
146
647
1398
103
712
1241
185
643
1037
198
502
1222
179
788
1500
196
641
1387
111
791
1335
185
688
1112
190
596
1096
170
599
1311
176
701
1136
105
716
1419
148
764
1309
162
533
1461
128
637
1360
116
729
1225
193
653
1177
130
545
1094
177
651
1442
197
588
1299
139
693
1298
147
516
1077
185
621
1350
142
749
1100
175
720
1185
196
760
1483
189
565
1133
128
568
1093
190
758
1450
190
535
1121
198
770
1395
189
518
1411
160
689
1365
153
586
1104
115
647
1305
149
792
1329
101
506
1064
105
720
1478
175
514
1016
190
703
1496
168
512
1115
172
558
1176
163
698
1240
174
723
1258
113
608
1284
120
712
1045
190
696
1345
164
713
1489
127
748
1349
114
511
1342
175
597
1392
114
565
1477
143
514
1426
156
718
1107
195
762
1174
119
723
1412
150
528
1290
141
691
1213
146
710
1413
196
657
1023
131
660
1159
149
723
1109
184
615
1125
185
650
1414
104
790
1387
193
641
1422
176
774
1226
183
721
1284
140
613
1190
112
618
1297
106
577
1219
148
576
1004
176
600
1320
135
645
1332
136
528
1432
199
540
1185
192
672
1479
107
760
1265
165
692
1071
129
642
1333
124
774
1008
153
640
1354
200
743
1051
153
596
1355
118
664
1384
178
683
1036
167
696
1373
175
550
1410
162
523
1480
140
644
1428
198
555
1066
123
522
1116
101
665
1092
193
649
1396
176
712
1199
169
510
1270
124
593
1057
154
544
1366
180
644
1305
143
775
1459
166
533
1265
140
737
1057
155
549
1184
127
673
1111
144
708
1386
117
584
1066
124
761
1167
149
706
1437
160
717
1094
136
656
1381
160
642
1370
125
534
1053
101
556
1251
126
710
1246
117
597
1436
188
715
1141
152
744
1136
195
771
1223
146
749
1033
153
796
1336
144
507
1389
110
710
1215
120
556
1175
101
745
1158
188
699
1469
162
542
1168
178
754
1305
121
729
1484
134
628
1393
127
609
1259
105
532
1413
101
523
1153
148
628
1321
196
523
1237
179
594
1418
132
607
1136
176
528
1079
112
766
1070
145
709
1461
151
650
1199
187
661
1046
160
644
1081
160
656
1230
143
772
1228
108
555
1119
176
679
1005
153
526
1394
163
782
1167
118
568
1081
166
604
1479
190
583
1095
173
703
1348
155
767
1208
142
544
1316
195
568
1080
149
711
1258
126
536
1010
194
522
1192
172
701
1252
154
595
1496
135
544
1303
195
687
1141
181
704
1251
133
541
1233
188
693
1307
172
632
1252
156
585
1476
155
736
1354
159
518
1191
132
619
1170
132
698
1036
116
643
1198
108
737
1495
116
569
1429
189
596
1025
134
646
1157
101
736
1085
196
673
1257
197
677
1099
128
617
1454
158
789
1450
175
705
1374
141
740
1279
117
670
1422
181
702
1392
191
756
1063
146
572
1397
142
613
1007
106
702
1271
188
583
1109
139
646
1331
166
675
1365
162
589
1401
135
704
1367
173
679
1474
189
549
1042
160
754
1404
133
776
1112
174
768
1370
142
751
1342
106
690
1208
138
603
1277
154
634
1445
169
560
1038
106
794
1282
106
697
1037
125
575
1261
131
660
1015
155
515
1168
134
774
1085
175
680
1320
186
650
1381
151
505
1183
163
646
1367
145
573
1306
108
622
1271
161
765
1057
104
543
1380
199
797
1155
138
642
1049
195
556
1445
112
661
1342
150
507
1165
104
690
1465
107
648
1487
114
561
1270
188
629
1259
193
678
1303
147
664
1182
143
631
1448
174
756
1491
135
565
1307
152
635
1056
140
701
1433
199
616
1169
131
573
1453
162
610
1423
111
724
1039
104
532
1118
155
647
1120
169
773
1099
172
673
1442
183
676
1136
123
617
1195
113
558
1380
192
766
1171
126
587
1380
168
605
1460
191
779
1052
119
579
1244
170
624
1200
145
800
1199
114
600
1276
152
747
1031
128
590
1255
189
769
1245
127
604
1160
195
585
1095
118
520
1371
195
697
1250
198
796
1173
193
599
1178
130
523
1381
128
733
1089
174
657
1284
134
606
1243
154
714
1142
141
685
1257
102
690
1232
139
535
1472
164
567
1071
142
640
1018
187
792
1195
186
605
1076
119
568
1372
149
543
1092
158
795
1299
128
724
1074
165
717
1442
170
567
1369
129
751
1336
127
765
1418
125
786
1030
198
785
1375
126
519
1175
166
638
1090
108
751
1444
100
766
1074
130
741
1106
114
655
1075
195
799
1143
197
517
1040
125
772
1091
164
797
1438
152
669
1402
167
792
1204
115
672
1163
155
616
1349
172
760
1100
162
730
1162
191
606
1066
183
773
1216
134
762
1140
150
656
1014
128
554
1192
133
746
1029
169
593
1076
116
767
1212
169
722
1241
149
780
1082
143
629
1448
156
758
1095
136
752
1383
140
501
1194
133
782
1156
126
740
1298
102
683
1023
169
773
1443
155
584
1171
174
511
1144
151
799
1038
103
543
1269
110
730
1447
170
521
1139
193
741
1313
114
612
1457
163
600
1426
154
634
1070
190
712
1008
189
518
1266
158
634
1265
200
721
1122
150
701
1460
115
711
1020
173
795
1247
182
602
1132
133
634
1190
190
696
1268
158
750
1152
196
665
1439
147
699
1141
179
615
1447
161
727
1410
126
505
1498
163
693
1013
158
572
1004
136
529
1389
179
518
1496
142
631
1051
191
764
1108
173
698
1326
150
688
1026
110
740
1192
185
749
1032
117
776
1463
120
695
1200
176
608
1343
141
768
1372
108
755
1368
106
651
1262
182
527
1350
121
591
1177
164
510
1278
103
537
1290
164
545
1461
126
731
1174
147
771
1025
140
572
1490
111
647
1382
161
553
1375
131
728
1081
189
646
1334
141
753
1192
145
547
1275
187
514
1288
116
548
1490
177
604
1282
193
778
1391
123
745
1398
104
631
1017
147
571
1201
190
704
1090
120
534
1140
118
797
1277
103
643
1388
178
788
1300
109
535
1127
144
729
1299
126
521
1307
159
530
1400
146
711
1424
198
557
1252
159
650
1109
126
593
1176
131
699
1037
148
551
1379
171
602
1188
119
702
1173
154
786
1250
182
522
1147
105
615
1000
177
502
1095
145
728
1367
107
618
1022
143
718
1259
132
794
1088
162
516
1286
170
787
1337
171
734
1138
177
765
1113
141
781
1039
135
508
1243
173
677
1055
176
614
1394
125
756
1250
151
688
1090
163
532
1345
194
714
1359
194
727
1338
161
580
1346
127
530
1400
167
644
1423
150
604
1263
136
658
1458
128
652
1335
150
663
1142
193
566
1008
168
684
1119
107
513
1149
112
589
1225
132
531
1401
137
724
1198
196
726
1225
178
666
1304
171
504
1412
186
711
1211
151
662
1229
150
554
1194
161
709
1190
197
521
1270
100
631
1112
172
513
1120
149
529
1405
196
538
1044
107
749
1333
171
741
1347
156
533
1017
190
744
1230
174
588
1401
191
620
1445
145
760
1306
192
525
1169
150
535
1472
178
749
1167
190
628
1337
151
665
1130
115
529
1125
111
570
1224
192
596
1015
197
764
1421
193
766
1283
124
506
1485
137
670
1285
101
577
1354
174
699
1141
144
792
1186
167
637
1434
132
560
1014
181
792
1043
105
749
1427
144
710
1278
147
742
1089
173
727
1445
175
542
1382
156
679
1471
121
554
1115
165
577
1468
197
588
1475
159
508
1156
142
546
1134
153
739
1378
102
575
1381
176
594
1458
144
628
1430
151
784
1364
101
650
1331
167
721
1288
103
770
1116
188
614
1132
126
627
1433
185
752
1435
128
652
1468
130
609
1396
196
627
1281
115
762
1120
174
662
1157
145
601
1441
130
655
1394
163
571
1464
148
544
1416
160
680
1158
162
659
1361
118
592
1369
164
547
1164
196
611
1086
178
797
1237
174
728
1138
128
543
1417
119
668
1018
162
547
1329
174
605
1138
173
783
1328
116
774
1498
119
748
1462
177
748
1480
132
601
1066
116
534
1195
126
563
1488
161
664
1269
104
569
1446
119
562
1317
150
683
1325
177
581
1031
191
660
1015
171
693
1059
114
786
1225
103
629
1363
107
638
1484
168
594
1440
174
636
1021
139
799
1254
178
746
1214
151
679
1296
173
603
1426
129
777
1097
116
762
1393
106
703
1238
133
678
1381
164
609
1099
117
773
1142
190
554
1238
165
779
1344
130
616
1282
190
540
1430
131
539
1447
115
590
1479
157
704
1182
157
649
1220
102
522
1373
145
782
1478
155
674
1115
135
612
1178
119
674
1100
141
744
1090
166
752
1287
134
756
1348
188
505
1274
170
662
1404
174
549
1166
168
527
1041
178
699
1194
193
753
1448
145
610
1073
136
722
1349
105
749
1419
129
655
1456
150
719
1406
118
730
1321
110
556
1401
139
534
1326
192
777
1055
144
701
1165
176
612
1141
130
716
1048
183
747
1093
107
633
1303
186
782
1042
129
697
1039
157
674
1211
144
513
1013
108
682
1356
192
595
1257
113
727
1079
134
649
1086
107
619
1229
183
517
1201
136
710
1334
154
721
1148
183
548
1305
156
663
1355
137
513
1189
179
577
1260
117
725
1472
141
744
1109
134
647
1244
164
707
1132
116
624
1173
161
578
1268
193
591
1409
148
761
1309
143
663
1165
172
717
1299
151
531
1382
136
622
1377
131
535
1316
132
643
1019
188
555
1420
102
539
1108
110
532
1470
137
584
1094
149
733
1084
140
515
1399
185
522
1483
169
668
1345
122
611
1499
134
669
1050
123
626
1357
159
670
1416
142
775
1448
141
575
1038
115
534
1376
155
643
1010
183
602
1214
153
706
1489
140
547
1479
141
663
1406
183
671
1167
177
530
1034
160
643
1287
124
765
1429
165
770
1124
134
696
1364
141
739
1167
120
671
1360
198
710
1411
127
707
1360
103
623
1362
172
560
1116
158
581
1415
135
788
1238
101
718
1199
118
750
1048
132
544
1166
169
504
1015
114
698
1095
135
736
1230
194
690
1355
183
597
1362
151
597
1036
123
787
1016
102
759
1313
180
740
1079
141
541
1093
155
614
1439
200
609
1072
139
661
1329
191
698
1167
105
657
1112
114
674
1451
138
540
1330
197
711
1197
121
532
1391
184
678
1277
142
669
1037
117
709
1285
156
588
1311
169
629
1398
155
621
1157
110
567
1191
132
511
1415
162
560
1286
103
639
1046
134
619
1395
129
549
1348
165
780
1031
144
516
1222
164
666
1127
145
570
1144
105
675
1404
122
713
1375
122
690
1086
185
703
1030
155
627
1005
104
578
1339
102
635
1355
175
710
1109
116
603
1224
103
536
1350
136
501
1453
130
561
1180
134
785
1295
121
766
1352
120
791
1064
107
786
1068
140
688
1401
114
651
1079
192
756
1499
191
546
1251
196
513
1167
123
527
1029
174
675
1381
176
624
1153
151
770
1017
128
727
1203
167
612
1292
116
538
1085
165
692
1114
179
706
1123
169
626
1461
154
796
1199
188
715
1208
153
667
1358
195
523
1156
171
743
1465
188
767
1303
101
723
1135
142
558
1161
126
653
1329
147
593
1048
163
686
1201
196
743
1245
158
569
1043
145
520
1467
102
755
1328
148
671
1037
106
518
1355
116
754
1180
128
771
1416
166
798
1480
152
513
1115
132
619
1360
111
610
1280
169
623
1011
192
535
1376
173
526
1200
182
625
1361
175
738
1439
131
511
1126
125
751
1276
114
744
1412
148
772
1340
183
509
1288
166
771
1272
190
554
1057
108
722
1424
148
632
1150
177
604
1411
110
700
1080
117
596
1284
171
624
1237
111
592
1431
175
563
1397
165
771
1474
190
758
1469
190
769
1112
184
734
1014
180
709
1075
121
645
1262
161
703
1226
112
690
1419
154
531
1468
101
631
1353
151
669
1070
113
504
1040
130
665
1231
159
637
1277
123
762
1205
131
547
1031
194
526
1043
157
543
1270
177
719
1346
101
792
1493
139
542
1007
121
797
1462
151
544
1091
196
619
1012
149
757
1274
194
669
1127
138
657
1408
153
583
1139
140
758
1190
119
663
1389
182
552
1126
156
578
1069
128
615
1039
150
686
1496
126
687
1161
153
570
1166
140
719
1417
196
736
1368
168
746
1089
168
709
1257
101
597
1418
196
760
1041
133
791
1431
197
693
1181
184
652
1260
153
703
1325
168
571
1093
199
676
1270
108
705
1430
117
695
1409
107
518
1356
101
657
1274
157
522
1062
109
771
1162
102
666
1352
128
536
1309
139
796
1043
193
544
1067
121
552
1376
200
525
1355
129
527
1436
159
560
1186
190
686
1266
110
784
1160
146
633
1465
129
670
1356
144
688
1107
108
641
1211
108
730
1420
139
760
1039
120
514
1168
134
555
1497
142
631
1292
163
639
1080
193
518
1453
193
560
1411
138
766
1271
189
695
1365
135
510
1244
184
557
1138
129
689
1451
118
663
1080
102
725
1261
120
690
1312
122
505
1480
197
554
1382
142
737
1307
191
533
1135
104
681
1349
175
616
1491
158
646
1464
111
780
1080
164
527
1408
155
785
1343
106
733
1264
184
744
1414
104
650
1219
149
537
1470
159
640
1054
175
524
1134
103
790
1174
200
757
1133
143
508
1105
161
650
1350
196
778
1372
107
734
1419
118
561
1183
132
562
1378
145
673
1437
113
679
1106
108
566
1218
192
789
1156
117
545
1291
140
606
1255
105
611
1084
141
653
1393
138
752
1171
107
741
1490
120
503
1224
110
757
1151
132
789
1314
160
559
1438
169
596
1279
150
627
1213
184
569
1342
148
564
1451
120
542
1404
106
786
1427
140
705
1330
129
787
1295
199
614
1440
110
534
1244
127
594
1014
113
625
1459
183
655
1242
166
647
1468
118
703
1223
167
559
1149
176
718
1111
173
517
1234
131
578
1318
117
691
1295
134
562
1363
142
516
1270
157
786
1341
105
545
1288
162
636
1486
185
765
1070
126
719
1315
131
664
1238
149
607
1211
104
553
1053
126
758
1428
157
674
1229
137
567
1319
116
523
1328
129
700
1157
197
551
1301
143
688
1452
187
734
1345
191
776
1011
198
716
1215
151
735
1013
113
556
1346
142
642
1060
134
716
1470
178
766
1079
189
622
1121
195
791
1194
130
788
1167
131
709
1263
106
641
1338
133
534
1482
197
780
1057
128
528
1244
196
746
1435
174
680
1219
187
688
1045
180
698
1140
124
729
1164
100
764
1381
173
694
1355
122
704
1050
183
669
1358
144
728
1319
106
625
1366
101
556
1101
117
521
1057
113
613
1370
164
576
1467
123
757
1378
178
726
1039
166
591
1352
183
631
1053
178
560
1211
118
516
1280
189
729
1498
139
527
1031
148
794
1018
168
551
1190
110
723
1148
106
556
1332
152
619
1459
105
705
1453
110
659
1238
170
503
1018
193
503
1142
113
542
1220
171
592
1030
125
523
1499
190
688
1450
158
685
1008
176
694
1090
180
757
1003
126
659
1376
103
725
1265
121
560
1103
106
749
1318
188
574
1142
170
570
1290
103
550
1274
103
663
1280
149
697
1071
164
691
1115
149
577
1421
133
656
1047
161
679
1062
169
759
1159
100
677
1091
169
727
1102
172
675
1087
181
576
1313
169
717
1364
183
607
1295
159
700
1260
155
676
1104
194
647
1135
122
654
1344
127
517
1222
123
715
1406
121
698
1094
119
723
1495
109
603
1491
150
707
1057
166
531
1364
135
579
1226
122
530
1464
120
571
1411
136
546
1042
116
735
1004
138
615
1211
153
509
1342
128
646
1419
126
633
1131
172
699
1492
116
785
1406
186
586
1374
118
727
1030
119
620
1101
177
679
1089
156
525
1336
199
685
1245
125
720
1071
121
510
1135
139
766
1145
181
763
1356
159
679
1192
174
603
1450
196
688
1229
171
534
1392
161
577
1383
136
504
1037
167
643
1268
101
518
1163
110
556
1081
134
744
1490
133
578
1245
110
732
1182
116
575
1340
153
701
1362
138
668
1099
189
544
1184
125
798
1344
162
576
1061
200
617
1137
150
764
1192
195
719
1496
153
772
1485
190
695
1020
173
717
1196
184
794
1435
177
584
1317
152
768
1105
116
627
1394
198
706
1104
173
638
1285
135
609
1153
177
621
1120
135
585
1389
121
769
1495
114
533
1016
152
711
1178
120
537
1295
164
674
1273
104
743
1077
194
601
1411
132
746
1448
177
677
1473
183
723
1338
103
570
1406
134
766
1000
117
505
1096
180
558
1062
111
667
1189
161
661
1427
193
568
1085
182
705
1256
128
792
1285
126
599
1129
131
716
1454
168
678
1438
145
574
1136
180
592
1212
103
520
1184
111
733
1394
132
599
1143
184
654
1261
143
778
1333
169
530
1244
153
682
1137
186
776
1195
193
764
1100
194
782
1447
146
706
1481
155
546
1405
157
528
1418
159
575
1116
153
725
1024
130
640
1020
180
624
1133
108
599
1215
188
661
1133
184
598
1420
120
763
1483
136
677
1467
122
576
1306
172
667
1218
149
507
1129
114
634
1061
126
583
1371
137
556
1104
124
588
1074
190
589
1372
127
583
1050
191
784
1056
107
617
1264
198
679
1175
156
745
1292
109
751
1334
126
677
1287
156
794
1442
152
779
1154
192
617
1312
184
708
1309
108
790
1076
193
709
1435
109
778
1152
128
513
1052
142
794
1154
192
679
1151
169
626
1028
122
654
1326
112
733
1372
134
553
1488
160
664
1199
156
502
1382
128
538
1080
168
663
1395
194
752
1064
168
684
1462
146
676
1097
114
796
1358
149
715
1110
177
644
1144
148
677
1303
104
739
1039
156
586
1299
112
668
1054
146
725
1267
150
637
1223
109
558
1298
160
571
1211
197
581
1442
148
601
1433
163
533
1290
195
642
1111
141
544
1166
118
732
1059
180
649
1271
122
740
1399
181
531
1143
128
526
1242
131
727
1012
132
655
1301
133
580
1418
176
749
1062
120
522
1099
101
754
1473
188
761
1430
193
657
1173
192
513
1103
145
693
1157
150
580
1003
118
738
1332
190
526
1439
182
506
1296
164
777
1376
154
505
1401
106
590
1362
183
595
1049
165
776
1377
139
654
1436
155
612
1285
166
502
1463
135
779
1069
133
570
1339
125
557
1008
137
534
1087
169
647
1212
186
659
1470
156
668
1250
141
585
1442
125
517
1142
193
788
1154
152
766
1114
133
702
1042
167
545
1325
133
564
1287
169
761
1062
147
686
1292
175
577
1389
113
661
1006
114
757
1070
111
654
1491
137
648
1233
117
734
1432
132
650
1436
114
626
1487
158
773
1005
127
776
1378
163
649
1112
148
772
1402
164
618
1406
137
700
1300
108
688
1107
100
730
1005
108
735
1005
130
538
1367
184
761
1318
138
689
1193
184
762
1192
150
630
1438
119
575
1042
135
547
1069
126
607
1496
127
589
1049
184
530
1305
183
604
1169
128
595
1410
198
769
1444
171
676
1341
113
722
1480
185
720
1188
193
577
1199
114
682
1102
161
788
1446
135
663
1171
101
535
1058
153
716
1446
179
630
1245
144
580
1415
188
698
1417
138
797
1230
144
655
1089
191
765
1182
144
793
1408
148
763
1300
143
512
1082
159
606
1143
122
732
1235
170
605
1427
155
671
1206
147
698
1401
154
696
1431
179
579
1181
198
788
1400
133
539
1131
103
502
1167
141
798
1470
136
612
1077
132
734
1023
161
579
1127
184
585
1223
185
649
1356
152
772
1116
196
701
1159
128
559
1085
191
566
1129
116
563
1410
112
560
1006
150
510
1454
127
785
1004
129
699
1008
160
714
1056
140
653
1490
165
542
1487
145
688
1108
164
730
1471
112
587
1272
186
697
1391
176
732
1190
147
621
1181
179
595
1290
145
796
1340
171
687
1453
133
508
1128
184
738
1371
112
662
1132
149
649
1385
175
792
1361
118
596
1125
118
768
1219
119
677
1154
108
747
1229
143
506
1334
151
757
1167
114
750
1254
167
688
1388
125
670
1246
191
695
1298
104
758
1443
135
647
1251
160
518
1236
137
558
1489
115
590
1108
150
596
1207
171
511
1374
155
551
1348
197
623
1261
129
722
1224
117
713
1192
197
784
1200
195
660
1104
104
548
1481
170
520
1433
149
685
1222
153
644
1434
154
640
1137
128
692
1346
135
674
1478
157
567
1435
149
698
1047
108
797
1171
106
545
1498
194
510
1123
110
548
1021
179
654
1396
118
683
1043
181
730
1486
151
508
1377
107
578
1495
139
678
1047
175
787
1163
110
733
1433
135
686
1284
186
538
1378
134
555
1123
162
719
1048
171
695
1120
107
766
1216
188
730
1481
104
633
1118
195
599
1396
199
525
1250
158
719
1006
124
550
1415
127
723
1304
168
634
1412
107
651
1421
198
663
1468
133
615
1275
134
577
1430
149
511
1445
193
507
1336
120
695
1321
187
635
1466
195
607
1273
148
765
1463
147
572
1019
163
657
1171
150
733
1421
129
713
1255
148
505
1243
119
700
1270
196
706
1324
129
637
1299
135
526
1263
175
687
1137
149
563
1404
109
761
1069
143
595
1482
191
702
1479
138
764
1044
124
519
1329
194
508
1171
193
572
1330
129
664
1028
109
658
1100
169
535
1087
110
605
1300
185
504
1342
164
634
1362
114
598
1193
132
570
1139
141
776
1453
189
598
1300
164
590
1373
169
554
1193
181
638
1195
121
610
1023
132
631
1097
114
599
1022
193
647
1225
175
706
1028
184
648
1451
144
707
1441
134
640
1193
144
532
1469
186
797
1258
121
527
1190
103
581
1063
109
785
1239
166
685
1157
110
666
1486
101
566
1458
131
733
1104
158
765
1366
154
767
1173
159
513
1269
133
779
1457
113
764
1038
178
524
1061
174
556
1024
120
645
1366
140
778
1432
111
630
1034
121
737
1479
191
621
1178
153
662
1271
128
581
1207
161
653
1275
178
798
1167
176
530
1388
107
637
1168
150
567
1449
193
513
1117
134
741
1038
163
758
1251
199
665
1473
134
646
1496
153
564
1135
129
753
1015
120
549
1133
115
620
1237
194
659
1323
180
644
1345
125
511
1038
164
610
1028
112
775
1259
112
793
1023
145
581
1099
179
774
1123
163
755
1106
176
526
1135
197
515
1305
159
620
1382
172
780
1446
113
668
1331
166
607
1282
179
609
1117
140
656
1168
159
622
1111
130
542
1351
126
570
1322
145
520
1328
108
574
1039
135
591
1376
172
632
1480
167
737
1058
167
603
1108
137
598
1375
165
686
1381
131
639
1158
189
783
1247
148
600
1284
167
691
1107
131
686
1241
145
501
1279
114
554
1432
156
726
1316
143
517
1280
137
736
1175
151
501
1181
191
545
1234
174
709
1006
132
593
1387
189
768
1277
126
560
1110
164
566
1150
117
588
1300
128
526
1496
106
604
1427
197
648
1234
137
666
1154
110
738
1184
173
718
1006
175
733
1329
153
701
1460
177
728
1032
112
597
1286
114
743
1308
149
609
1259
160
703
1383
180
628
1289
185
795
1388
173
764
1167
189
652
1308
135
790
1421
167
523
1136
185
525
1109
151
523
1240
142
782
1306
164
551
1010
113
519
1435
168
536
1091
181
669
1493
155
740
1350
108
567
1342
165
522
1494
139
637
1409
190
772
1371
156
737
1331
144
709
1182
111
515
1415
195
613
1365
139
717
1393
191
566
1421
164
591
1350
197
649
1210
168
633
1415
122
752
1212
185
643
1355
114
673
1229
173
606
1143
190
740
1349
137
600
1163
179
642
1413
132
572
1207
138
733
1239
138
761
1384
128
781
1393
185
668
1067
121
614
1458
143
502
1040
192
517
1446
134
567
1481
157
784
1329
160
664
1372
146
545
1410
154
798
1423
155
670
1497
197
557
1180
163
629
1187
173
605
1417
135
683
1412
101
769
1147
118
572
1180
105
588
1078
138
797
1411
115
600
1457
149
589
1247
138
626
1294
116
735
1217
186
536
1183
190
639
1427
148
777
1325
152
765
1005
180
608
1194
191
787
1474
130
622
1044
182
615
1366
150
774
1260
135
682
1055
134
559
1035
127
736
1211
103
758
1294
173
627
1344
115
785
1111
180
716
1253
137
536
1073
125
629
1249
151
737
1257
187
732
1052
143
590
1225
178
638
1191
183
526
1333
101
526
1109
124
685
1190
104
794
1256
145
523
1049
174
744
1313
168
611
1320
106
562
1146
191
640
1374
110
567
1170
167
622
1051
185
767
1102
177
736
1419
165
619
1221
167
618
1317
151
565
1201
102
559
1314
169
609
1282
182
698
1321
112
687
1499
177
631
1030
175
577
1012
199
663
1233
196
539
1436
196
573
1128
193
682
1299
109
629
1203
178
618
1480
196
584
1442
166
592
1141
107
767
1259
199
674
1063
103
547
1200
134
789
1404
189
631
1214
118
740
1411
189
633
1419
105
556
1431
187
632
1333
155
800
1342
150
722
1459
185
687
1015
149
512
1186
133
665
1492
173
606
1220
192
795
1113
140
725
1072
102
513
1179
157
501
1125
148
695
1123
133
691
1205
152
706
1423
163
612
1054
199
603
1308
111
718
1416
137
673
1105
100
668
1383
135
533
1403
134
717
1289
135
737
1207
110
554
1133
118
674
1236
135
790
1418
157
636
1412
119
727
1219
190
577
1370
131
713
1111
168
505
1188
136
510
1180
153
661
1202
192
615
1467
116
564
1124
169
647
1420
155
711
1362
101
742
1009
166
782
1040
181
527
1131
177
686
1038
126
520
1196
134
512
1327
131
775
1055
102
708
1291
128
633
1139
139
541
1231
106
552
1189
184
682
1316
128
643
1467
132
757
1126
135
569
1275
189
746
1266
102
637
1094
138
727
1236
185
695
1097
125
537
1207
153
762
1478
140
616
1246
161
655
1052
106
653
1233
172
771
1238
102
700
1267
158
775
1232
190
567
1293
153
686
1184
173
542
1174
116
614
1465
156
580
1069
176
546
1043
171
624
1245
130
697
1008
131
665
1398
169
782
1240
144
751
1422
157
510
1363
125
780
1464
115
773
1181
146
661
1222
149
728
1146
194
732
1130
198
769
1418
182
630
1043
122
707
1326
104
597
1189
188
693
1364
149
737
1001
104
780
1000
158
705
1293
182
721
1067
181
708
1103
190
524
1064
161
792
1001
173
778
1164
103
574
1482
114
696
1491
194
571
1249
108
670
1335
141
756
1260
124
601
1264
104
508
1484
131
689
1025
195
513
1132
199
638
1383
196
567
1050
173
616
1365
181
594
1101
136
722
1310
153
504
1112
124
587
1208
137
685
1099
131
600
1402
139
720
1302
188
699
1363
176
573
1197
153
793
1440
161
570
1134
116
570
1255
183
724
1080
108
690
1074
103
791
1449
136
651
1422
167
565
1473
185
717
1302
171
586
1111
176
553
1463
126
702
1098
135
525
1363
102
552
1208
122
623
1024
106
663
1008
180
785
1163
154
689
1198
100
615
1206
114
623
1183
175
705
1144
159
728
1419
105
591
1249
116
799
1318
172
543
1066
186
515
1320
153
758
1038
130
673
1256
128
595
1244
117
745
1424
114
638
1214
111
779
1216
164
562
1466
103
637
1174
148
619
1188
160
531
1220
146
685
1089
135
762
1403
132
712
1281
188
522
1420
110
665
1152
186
644
1478
171
521
1414
151
615
1167
168
790
1441
109
621
1472
145
560
1319
114
642
1335
138
596
1487
124
557
1117
101
632
1336
141
683
1125
104
724
1125
137
706
1455
190
508
1497
190
789
1407
152
722
1065
161
603
1205
194
676
1109
190
752
1241
115
706
1418
168
770
1243
183
684
1288
187
639
1389
127
588
1164
132
642
1381
105
791
1111
116
725
1263
191
718
1014
195
644
1199
113
755
1213
145
771
1290
102
765
1342
104
764
1279
150
740
1026
154
613
1282
183
740
1346
103
614
1322
104
680
1459
180
726
1066
141
525
1177
195
536
1037
110
536
1439
111
799
1393
115
692
1418
173
719
1192
163
788
1092
200
548
1095
181
643
1035
110
670
1337
166
582
1106
102
512
1094
181
705
1234
104
641
1478
197
548
1034
102
677
1475
171
629
1239
178
646
1329
192
615
1146
132
630
1025
104
698
1158
170
554
1301
154
739
1074
194
579
1118
136
592
1096
108
767
1129
131
511
1362
163
695
1229
123
670
1066
145
503
1136
187
648
1287
145
688
1025
103
566
1180
175
573
1293
145
618
1387
107
770
1188
155
534
1411
179
800
1317
107
685
1431
177
788
1243
139
513
1316
135
764
1474
145
728
1379
190
770
1128
116
626
1401
148
786
1363
138
758
1129
104
624
1322
199
796
1115
166
799
1197
178
620
1422
146
774
1024
180
664
1038
101
672
1022
136
524
1423
101
583
1426
175
608
1167
166
545
1216
147
518
1169
167
595
1070
194
797
1177
128
669
1433
185
560
1481
131
627
1328
152
661
1162
126
723
1340
159
798
1382
153
725
1355
103
579
1317
184
509
1091
167
731
1314
151
728
1132
167
792
1351
109
501
1406
176
614
1372
132
529
1481
115
666
1376
103
603
1495
102
605
1437
177
621
1043
114
688
1294
174
729
1367
192
594
1419
177
552
1399
173
601
1125
158
607
1258
196
576
1415
190
602
1407
199
795
1058
110
600
1422
199
680
1106
124
507
1284
133
564
1281
197
543
1099
181
634
1012
176
656
1193
181
720
1095
131
541
1382
131
655
1382
179
716
1218
128
775
1231
114
665
1468
176
611
1397
157
695
1394
110
640
1326
107
635
1409
178
502
1073
192
554
1210
118
533
1353
104
707
1162
180
651
1460
191
601
1318
162
561
1331
144
635
1063
105
585
1443
163
628
1020
110
686
1366
180
588
1071
185
696
1247
156
757
1157
183
609
1472
172
548
1098
102
691
1038
130
608
1389
138
509
1218
140
703
1424
159
597
1350
159
585
1381
123
771
1152
118
761
1103
108
771
1491
144
687
1408
109
749
1102
157
528
1300
186
737
1411
103
728
1489
184
538
1076
183
547
1417
159
734
1175
118
723
1331
178
587
1255
135
603
1021
178
553
1127
161
685
1124
151
570
1496
104
721
1094
171
702
1405
155
707
1126
134
589
1390
144
501
1061
193
670
1212
111
551
1046
160
572
1215
167
596
1499
111
796
1128
107
740
1114
110
761
1221
116
717
1099
165
594
1255
131
691
1465
132
759
1230
134
565
1317
179
749
1227
126
530
1290
186
753
1198
102
795
1349
156
680
1213
152
598
1032
196
542
1123
156
549
1121
198
613
1181
112
616
1041
154
777
1474
194
503
1136
171
599
1463
174
596
1161
196
632
1493
156
696
1021
120
773
1403
127
699
1455
197
726
1141
152
505
1242
163
505
1118
200
658
1217
184
570
1330
164
723
1181
162
521
1399
196
552
1254
179
670
1357
161
528
1000
186
795
1480
190
796
1473
118
727
1085
113
574
1101
156
761
1448
173
745
1245
136
795
1271
167
796
1378
161
596
1102
161
525
1154
158
738
1444
188
642
1492
162
630
1138
118
524
1454
116
744
1117
179
703
1341
103
692
1193
140
522
1349
122
519
1210
197
598
1390
174
690
1196
173
569
1234
114
576
1290
159
608
1282
147
563
1483
176
764
1124
133
529
1283
114
622
1475
166
684
1419
152
652
1027
100
683
1210
157
780
1399
182
626
1111
145
713
1385
185
564
1007
117
720
1049
155
683
1452
145
715
1143
183
767
1168
153
510
1449
188
764
1273
193
759
1352
164
737
1278
138
508
1063
131
767
1167
145
666
1315
163
711
1300
140
515
1370
182
743
1006
106
640
1294
103
784
1005
183
594
1493
132
642
1279
169
689
1260
102
695
1169
111
767
1469
116
682
1474
170
737
1201
102
631
1167
158
705
1108
189
783
1050
144
703
1168
133
648
1406
126
506
1022
149
598
1454
118
637
1474
170
718
1123
113
553
1418
166
595
1445
196
619
1270
161
642
1309
147
671
1024
176
742
1291
123
769
1062
149
789
1370
105
692
1109
132
614
1011
142
694
1130
169
794
1326
105
608
1323
140
632
1128
144
734
1001
180
566
1130
115
608
1408
101
714
1277
151
694
1388
140
546
1499
157
789
1127
122
681
1294
127
676
1449
155
693
1232
195
751
1334
152
553
1230
189
555
1392
151
522
1122
185
548
1316
124
677
1312
110
590
1203
178
597
1379
185
587
1479
134
539
1306
146
619
1311
137
684
1179
137
698
1184
115
657
1153
187
504
1235
161
543
1457
107
739
1040
129
552
1362
176
568
1457
199
643
1305
158
566
1257
170
772
1489
142
627
1013
113
794
1323
132
777
1287
175
790
1219
165
686
1075
158
662
1365
166
782
1377
122
746
1113
133
633
1367
102
548
1402
140
796
1398
164
705
1429
147
664
1438
127
555
1355
176
791
1449
105
522
1127
150
548
1204
184
603
1449
135
672
1465
167
723
1291
111
607
1260
200
539
1016
181
549
1296
189
638
1319
127
781
1101
161
766
1197
137
618
1343
147
554
1017
185
540
1011
195
564
1061
161
588
1195
142
659
1357
167
693
1296
175
504
1041
175
655
1436
132
527
1409
150
695
1154
182
612
1491
179
772
1190
134
564
1297
144
665
1242
109
669
1008
177
771
1303
120
605
1317
116
602
1033
158
622
1320
153
536
1486
163
730
1120
137
570
1461
175
663
1108
107
585
1012
147
667
1372
100
596
1073
171
588
1229
147
658
1423
173
771
1052
101
507
1265
180
689
1065
151
521
1310
180
779
1457
192
511
1357
138
572
1036
183
652
1451
193
677
1171
165
726
1155
194
525
1445
193
620
1426
164
659
1084
145
765
1028
148
666
1344
197
774
1148
164
672
1433
198
793
1024
117
620
1234
157
704
1378
139
747
1220
145
750
1427
108
551
1179
195
678
1353
185
772
1293
188
540
1368
181
661
1382
179
742
1356
182
758
1324
133
638
1205
145
728
1079
173
763
1460
111
712
1277
127
785
1338
158
715
1271
161
699
1083
115
617
1131
126
632
1183
191
689
1211
187
735
1168
199
706
1299
157
558
1258
166
741
1491
105
713
1424
114
740
1308
132
537
1116
196
749
1431
190
696
1299
129
660
1480
188
764
1150
154
528
1395
156
560
1021
181
595
1377
119
647
1437
126
525
1325
134
581
1209
170
554
1166
181
554
1382
114
554
1397
169
631
1443
157
674
1282
155
687
1025
138
626
1291
121
621
1069
148
772
1037
144
724
1172
171
670
1395
129
675
1498
111
788
1170
112
666
1476
157
560
1386
134
544
1273
106
707
1267
159
798
1358
118
754
1451
159
501
1182
123
538
1185
112
559
1029
187
790
1323
189
660
1188
187
540
1243
181
773
1039
128
601
1129
145
517
1036
130
648
1441
184
789
1107
162
770
1141
124
593
1451
177
607
1192
130
630
1143
155
525
1449
130
787
1105
108
655
1288
111
741
1272
180
536
1075
160
515
1411
191
785
1048
163
531
1149
170
686
1167
137
738
1133
115
763
1267
154
770
1036
156
701
1044
119
591
1051
196
532
1197
178
641
1208
166
593
1448
111
783
1035
144
707
1113
137
704
1297
126
583
1115
136
586
1173
158
548
1382
194
534
1388
186
631
1199
110
793
1019
127
550
1286
189
757
1201
173
521
1392
147
681
1099
121
766
1166
112
533
1045
118
569
1110
136
557
1446
163
589
1077
119
508
1245
152
675
1364
128
578
1000
102
575
1101
151
537
1386
118
614
1489
115
723
1473
176
756
1021
130
527
1485
185
559
1232
193
634
1232
160
690
1188
170
554
1100
166
524
1058
145
516
1070
163
656
1005
148
564
1354
133
721
1204
136
581
1417
111
596
1217
154
653
1366
159
707
1201
114
560
1008
191
649
1307
169
631
1247
189
526
1398
131
539
1313
122
558
1253
112
662
1461
145
559
1003
109
508
1250
195
521
1123
147
783
1126
101
616
1113
145
517
1287
178
553
1163
148
716
1236
169
750
1442
197
502
1233
174
502
1287
113
664
1477
177
585
1491
197
743
1109
173
739
1340
160
724
1414
182
761
1429
140
524
1097
142
784
1074
117
524
1358
139
706
1313
185
627
1359
142
744
1137
102
679
1415
114
563
1053
177
605
1459
191
646
1085
107
521
1255
142
515
1167
120
567
1464
193
568
1321
183
696
1336
168
709
1261
121
610
1371
187
523
1424
159
794
1298
174
566
1365
102
598
1115
114
553
1483
129
725
1341
134
728
1371
174
727
1357
107
690
1366
158
627
1200
118
562
1107
113
763
1263
185
772
1037
115
714
1367
123
748
1361
198
649
1389
128
562
1432
145
546
1263
192
576
1388
131
756
1280
127
793
1172
120
671
1220
188
570
1184
174
615
1334
194
730
1234
132
635
1094
126
710
1249
122
580
1159
115
635
1238
111
653
1371
130
618
1062
161
740
1487
104
584
1033
155
756
1150
162
502
1003
111
783
1416
165
725
1201
184
751
1142
189
664
1280
141
698
1069
132
695
1119
166
630
1313
157
650
1365
123
737
1379
102
516
1141
188
556
1402
161
509
1219
167
565
1284
194
746
1009
118
506
1283
130
576
1045
108
623
1375
191
536
1397
195
780
1206
150
587
1260
174
755
1279
157
630
1198
170
758
1178
196
690
1139
195
671
1163
159
675
1429
187
761
1415
101
728
1053
199
610
1109
195
779
1462
175
636
1127
197
522
1435
100
705
1369
144
654
1180
117
582
1095
105
562
1315
122
797
1297
127
620
1093
166
662
1449
160
796
1208
137
564
1160
126
600
1491
101
741
1180
128
656
1162
112
645
1499
176
551
1429
137
520
1417
165
586
1181
110
546
1324
164
664
1120
112
734
1332
164
649
1478
158
786
1003
151
542
1416
162
520
1181
157
688
1264
175
633
1308
179
523
1166
118
779
1403
166
622
1487
170
556
1272
110
538
1274
141
576
1338
185
598
1329
177
659
1195
145
569
1190
114
501
1378
146
541
1184
119
555
1447
145
768
1136
169
724
1263
107
765
1235
104
797
1462
111
561
1337
137
604
1393
135
701
1279
101
789
1052
185
688
1356
138
746
1311
110
723
1215
144
762
1202
123
703
1191
178
614
1407
123
570
1064
162
612
1317
185
649
1088
183
629
1045
163
538
1279
132
691
1369
148
759
1273
177
705
1032
183
672
1413
100
662
1406
192
738
1123
182
685
1139
122
540
1438
128
650
1259
197
557
1443
191
711
1258
192
645
1385
147
581
1357
164
571
1018
171
569
1128
190
792
1205
177
682
1142
131
620
1421
137
727
1384
156
720
1338
126
515
1328
170
691
1092
172
653
1330
138
560
1032
191
521
1377
186
748
1429
190
669
1205
178
658
1192
144
502
1135
170
643
1069
167
747
1172
127
646
1159
189
645
1343
128
662
1051
119
537
1212
173
559
1276
121
772
1330
151
554
1370
195
592
1192
194
670
1174
138
570
1234
135
786
1256
180
691
1118
133
722
1361
191
636
1499
107
751
1198
135
727
1491
125
628
1395
195
523
1194
101
644
1024
162
645
1418
109
518
1225
152
721
1182
122
637
1037
146
578
1237
154
761
1443
136
610
1120
133
565
1311
112
595
1200
151
545
1036
118
722
1255
148
743
1429
121
737
1347
192
633
1209
143
524
1008
127
751
1440
179
678
1385
148
627
1449
111
621
1358
162
562
1386
136
673
1220
198
588
1064
140
597
1405
176
781
1244
195
712
1496
165
649
1221
111
629
1235
161
740
1093
156
587
1408
163
790
1023
185
696
1398
197
629
1169
130
542
1198
196
732
1150
135
660
1302
152
563
1107
179
760
1352
175
538
1178
129
770
1182
186
586
1126
175
649
1335
112
536
1479
104
752
1422
189
747
1254
177
557
1480
162
708
1043
102
607
1217
118
697
1111
138
791
1195
177
520
1133
145
584
1260
156
577
1055
184
542
1169
142
780
1265
144
637
1161
119
705
1241
136
661
1484
183
501
1389
193
756
1453
124
682
1429
103
757
1378
174
662
1416
187
677
1127
151
642
1408
179
736
1001
105
567
1131
149
762
1009
179
594
1052
118
697
1051
113
796
1428
115
540
1042
148
615
1350
146
637
1070
136
549
1442
169
718
1292
162
776
1210
120
749
1386
110
572
1373
141
555
1455
153
623
1138
194
659
1041
126
501
1391
169
706
1446
140
635
1268
135
693
1495
121
505
1204
139
546
1239
164
562
1442
182
628
1233
189
569
1220
129
653
1172
154
689
1011
160
586
1381
139
647
1088
131
757
1470
100
728
1432
152
790
1302
137
617
1017
118
531
1097
107
515
1480
134
693
1100
151
578
1089
146
704
1130
157
547
1393
194
500
1149
117
634
1018
178
703
1110
136
543
1238
102
800
1396
116
555
1036
131
514
1226
105
637
1282
195
625
1312
165
697
1156
124
545
1360
100
580
1077
191
680
1280
164
547
1333
149
564
1369
137
706
1007
150
525
1292
174
529
1454
101
510
1343
194
554
1044
110
706
1476
189
551
1333
174
751
1112
103
569
1201
200
655
1309
115
571
1202
193
756
1481
196
681
1091
195
694
1470
158
767
1052
188
549
1460
114
629
1188
173
690
1082
197
504
1249
132
752
1389
108
799
1032
171
572
1233
103
755
1499
178
568
1084
105
543
1205
145
649
1232
141
693
1214
183
652
1393
182
657
1319
188
717
1069
157
553
1456
143
716
1319
129
603
1163
124
783
1302
189
645
1271
179
585
1002
129
617
1220
136
543
1396
119
647
1405
114
554
1491
168
603
1001
126
695
1295
161
659
1379
196
579
1494
140
653
1299
199
541
1381
165
784
1335
167
795
1397
139
595
1227
192
682
1191
177
713
1281
181
643
1316
166
709
1289
103
769
1442
101
533
1423
115
609
1219
155
538
1218
109
556
1257
116
724
1068
119
666
1383
163
642
1066
167
549
1097
142
793
1349
155
639
1236
186
662
1388
115
571
1384
191
592
1195
128
565
1098
141
685
1028
185
681
1478
191
778
1399
132
683
1484
111
780
1036
189
653
1102
179
544
1388
182
769
1112
157
508
1199
177
561
1157
112
695
1273
147
554
1287
104
799
1250
162
626
1184
132
673
1175
157
758
1265
173
603
1069
172
535
1410
193
775
1291
192
606
1495
185
695
1223
148
608
1314
157
666
1400
178
756
1185
150
560
1222
196
725
1009
137
683
1344
101
792
1464
171
722
1330
190
541
1231
150
732
1453
130
788
1236
109
553
1116
120
627
1420
144
737
1492
149
705
1315
196
681
1045
180
763
1195
123
536
1215
141
663
1354
115
653
1179
172
707
1001
130
501
1277
162
527
1319
129
577
1238
162
705
1173
183
779
1335
147
629
1270
120
580
1238
135
762
1482
118
595
1105
125
623
1313
170
658
1495
122
677
1287
147
782
1445
106
660
1143
179
613
1041
123
634
1169
148
620
1106
129
540
1063
152
536
1428
157
705
1348
121
511
1402
146
625
1346
173
557
1440
114
515
1381
144
624
1057
170
533
1261
143
508
1004
126
689
1032
157
718
1151
124
510
1489
163
686
1291
152
564
1305
180
688
1459
101
625
1029
191
514
1416
115
528
1323
149
655
1381
197
614
1184
131
532
1374
104
625
1065
138
526
1159
185
685
1441
186
684
1095
163
672
1159
168
768
1125
147
575
1359
196
534
1371
191
784
1414
112
774
1240
141
512
1498
134
554
1293
183
684
1204
120
533
1133
133
681
1179
118
797
1190
110
680
1082
178
675
1439
146
760
1012
182
568
1250
124
503
1318
181
628
1157
136
523
1272
150
649
1039
134
747
1199
113
657
1128
134
719
1477
170
672
1099
142
695
1326
152
601
1488
188
671
1051
161
609
1034
128
753
1351
195
691
1290
123
561
1198
119
682
1159
153
600
1389
125
648
1405
126
536
1307
182
595
1088
139
731
1127
141
688
1223
140
502
1017
108
520
1440
103
670
1199
154
631
1265
152
750
1068
104
651
1195
155
743
1450
112
649
1262
159
569
1314
180
762
1127
175
691
1038
128
554
1330
144
738
1382
192
588
1124
171
736
1162
137
516
1061
191
660
1327
150
635
1198
135
689
1272
185
713
1280
112
508
1423
131
546
1381
140
753
1420
105
555
1347
140
634
1013
161
695
1428
169
798
1149
138
606
1143
131
745
1117
188
783
1135
139
779
1132
118
583
1105
150
580
1124
141
538
1038
149
528
1128
159
638
1399
109
512
1062
159
607
1500
159
545
1038
187
633
1005
177
760
1373
193
788
1374
125
575
1032
131
560
1301
158
691
1064
116
548
1396
128
767
1446
190
771
1226
133
663
1149
169
732
1037
115
686
1019
168
691
1378
107
503
1409
160
661
1141
109
689
1327
187
584
1263
109
795
1243
100
526
1026
119
558
1131
123
733
1188
128
693
1112
109
764
1047
178
580
1163
178
700
1311
155
656
1217
190
546
1115
108
577
1167
158
691
1261
158
681
1419
138
558
1146
192
732
1259
149
781
1023
169
733
1063
107
649
1142
152
626
1475
103
549
1493
139
650
1337
183
694
1108
101
528
1049
177
738
1305
134
663
1252
190
550
1249
115
572
1384
124
573
1002
188
732
1249
116
794
1282
190
796
1070
161
535
1126
156
571
1223
121
789
1346
122
710
1462
131
656
1111
169
708
1344
182
682
1186
141
750
1087
178
539
1432
158
598
1277
189
736
1139
110
628
1077
114
650
1376
147
618
1253
170
503
1035
196
533
1142
127
680
1168
106
737
1410
168
660
1370
141
665
1431
135
690
1079
127
711
1235
127
733
1094
126
702
1031
179
725
1348
187
554
1007
179
552
1297
155
787
1225
133
583
1107
195
798
1091
171
506
1305
183
648
1330
151
771
1278
174
795
1164
181
736
1249
155
681
1431
165
623
1323
121
729
1097
182
734
1383
126
558
1008
136
727
1403
182
569
1251
103
571
1111
100
794
1451
160
717
1157
119
774
1203
116
708
1156
118
577
1036
160
509
1014
106
766
1484
132
761
1201
116
782
1438
175
754
1465
200
748
1330
191
551
1246
184
730
1259
155
579
1308
108
525
1420
111
685
1155
155
562
1014
107
542
1100
149
573
1051
187
603
1415
154
575
1282
160
781
1238
106
507
1382
101
706
1348
109
632
1314
200
585
1440
144
624
1076
162
575
1222
179
629
1176
188
668
1373
194
746
1414
123
737
1134
154
692
1253
162
654
1281
165
657
1491
192
639
1276
179
555
1440
199
635
1176
183
501
1401
120
598
1073
164
528
1204
191
536
1322
118
654
1162
138
623
1229
160
718
1146
188
716
1141
115
642
1453
104
734
1441
134
575
1480
124
677
1132
125
784
1395
155
577
1431
103
506
1486
169
740
1472
194
613
1455
196
572
1265
153
722
1277
163
541
1423
146
771
1257
161
570
1259
107
693
1447
193
561
1340
146
756
1011
200
688
1384
116
669
1350
149
661
1432
109
645
1066
196
795
1263
157
783
1415
196
501
1459
161
678
1345
200
684
1308
182
532
1404
139
698
1042
191
539
1215
152
788
1013
158
571
1471
192
517
1073
152
683
1082
188
784
1079
109
538
1269
125
716
1422
148
643
1081
194
691
1093
131
542
1267
179
625
1457
133
632
1050
182
550
1050
183
742
1428
120
628
1337
130
683
1366
131
786
1228
180
677
1083
178
709
1364
173
797
1459
151
772
1009
178
654
1113
191
668
1011
170
678
1262
188
721
1395
128
716
1445
117
788
1061
148
718
1071
132
647
1461
150
623
1461
149
662
1035
195
645
1290
103
634
1451
158
596
1163
196
601
1045
127
774
1159
115
647
1442
199
671
1292
116
605
1107
152
701
1219
109
702
1331
127
796
1208
182
685
1025
137
555
1081
116
562
1172
101
739
1184
120
561
1131
160
710
1170
131
505
1186
174
614
1122
149
624
1083
134
589
1217
123
629
1212
181
702
1013
198
539
1394
116
767
1327
184
734
1269
196
607
1091
197
770
1119
178
789
1332
171
693
1319
189
752
1004
197
724
1112
125
539
1341
116
501
1135
188
574
1080
150
800
1289
164
726
1445
133
766
1413
128
656
1456
103
568
1326
168
719
1493
139
705
1493
185
528
1256
138
668
1263
192
515
1163
175
655
1113
139
778
1254
175
673
1254
155
711
1166
169
541
1067
136
612
1395
168
614
1261
169
547
1357
131
742
1490
134
589
1218
117
632
1113
124
547
1162
193
606
1300
120
601
1138
161
644
1450
190
742
1281
168
663
1157
164
627
1066
127
561
1319
123
618
1290
156
557
1043
121
615
1126
186
556
1471
169
748
1224
166
572
1346
157
751
1421
199
644
1082
198
734
1324
172
537
1403
145
743
1053
155
640
1157
192
695
1447
120
574
1053
122
509
1203
163
608
1204
114
538
1441
139
594
1355
196
519
1112
144
647
1085
161
697
1374
200
551
1156
128
658
1289
165
750
1459
178
512
1050
116
673
1211
165
544
1245
185
653
1215
116
530
1475
150
546
1210
115
722
1448
143
506
1002
147
771
1036
105
640
1243
179
720
1168
134
639
1275
140
520
1318
191
584
1160
147
566
1467
147
720
1072
179
521
1026
129
528
1361
156
585
1493
112
678
1363
168
751
1003
197
535
1414
194
748
1362
168
599
1497
158
560
1148
173
585
1428
197
556
1224
138
677
1008
193
584
1424
133
517
1246
135
521
1153
180
568
1111
148
735
1396
170
727
1320
130
712
1345
146
692
1018
112
736
1293
148
504
1434
147
776
1283
139
602
1469
172
740
1312
187
560
1083
144
651
1080
148
755
1426
180
668
1155
188
616
1319
156
745
1187
165
548
1433
143
632
1189
198
720
1221
121
638
1454
134
585
1300
198
596
1002
151
505
1295
101
630
1383
120
551
1133
131
793
1470
188
768
1384
158
579
1277
196
662
1124
161
669
1328
164
511
1013
172
622
1332
187
533
1023
168
597
1409
125
689
1222
108
676
1345
131
762
1088
158
798
1112
166
591
1235
162
601
1339
159
626
1344
165
579
1259
101
780
1269
140
627
1152
187
525
1082
131
504
1036
131
505
1031
144
605
1369
134
519
1363
120
512
1001
158
782
1265
170
771
1292
122
628
1427
165
537
1414
199
518
1440
197
628
1276
129
601
1006
187
562
1447
165
621
1053
160
710
1114
101
684
1368
138
761
1018
169
540
1453
136
769
1256
146
646
1009
158
753
1121
194
652
1348
101
667
1108
129
745
1029
105
589
1318
186
799
1146
136
621
1159
100
536
1451
131
771
1300
187
613
1217
158
660
1271
112
671
1261
110
697
1151
145
543
1223
153
544
1062
171
586
1441
151
502
1153
196
771
1000
180
526
1136
150
565
1173
102
702
1385
190
669
1033
114
546
1174
199
557
1327
113
655
1396
137
799
1166
174
737
1126
181
659
1035
178
561
1200
141
533
1064
133
585
1163
124
718
1273
119
654
1116
137
705
1349
109
575
1036
181
549
1492
175
598
1391
175
664
1479
125
656
1344
195
675
1454
129
714
1107
105
798
1100
108
626
1112
164
684
1391
154
561
1083
198
738
1048
176
606
1030
108
707
1361
160
797
1277
194
713
1067
147
794
1240
132
550
1203
137
600
1396
140
516
1259
118
629
1057
127
767
1262
194
509
1458
102
544
1134
196
538
1202
170
533
1016
142
732
1323
111
776
1370
162
752
1321
115
751
1207
101
681
1312
150
686
1360
103
600
1396
128
542
1314
199
751
1041
126
603
1025
165
556
1064
138
720
1125
139
665
1387
120
520
1443
151
785
1374
116
762
1254
163
735
1253
180
563
1294
101
705
1120
109
792
1430
131
535
1427
176
566
1184
129
547
1381
164
760
1276
167
578
1050
119
510
1438
172
603
1269
195
719
1292
135
544
1100
122
622
1349
156
702
1187
165
790
1298
190
747
1062
101
611
1338
178
556
1168
179
784
1010
129
635
1224
191
761
1436
101
508
1296
175
754
1460
124
543
1068
118
623
1028
125
584
1358
198
715
1129
122
618
1033
128
565
1423
110
743
1034
123
525
1388
102
621
1104
105
743
1328
176
539
1164
123
654
1085
111
518
1237
106
724
1393
153
714
1477
109
634
1296
108
720
1338
150
748
1181
178
740
1391
131
569
1318
118
648
1052
122
535
1321
198
776
1250
101
652
1115
193
635
1269
120
610
1037
137
641
1110
131
515
1358
155
501
1363
165
798
1285
157
799
1176
161
525
1355
115
647
1021
163
678
1037
189
662
1196
129
699
1220
185
796
1418
177
635
1464
136
728
1495
166
612
1347
124
574
1384
133
726
1158
179
691
1005
137
681
1460
113
542
1031
132
721
1427
104
614
1039
121
685
1317
162
607
1472
