193
765
1111
177
778
1382
182
602
1236
167
544
1148
101
760
1016
126
641
1059
180
557
1159
130
595
1359
157
597
1458
149
765
1182
176
781
1003
133
767
1367
164
660
1106
177
512
1420
125
544
1069
165
686
1369
187
575
1259
151
725
1102
185
567
1072
170
784
1086
134
661
1173
140
712
1276
183
778
1026
158
796
1066
112
644
1423
100
651
1003
192
751
1347
123
649
1337
170
751
1154
189
724
1226
187
681
1454
103
677
1486
132
695
1022
200
733
1312
121
718
1348
119
777
1134
125
692
1111
151
613
1186
170
635
1143
172
512
1065
195
637
1456
186
537
1127
170
591
1314
160
548
1442
191
646
1361
162
793
1204
191
604
1486
185
711
1173
126
772
1496
112
510
1035
171
558
1103
140
746
1477
125
798
1431
187
532
1337
196
698
1180
118
645
1310
141
557
1060
198
639
1466
198
654
1198
141
799
1270
194
717
1066
120
666
1248
105
549
1004
200
502
1497
171
631
1305
119
553
1200
126
596
1120
131
536
1044
133
739
1473
193
588
1467
131
629
1408
180
790
1141
129
519
1148
153
715
1491
182
715
1099
128
671
1395
113
594
1214
108
502
1186
103
744
1127
164
604
1112
134
671
1154
106
660
1109
150
772
1138
183
633
1225
112
667
1275
102
643
1224
135
728
1136
122
676
1375
118
600
1492
159
544
1492
153
661
1287
152
583
1383
107
664
1394
119
763
1116
112
742
1099
115
693
1107
129
788
1485
144
660
1061
133
680
1497
182
623
1308
138
593
1237
142
619
1076
165
745
1054
113
611
1181
109
534
1294
109
643
1095
159
648
1300
131
743
1360
159
577
1219
137
528
1430
118
735
1471
181
521
1116
184
635
1157
154
785
1448
178
535
1281
200
562
1169
155
682
1392
166
715
1096
114
654
1086
197
652
1126
157
735
1404
132
740
1466
197
589
1256
112
537
1132
193
501
1236
172
663
1248
162
566
1018
181
782
1398
161
695
1050
100
786
1129
108
631
1022
181
528
1204
170
668
1242
101
568
1266
189
782
1445
181
761
1462
114
693
1171
148
506
1249
162
596
1043
169
800
1426
192
511
1050
173
677
1470
149
711
1219
175
731
1158
116
731
1466
152
572
1079
118
669
1372
175
777
1307
152
539
1499
175
675
1362
148
581
1412
170
538
1267
139
716
1409
175
588
1411
139
787
1220
133
513
1427
193
553
1299
110
690
1083
138
541
1366
145
737
1267
105
709
1293
176
659
1474
166
532
1254
199
719
1020
182
688
1236
135
507
1362
156
539
1182
108
635
1439
159
525
1199
191
562
1074
146
766
1325
153
587
1185
117
722
1494
110
617
1049
187
588
1070
120
577
1342
118
674
1396
144
514
1036
185
644
1112
150
688
1246
117
622
1168
166
686
1163
120
710
1313
116
703
1057
102
537
1448
192
544
1455
172
711
1449
104
641
1484
129
733
1001
194
546
1191
172
789
1053
195
772
1119
109
545
1092
178
748
1334
158
590
1400
164
637
1336
175
521
1388
196
768
1097
178
703
1048
114
787
1107
133
577
1302
172
594
1038
174
504
1414
151
784
1028
195
742
1019
170
595
1288
182
772
1325
177
531
1336
119
615
1209
111
733
1282
186
744
1295
139
638
1096
167
666
1242
199
678
1379
169
629
1451
130
774
1002
163
635
1284
197
544
1198
133
575
1482
173
559
1267
129
720
1026
139
764
1010
112
768
1472
143
601
1056
115
541
1149
101
723
1118
161
747
1330
193
749
1148
110
559
1100
134
703
1236
184
614
1354
150
656
1338
180
598
1098
142
608
1487
200
690
1268
183
641
1225
192
598
1422
124
766
1054
102
511
1241
175
740
1495
136
523
1364
112
784
1050
157
532
1028
103
749
1299
149
755
1394
179
561
1376
181
658
1494
100
574
1167
134
571
1088
109
632
1472
117
582
1212
156
679
1131
189
546
1283
121
566
1326
154
635
1144
103
566
1125
164
680
1355
110
701
1061
177
656
1004
107
776
1021
161
526
1216
174
710
1124
163
722
1395
100
763
1248
112
653
1281
101
693
1030
162
504
1404
157
702
1011
120
559
1133
153
778
1080
181
660
1490
141
611
1479
106
581
1132
149
614
1392
186
563
1366
187
602
1105
121
755
1240
131
632
1415
200
592
1118
107
671
1182
112
595
1213
169
603
1374
186
542
1036
140
692
1453
129
698
1155
152
669
1250
193
546
1425
146
756
1349
103
559
1257
156
758
1064
193
523
1485
136
566
1103
123
769
1342
131
799
1102
148
534
1091
185
542
1182
105
642
1319
151
600
1332
147
647
1025
195
581
1278
102
597
1488
111
790
1064
120
765
1002
103
791
1367
187
618
1431
174
549
1339
122
763
1195
141
510
1015
175
711
1161
188
643
1442
125
659
1135
184
721
1125
187
732
1385
150
569
1332
113
782
1057
143
650
1264
140
799
1088
163
503
1483
142
602
1250
102
581
1287
118
612
1353
146
737
1454
116
640
1307
129
667
1286
102
535
1198
146
727
1309
120
763
1116
147
528
1045
119
786
1279
125
656
1372
172
766
1124
123
659
1488
152
704
1166
197
713
1490
155
753
1240
155
552
1441
140
512
1473
136
799
1295
104
721
1097
146
792
1321
195
554
1226
117
544
1194
178
544
1103
151
782
1191
132
694
1274
150
728
1148
153
636
1157
197
574
1074
189
621
1047
102
604
1280
110
543
1329
149
707
1472
167
603
1447
118
587
1310
147
547
1463
189
781
1338
168
734
1197
165
701
1242
128
704
1136
135
581
1053
143
786
1054
190
738
1059
131
632
1428
193
577
1180
107
656
1481
167
628
1333
127
557
1409
184
589
1032
182
738
1263
178
507
1287
157
626
1469
126
528
1467
136
590
1450
127
535
1393
160
582
1143
141
708
1080
162
766
1094
179
699
1386
111
570
1199
122
705
1338
136
708
1326
111
612
1118
108
656
1155
193
597
1099
132
569
1247
166
687
1464
180
729
1266
126
527
1071
107
587
1157
183
700
1039
180
698
1057
144
600
1010
196
692
1026
125
592
1247
129
747
1398
154
548
1265
120
707
1050
120
635
1239
167
694
1135
133
800
1020
190
693
1320
141
552
1066
118
567
1085
105
528
1265
125
642
1347
133
757
1487
157
655
1454
103
739
1244
175
635
1295
194
609
1170
164
627
1404
131
642
1071
167
683
1216
142
572
1037
119
505
1410
165
654
1427
104
657
1394
140
719
1392
189
584
1085
128
560
1308
199
669
1006
166
694
1059
181
692
1160
144
503
1443
122
561
1251
185
687
1443
177
771
1317
123
643
1007
138
686
1389
123
549
1480
187
729
1286
127
751
1093
107
538
1187
120
673
1055
132
640
1204
156
756
1467
200
562
1482
182
576
1410
101
651
1467
148
786
1007
139
512
1003
109
520
1162
123
532
1137
157
762
1483
176
658
1380
149
670
1453
129
568
1159
191
764
1001
135
622
1451
162
529
1007
114
716
1164
121
536
1309
110
564
1429
163
717
1112
140
544
1497
154
751
1351
146
706
1462
168
616
1114
177
779
1398
198
731
1259
155
523
1015
180
536
1141
185
508
1460
174
552
1245
123
649
1025
186
700
1491
163
686
1184
174
685
1233
152
754
1191
100
625
1066
117
571
1196
172
513
1189
161
512
1303
124
639
1168
144
682
1050
109
623
1012
162
645
1200
138
771
1178
172
660
1171
197
551
1106
104
677
1199
152
554
1120
101
796
1477
190
551
1157
172
641
1253
136
680
1247
133
580
1271
146
700
1494
170
607
1169
178
531
1414
189
687
1333
162
504
1398
163
575
1006
169
678
1039
145
686
1044
136
735
1020
177
544
1081
164
580
1076
168
682
1090
111
501
1357
150
740
1062
165
571
1298
140
663
1392
114
708
1091
131
612
1104
125
764
1029
198
513
1090
121
685
1221
188
740
1110
176
618
1376
182
511
1077
128
511
1153
187
655
1411
132
573
1293
101
676
1037
112
694
1422
188
775
1238
148
687
1208
154
569
1074
184
553
1139
120
606
1255
146
785
1433
103
528
1450
153
545
1440
199
624
1409
199
535
1104
134
724
1352
122
563
1194
135
635
1286
164
589
1357
177
654
1268
177
703
1432
109
638
1369
181
790
1030
116
778
1172
127
623
1198
114
670
1103
195
667
1013
193
703
1413
163
601
1355
174
666
1496
172
529
1288
173
550
1437
198
774
1316
140
798
1271
155
616
1430
140
793
1236
174
570
1465
195
629
1094
114
664
1185
123
705
1124
186
674
1046
177
575
1375
141
706
1338
100
564
1257
117
505
1064
191
659
1306
138
550
1366
108
532
1315
172
517
1293
126
792
1170
175
796
1188
146
636
1048
127
677
1344
109
556
1150
119
501
1209
198
535
1061
113
669
1052
173
673
1084
104
594
1393
100
639
1337
137
655
1314
171
784
1471
174
688
1164
145
579
1071
159
567
1330
156
583
1456
127
694
1265
119
652
1129
148
741
1185
140
774
1204
152
591
1424
183
719
1458
176
640
1490
176
795
1280
154
577
1138
172
770
1413
100
628
1491
105
787
1068
168
709
1493
107
702
1385
189
662
1304
128
755
1063
155
718
1062
193
666
1128
194
789
1292
101
746
1212
157
601
1376
110
792
1265
170
565
1136
136
529
1227
185
573
1369
134
742
1302
130
525
1108
127
612
1120
168
561
1060
183
780
1338
173
666
1338
168
617
1471
189
663
1366
199
567
1024
127
739
1335
139
659
1259
101
724
1491
170
740
1351
145
763
1329
131
534
1081
113
756
1269
121
578
1357
166
792
1107
103
638
1307
130
604
1419
164
562
1253
116
589
1463
155
542
1167
147
736
1035
185
555
1456
110
597
1362
156
504
1108
189
777
1440
197
692
1291
173
558
1401
132
576
1442
150
662
1093
101
765
1159
200
701
1426
151
665
1409
175
579
1091
173
555
1061
105
748
1042
131
542
1402
151
509
1303
150
524
1305
186
649
1474
161
676
1294
151
788
1473
107
763
1132
101
762
1425
135
730
1038
157
605
1106
106
609
1242
164
663
1329
153
765
1165
199
709
1050
157
633
1151
138
597
1144
116
644
1194
183
689
1159
102
623
1288
148
718
1087
113
646
1199
101
561
1213
173
650
1228
114
634
1064
118
742
1115
171
626
1130
168
541
1184
137
706
1376
193
589
1291
109
637
1191
107
569
1064
131
661
1165
196
502
1298
144
581
1053
197
726
1451
118
628
1208
172
742
1154
105
608
1095
159
707
1039
178
566
1011
149
720
1004
165
643
1309
143
587
1341
198
572
1005
105
721
1379
171
537
1141
112
531
1133
119
536
1425
197
606
1115
176
717
1401
108
666
1093
108
666
1314
148
792
1050
165
572
1481
198
730
1012
177
625
1373
173
608
1162
161
732
1145
178
785
1335
183
571
1024
144
762
1270
176
596
1398
194
721
1344
118
500
1442
147
729
1303
168
560
1309
163
714
1107
104
504
1287
156
785
1332
151
738
1332
199
739
1454
141
611
1182
136
628
1355
145
660
1383
162
597
1151
112
545
1431
146
792
1074
170
704
1445
146
725
1019
169
537
1378
153
588
1283
139
625
1196
147
599
1086
167
668
1137
137
599
1341
186
727
1164
115
723
1063
139
620
1055
152
608
1021
123
614
1140
180
630
1387
102
622
1433
164
751
1370
101
631
1191
173
653
1290
176
614
1302
100
719
1157
147
799
1061
156
539
1116
169
575
1055
134
618
1129
184
734
1372
159
696
1324
102
734
1441
154
756
1413
181
703
1419
198
674
1307
110
659
1079
162
533
1166
168
574
1088
179
784
1142
189
741
1287
191
550
1406
152
560
1048
188
759
1363
154
746
1113
111
549
1018
199
575
1482
134
571
1323
172
748
1199
102
789
1184
174
777
1179
148
673
1139
113
602
1251
171
647
1322
170
716
1253
179
745
1308
179
671
1254
185
588
1044
195
700
1148
117
633
1141
174
725
1313
134
626
1338
158
716
1334
162
720
1431
138
544
1424
106
649
1341
110
768
1493
152
607
1169
198
641
1120
115
526
1104
157
644
1432
187
549
1280
199
726
1052
130
578
1227
133
612
1366
169
672
1166
153
508
1200
162
608
1359
155
655
1275
187
667
1288
192
601
1110
130
716
1369
121
706
1198
115
720
1028
189
678
1002
131
705
1145
106
776
1136
108
745
1442
105
591
1322
103
555
1441
121
697
1280
189
639
1370
197
665
1041
172
712
1311
200
664
1105
106
676
1205
128
737
1279
185
562
1237
175
506
1195
107
717
1294
118
745
1498
172
567
1184
123
586
1147
135
662
1348
106
533
1465
168
662
1400
114
553
1175
182
731
1199
165
681
1445
107
627
1247
136
696
1033
160
706
1189
151
644
1103
149
676
1203
195
742
1271
113
552
1301
187
700
1008
145
608
1427
126
585
1119
102
799
1154
114
651
1498
176
756
1411
151
595
1337
145
687
1208
134
700
1490
188
551
1204
132
674
1233
141
599
1197
105
551
1016
140
710
1312
101
781
1489
198
681
1018
101
683
1263
126
609
1463
129
758
1083
145
778
1099
167
736
1331
182
590
1373
184
561
1437
102
616
1033
146
584
1026
106
772
1206
130
718
1331
126
780
1207
132
526
1316
167
668
1431
113
675
1150
140
798
1342
163
656
1213
118
671
1346
119
710
1235
160
521
1417
108
539
1245
148
548
1304
200
787
1494
134
621
1455
108
638
1232
180
521
1079
128
599
1487
187
613
1149
195
736
1225
113
760
1393
120
649
1360
135
749
1188
191
534
1219
133
756
1121
125
565
1455
191
720
1321
178
738
1166
122
787
1289
182
798
1467
174
742
1099
134
752
1383
114
795
1413
104
539
1253
148
729
1044
197
704
1218
172
723
1341
102
800
1354
177
642
1492
104
755
1333
161
679
1483
140
749
1218
119
619
1362
119
719
1160
185
629
1316
169
717
1424
159
640
1207
136
724
1467
184
601
1025
161
508
1266
132
656
1459
172
693
1106
190
657
1019
185
527
1292
102
676
1027
197
751
1332
171
636
1264
200
710
1474
102
525
1449
150
648
1328
152
715
1327
161
668
1299
117
610
1133
172
769
1392
122
744
1003
110
506
1095
173
689
1332
124
556
1022
192
578
1261
107
757
1234
119
720
1404
119
631
1456
164
757
1259
110
536
1131
165
786
1148
166
618
1319
105
690
1032
191
625
1183
174
717
1248
101
558
1135
113
560
1385
153
659
1137
196
505
1116
189
664
1423
170
692
1197
162
786
1440
194
553
1045
111
550
1416
178
676
1377
192
582
1211
139
703
1050
146
611
1438
159
732
1143
165
797
1492
145
557
1100
156
535
1131
172
596
1479
200
529
1247
170
719
1348
175
729
1211
139
765
1211
139
506
1291
114
644
1261
190
723
1355
192
717
1068
172
574
1020
119
574
1132
154
721
1005
180
611
1164
156
537
1253
113
518
1224
164
799
1499
199
636
1385
182
782
1411
178
660
1196
154
780
1191
143
537
1263
150
722
1033
114
774
1194
146
715
1375
164
687
1209
141
552
1320
119
503
1256
143
715
1319
143
648
1242
155
695
1145
142
560
1000
166
618
1478
129
590
1074
126
636
1410
121
635
1462
198
543
1443
179
755
1025
123
620
1091
102
752
1485
157
667
1191
200
637
1110
142
592
1064
140
535
1403
101
628
1470
151
508
1117
193
595
1349
163
664
1342
123
722
1014
105
538
1312
183
565
1033
124
579
1308
129
642
1471
149
611
1213
105
706
1350
182
622
1446
192
746
1346
191
639
1266
116
627
1065
166
553
1476
106
592
1077
155
525
1391
111
792
1087
107
671
1188
137
740
1000
179
706
1138
197
573
1482
132
661
1373
152
567
1409
140
550
1491
121
550
1093
151
780
1074
117
571
1380
128
598
1114
147
615
1459
102
699
1464
148
648
1051
183
577
1328
131
690
1143
138
583
1318
123
628
1265
128
738
1133
153
731
1202
143
658
1371
185
705
1275
135
670
1121
129
770
1324
179
701
1450
120
577
1247
110
554
1204
127
767
1375
180
524
1355
114
734
1087
127
515
1036
149
717
1431
105
606
1113
126
638
1225
177
792
1065
124
602
1074
186
665
1094
166
622
1009
109
568
1340
139
752
1417
142
618
1421
140
771
1119
102
511
1183
160
581
1289
171
528
1212
194
670
1470
110
593
1476
101
535
1331
190
779
1065
181
541
1400
120
798
1213
184
719
1304
151
707
1281
194
580
1460
186
722
1383
118
667
1234
168
759
1426
106
605
1224
158
668
1304
158
651
1311
163
735
1232
117
544
1205
150
543
1196
176
711
1284
126
651
1268
112
588
1038
143
756
1087
183
539
1466
110
541
1011
139
748
1171
169
618
1468
132
771
1431
181
526
1233
181
584
1498
176
654
1391
141
505
1127
110
691
1240
163
723
1408
172
524
1441
128
693
1110
189
735
1312
113
665
1368
118
764
1438
174
609
1162
161
727
1365
155
564
1034
107
512
1243
184
760
1063
187
624
1107
175
690
1449
144
593
1473
179
608
1111
126
567
1434
150
679
1289
120
667
1111
174
557
1320
120
537
1431
151
536
1169
106
680
1438
182
539
1180
127
587
1215
143
756
1225
132
635
1216
166
743
1060
189
713
1283
120
769
1417
120
594
1304
119
769
1232
120
515
1242
114
782
1438
179
754
1183
133
562
1005
130
586
1390
191
591
1144
145
602
1495
185
517
1442
195
735
1115
122
728
1159
144
574
1421
152
699
1005
155
579
1265
169
697
1292
102
770
1408
198
596
1233
119
561
1065
200
541
1095
131
706
1274
112
635
1352
177
599
1402
188
676
1255
134
526
1352
171
668
1375
136
745
1010
178
603
1432
186
656
1356
131
595
1445
137
766
1197
103
664
1096
108
699
1209
119
611
1055
131
523
1089
127
760
1273
100
674
1340
150
741
1333
170
593
1367
192
610
1007
189
656
1051
169
758
1166
133
716
1230
187
637
1183
118
680
1220
196
628
1440
135
634
1389
184
598
1444
161
550
1187
121
523
1100
197
578
1107
126
782
1192
119
547
1074
146
519
1083
130
630
1348
138
561
1049
162
609
1431
191
527
1350
165
635
1323
167
729
1077
106
720
1267
104
638
1418
164
578
1495
150
546
1421
117
564
1049
164
649
1021
120
686
1055
149
754
1380
187
777
1300
174
782
1376
174
770
1351
160
724
1105
167
501
1250
194
556
1431
116
734
1039
134
692
1180
160
629
1008
150
761
1371
157
740
1407
167
716
1222
186
785
1204
120
502
1104
159
621
1017
186
524
1087
130
714
1124
114
732
1160
200
728
1172
181
692
1458
124
555
1184
130
581
1111
156
570
1107
194
529
1404
106
681
1391
196
754
1111
139
745
1099
170
705
1469
103
624
1231
185
587
1139
130
656
1097
185
502
1097
159
591
1436
185
526
1274
143
611
1461
100
528
1148
122
544
1356
177
549
1061
177
513
1180
111
523
1289
180
571
1089
198
714
1263
169
665
1315
116
505
1126
160
768
1302
190
695
1244
175
516
1275
169
520
1041
159
514
1201
109
640
1390
189
645
1306
108
512
1157
129
524
1127
162
693
1345
121
614
1201
184
773
1365
117
588
1160
148
589
1421
126
754
1187
173
611
1217
170
558
1131
104
794
1097
134
746
1404
181
732
1258
146
651
1417
134
609
1402
169
531
1169
117
788
1092
146
776
1500
112
514
1036
145
636
1447
163
637
1495
119
736
1458
179
608
1290
134
595
1449
183
629
1143
194
711
1285
198
509
1017
145
540
1181
183
731
1107
159
688
1146
104
701
1436
187
714
1334
190
647
1463
135
592
1444
155
517
1278
171
543
1282
107
578
1211
154
518
1233
154
543
1291
156
601
1324
196
741
1272
137
792
1120
142
620
1229
150
687
1173
178
666
1295
165
548
1365
185
633
1489
140
718
1133
199
636
1379
180
740
1047
142
736
1186
140
622
1359
129
625
1227
195
630
1299
152
591
1320
176
685
1031
141
788
1148
147
629
1329
189
503
1222
118
658
1319
195
636
1253
173
560
1340
139
656
1275
173
556
1401
129
783
1034
186
526
1476
134
653
1006
176
622
1488
164
648
1222
191
713
1083
190
653
1309
185
566
1027
193
735
1198
118
770
1384
115
515
1212
187
503
1425
121
521
1170
176
675
1096
153
703
1467
138
726
1247
143
716
1265
141
674
1374
172
513
1001
155
747
1314
160
780
1401
165
677
1454
197
637
1057
145
739
1108
184
611
1170
164
652
1282
132
522
1338
161
612
1426
183
665
1123
183
717
1055
143
663
1133
168
576
1091
156
521
1426
189
624
1476
172
682
1247
177
748
1328
150
755
1404
106
726
1088
158
579
1490
189
710
1168
164
748
1047
194
553
1204
134
715
1415
190
565
1305
157
568
1322
115
800
1110
105
714
1049
179
576
1373
106
593
1099
131
526
1099
102
654
1129
106
538
1310
127
721
1112
103
520
1489
108
548
1099
193
776
1080
168
510
1472
193
596
1127
178
612
1290
112
503
1291
142
792
1419
133
724
1189
170
667
1247
100
580
1414
124
608
1289
116
642
1182
166
741
1362
122
627
1115
184
551
1056
114
701
1254
178
619
1332
130
796
1056
159
725
1318
111
649
1228
157
788
1026
125
773
1269
200
643
1078
136
507
1137
119
556
1265
196
740
1370
188
699
1123
182
673
1136
162
701
1228
139
680
1091
160
708
1200
183
754
1318
172
699
1139
198
734
1282
160
642
1305
199
686
1326
147
789
1157
186
718
1479
118
505
1102
196
645
1015
128
757
1187
103
611
1178
186
545
1032
190
709
1460
104
599
1483
133
574
1247
150
559
1112
105
760
1152
133
705
1148
110
670
1304
181
615
1361
189
738
1316
164
540
1271
154
560
1465
184
761
1221
117
567
1383
186
745
1329
194
800
1225
187
660
1363
112
652
1170
117
793
1254
123
537
1474
115
674
1481
123
675
1360
145
627
1306
179
759
1406
189
510
1182
112
629
1038
114
519
1339
119
732
1410
183
531
1487
158
710
1051
199
531
1042
125
650
1105
117
785
1478
151
590
1074
117
525
1315
161
742
1333
159
565
1349
200
731
1185
141
557
1273
183
627
1272
160
679
1003
135
700
1062
130
504
1186
149
750
1403
133
533
1048
135
781
1010
199
747
1401
132
535
1435
163
511
1022
125
610
1163
109
795
1451
125
720
1309
150
776
1159
144
648
1283
133
557
1232
172
763
1237
140
683
1055
191
731
1139
144
631
1248
197
560
1428
105
773
1003
154
620
1298
146
587
1494
155
604
1127
197
728
1414
179
678
1264
169
515
1391
124
764
1115
138
648
1097
137
693
1387
196
595
1021
158
650
1446
183
670
1054
111
561
1214
111
668
1262
159
563
1267
117
730
1378
132
624
1011
130
752
1452
162
656
1174
136
636
1447
106
793
1257
185
675
1354
149
653
1076
151
786
1176
117
694
1338
186
660
1019
175
770
1100
199
591
1416
108
660
1356
114
529
1112
108
644
1106
151
576
1407
152
542
1481
142
548
1073
105
748
1441
188
510
1397
180
788
1218
147
631
1188
115
665
1087
105
724
1452
156
644
1308
142
734
1412
169
500
1112
132
716
1241
112
590
1398
173
762
1161
127
733
1198
125
722
1300
191
676
1039
144
526
1168
108
634
1254
159
750
1162
189
558
1160
174
757
1302
121
730
1003
168
636
1435
179
547
1289
114
770
1467
146
736
1499
144
512
1423
156
557
1376
135
567
1035
126
645
1477
101
796
1304
140
696
1170
181
572
1052
168
595
1407
184
543
1334
147
789
1060
128
669
1110
118
724
1102
124
668
1299
160
776
1063
145
561
1293
112
607
1431
149
709
1157
143
621
1315
197
735
1468
134
640
1238
174
747
1323
188
521
1051
169
783
1429
188
602
1496
105
664
1320
151
590
1353
125
766
1354
126
765
1036
119
682
1044
117
637
1314
195
757
1487
197
535
1105
192
754
1237
200
581
1468
159
519
1055
132
515
1345
171
751
1286
120
671
1242
118
570
1167
140
763
1401
107
709
1366
100
518
1125
163
796
1087
170
747
1242
158
793
1057
122
690
1005
148
759
1266
135
544
1172
153
732
1076
174
577
1291
171
590
1252
105
563
1382
164
617
1171
100
756
1381
169
739
1460
149
557
1065
111
575
1395
104
643
1249
126
642
1223
195
610
1121
162
619
1309
129
794
1335
189
661
1319
167
717
1083
183
610
1343
149
547
1264
172
636
1178
186
783
1170
118
679
1073
116
619
1325
104
546
1296
188
645
1279
179
584
1138
177
744
1275
169
769
1135
169
537
1396
139
603
1207
170
555
1463
157
738
1167
145
688
1163
124
722
1309
120
533
1115
105
544
1177
118
585
1372
145
707
1145
175
567
1100
196
756
1231
160
518
1179
151
530
1394
115
742
1139
166
517
1424
118
611
1406
107
788
1047
119
713
1004
135
589
1247
132
514
1264
184
649
1419
167
750
1262
189
639
1239
112
697
1291
141
711
1223
140
681
1061
166
529
1227
104
583
1334
143
591
1304
167
788
1003
133
714
1240
198
644
1228
178
568
1093
181
595
1151
118
624
1211
157
638
1135
141
547
1090
101
694
1384
101
757
1095
182
691
1360
170
768
1238
196
648
1372
163
536
1242
187
700
1103
150
587
1166
194
517
1450
134
774
1134
162
675
1081
198
778
1379
194
652
1302
126
666
1105
166
514
1161
193
590
1415
178
685
1066
105
792
1007
140
540
1286
139
553
1361
162
740
1165
177
698
1226
178
510
1171
185
500
1049
188
767
1189
122
560
1343
182
693
1369
163
797
1361
110
610
1114
173
707
1246
105
606
1433
200
642
1012
127
614
1215
198
613
1041
140
538
1349
132
551
1251
129
632
1172
161
630
1020
154
580
1389
104
564
1077
160
637
1099
134
724
1091
118
599
1063
171
681
1354
153
657
1385
124
758
1495
139
761
1271
183
720
1398
106
533
1484
128
733
1457
121
687
1484
170
606
1455
130
593
1078
115
719
1207
198
654
1369
159
738
1103
175
714
1288
173
752
1127
123
794
1096
114
702
1079
145
512
1185
197
637
1077
152
590
1437
129
592
1391
127
776
1080
106
550
1148
191
601
1311
157
703
1367
100
612
1380
142
601
1002
133
789
1480
147
703
1392
122
571
1016
171
580
1204
181
646
1416
149
505
1052
153
754
1243
190
513
1216
119
736
1155
138
563
1471
181
552
1402
101
627
1466
155
684
1442
116
751
1082
194
761
1086
110
776
1438
163
697
1081
189
731
1487
191
723
1019
165
762
1145
184
623
1442
162
657
1272
148
626
1220
112
522
1125
187
763
1190
199
796
1474
123
774
1446
121
520
1196
154
672
1192
130
523
1433
128
703
1020
157
550
1152
160
552
1351
136
711
1481
164
639
1381
134
590
1204
129
690
1390
159
525
1084
140
695
1062
142
523
1328
173
547
1222
178
722
1495
102
776
1176
120
627
1081
140
542
1393
137
635
1011
106
535
1418
194
533
1085
200
633
1374
119
775
1472
148
763
1220
130
689
1265
162
574
1206
113
694
1296
110
741
1130
125
627
1463
167
798
1441
108
594
1048
175
796
1004
104
612
1421
150
680
1126
138
587
1404
142
663
1433
114
657
1396
117
624
1453
178
528
1147
167
684
1291
157
521
1494
180
678
1123
175
770
1128
141
532
1491
142
557
1449
121
799
1080
159
563
1292
175
523
1402
118
791
1475
179
525
1213
116
603
1092
174
719
1479
178
505
1163
176
799
1100
170
543
1478
141
684
1316
170
504
1431
136
526
1190
115
519
1294
169
794
1451
122
513
1417
160
745
1404
190
651
1082
163
597
1136
138
749
1265
146
651
1337
106
649
1108
180
766
1122
197
663
1059
137
590
1174
145
626
1454
110
697
1447
151
792
1262
120
606
1255
187
508
1165
165
504
1397
111
572
1415
127
548
1189
144
704
1202
186
673
1037
171
610
1085
128
512
1279
164
712
1368
194
660
1466
155
622
1074
126
708
1404
106
675
1033
191
740
1123
125
752
1088
181
790
1423
101
762
1335
138
640
1389
192
540
1286
114
521
1417
101
757
1402
168
602
1255
160
754
1394
106
716
1225
117
608
1137
168
577
1354
182
772
1285
172
591
1015
150
618
1407
187
617
1453
165
540
1124
156
636
1006
137
649
1169
157
770
1266
136
798
1008
180
735
1269
180
625
1424
149
769
1293
186
747
1036
192
566
1252
173
625
1195
138
723
1201
103
527
1412
105
668
1347
163
696
1196
104
729
1277
128
655
1075
188
730
1347
145
565
1463
158
503
1197
167
733
1104
120
538
1446
190
790
1182
157
743
1044
167
766
1099
110
751
1352
165
795
1212
169
568
1058
132
651
1131
107
605
1080
161
709
1418
114
729
1394
172
719
1469
184
527
1311
146
675
1300
153
618
1261
125
751
1226
136
684
1101
177
572
1155
192
711
1206
197
520
1136
157
591
1407
166
525
1447
126
511
1318
154
509
1067
122
771
1070
163
506
1268
178
604
1007
169
535
1087
110
559
1152
124
564
1311
110
588
1298
143
540
1064
151
751
1469
181
587
1258
186
735
1013
163
618
1110
148
750
1045
184
765
1499
190
624
1479
196
617
1059
130
681
1338
106
664
1036
115
516
1322
131
735
1086
176
647
1290
111
528
1167
150
712
1437
142
646
1493
111
620
1334
199
730
1129
119
533
1194
183
717
1413
104
520
1444
152
635
1297
110
656
1078
111
616
1062
163
545
1074
182
573
1423
129
634
1360
191
645
1416
150
643
1209
146
708
1024
162
676
1417
199
603
1277
157
767
1316
110
537
1157
103
598
1194
173
760
1350
124
591
1399
175
559
1155
121
765
1268
183
632
1426
100
545
1036
200
744
1096
182
605
1454
165
701
1359
165
693
1499
118
708
1121
168
787
1351
157
791
1281
164
512
1424
130
713
1225
102
603
1109
186
548
1426
166
783
1150
136
640
1477
144
657
1245
104
651
1161
115
544
1482
187
797
1455
104
651
1491
194
551
1110
178
553
1241
151
574
1198
186
501
1438
169
739
1134
115
718
1024
102
678
1265
105
798
1434
120
665
1173
144
549
1071
138
634
1079
180
685
1054
171
759
1338
129
772
1455
110
662
1063
171
549
1060
176
776
1035
132
505
1244
105
507
1369
193
602
1453
128
613
1124
200
616
1271
193
601
1104
105
766
1223
193
624
1195
195
607
1422
172
721
1416
142
545
1054
123
557
1384
101
716
1147
195
625
1051
142
722
1278
189
698
1399
154
666
1095
146
784
1088
178
541
1356
107
643
1376
106
708
1207
134
608
1192
155
783
1397
120
537
1269
140
547
1375
129
734
1128
165
773
1357
153
693
1227
191
799
1432
110
549
1130
173
597
1081
172
796
1019
175
595
1062
103
553
1173
171
577
1473
134
633
1441
108
505
1455
162
601
1062
127
782
1145
127
502
1497
192
698
1298
199
761
1360
124
719
1435
139
564
1381
106
682
1478
147
750
1395
112
583
1205
160
750
1096
152
615
1240
160
572
1011
175
695
1324
194
574
1239
159
591
1158
115
706
1137
151
702
1194
134
682
1393
188
506
1090
121
519
1173
165
783
1077
174
598
1421
162
578
1068
185
785
1253
138
627
1012
147
601
1301
153
578
1413
134
669
1396
142
799
1338
183
511
1373
164
725
1201
143
745
1429
199
677
1047
126
690
1331
109
509
1489
189
543
1318
174
536
1369
108
664
1471
181
740
1016
157
727
1385
143
563
1014
161
586
1404
193
528
1287
131
649
1203
133
775
1084
190
543
1276
199
570
1469
179
795
1197
126
667
1066
109
702
1449
101
711
1264
116
530
1252
164
637
1222
174
696
1228
196
731
1456
199
545
1297
197
698
1051
147
771
1463
132
534
1012
182
542
1242
143
572
1273
200
562
1183
200
799
1373
106
516
1194
122
602
1097
138
553
1189
130
512
1212
155
610
1349
181
658
1231
102
654
1358
134
725
1187
195
618
1252
109
615
1303
156
547
1412
143
512
1132
191
526
1396
193
762
1355
107
615
1212
147
706
1190
155
791
1450
154
517
1412
147
605
1496
191
718
1284
121
600
1384
106
715
1290
164
771
1129
191
672
1214
140
514
1370
165
724
1128
141
573
1177
187
506
1038
111
650
1059
140
798
1364
194
511
1425
163
595
1480
146
543
1375
196
608
1112
148
771
1372
104
625
1276
174
644
1032
151
708
1107
152
564
1082
188
601
1233
172
725
1290
130
585
1496
107
550
1305
181
733
1083
195
753
1053
110
626
1016
124
735
1107
145
552
1205
194
788
1111
115
532
1313
183
798
1137
121
564
1226
105
697
1098
127
721
1385
144
697
1250
104
708
1130
199
764
1260
130
643
1375
193
530
1234
124
524
1065
133
538
1322
122
710
1217
151
609
1382
185
710
1385
141
689
1246
166
701
1153
162
597
1240
118
552
1327
148
695
1388
131
685
1262
174
562
1221
115
767
1094
155
541
1079
191
718
1222
132
623
1319
181
637
1223
171
770
1163
108
538
1059
175
783
1129
146
506
1300
161
745
1283
171
712
1166
113
664
1462
135
589
1369
194
620
1109
182
658
1449
182
546
1107
177
739
1373
149
664
1287
178
759
1286
129
584
1163
118
778
1381
172
560
1131
132
614
1260
146
706
1414
168
558
1137
147
791
1288
101
612
1040
146
684
1095
168
565
1424
169
507
1311
138
654
1080
175
652
1427
166
735
1492
137
769
1317
183
783
1014
135
708
1415
187
533
1186
150
520
1154
135
733
1148
141
528
1244
129
669
1481
130
612
1064
186
711
1280
188
593
1197
173
507
1330
138
583
1069
174
792
1224
196
640
1468
184
644
1058
182
596
1157
159
509
1435
135
617
1064
126
504
1170
158
567
1410
128
616
1280
189
657
1108
178
697
1095
192
692
1202
114
551
1169
111
781
1336
174
561
1070
128
719
1022
114
670
1415
151
576
1297
129
779
1305
129
588
1109
184
508
1411
119
775
1376
174
744
1086
158
712
1340
185
786
1439
144
775
1047
198
735
1250
111
678
1133
135
621
1003
113
610
1204
145
569
1297
183
615
1137
181
505
1343
164
786
1009
154
561
1233
178
697
1485
138
780
1038
186
593
1006
140
591
1242
177
652
1385
172
510
1003
110
711
1383
141
605
1354
165
788
1340
185
512
1048
172
589
1094
143
505
1153
177
564
1438
112
713
1384
178
645
1238
142
655
1381
162
735
1445
196
800
1431
177
583
1465
199
530
1285
130
610
1073
145
750
1325
183
678
1283
166
621
1347
183
657
1238
107
551
1173
123
605
1044
129
661
1456
143
671
1018
189
698
1466
181
744
1225
194
720
1380
140
791
1250
115
553
1186
200
633
1004
154
781
1129
141
519
1447
186
677
1330
124
745
1033
172
557
1449
108
631
1411
162
644
1180
157
751
1151
130
616
1150
136
552
1311
110
780
1160
176
616
1441
142
538
1426
149
735
1050
121
747
1140
156
723
1420
133
758
1465
122
654
1496
189
617
1071
100
578
1469
189
531
1397
162
723
1086
182
728
1042
181
670
1492
124
649
1455
116
701
1089
112
606
1367
114
736
1050
184
523
1005
147
505
1113
185
654
1069
157
735
1282
147
729
1011
151
598
1288
175
773
1405
178
534
1334
149
609
1133
189
521
1241
106
699
1180
136
554
1315
181
575
1439
109
637
1402
118
564
1308
105
733
1480
155
517
1067
144
578
1127
164
536
1339
113
612
1445
191
567
1112
176
561
1268
176
773
1007
193
696
1366
126
550
1263
158
603
1078
123
578
1295
180
702
1196
166
539
1136
135
548
1121
144
764
1381
132
797
1107
166
702
1456
132
628
1131
146
785
1369
187
786
1234
177
589
1396
108
791
1182
160
607
1371
184
540
1478
187
616
1036
135
733
1396
154
611
1476
141
775
1219
173
699
1262
156
526
1346
133
800
1232
171
556
1415
109
649
1443
188
683
1425
164
759
1384
198
515
1069
139
690
1384
168
619
1492
189
707
1073
113
709
1324
167
668
1139
109
689
1289
123
547
1114
149
742
1433
173
515
1044
102
707
1092
169
692
1494
171
761
1369
160
747
1040
105
702
1242
192
629
1033
166
662
1203
120
623
1389
171
665
1092
111
518
1473
140
535
1456
177
764
1404
194
508
1371
165
687
1400
197
713
1364
114
758
1007
146
700
1068
198
697
1200
114
556
1456
146
752
1017
129
691
1481
126
667
1367
155
733
1240
197
724
1381
111
680
1041
121
751
1492
109
789
1231
161
511
1042
130
679
1125
182
565
1445
163
596
1024
192
703
1342
187
515
1159
125
663
1004
128
693
1102
142
608
1307
118
752
1404
169
515
1019
182
596
1148
139
541
1322
133
705
1049
144
585
1155
113
777
1014
103
613
1363
199
659
1197
148
727
1380
185
736
1122
110
557
1035
125
734
1025
197
551
1361
157
735
1068
116
796
1108
124
670
1463
195
540
1185
102
727
1313
104
599
1015
189
589
1059
116
673
1081
144
767
1446
102
689
1058
130
702
1248
181
666
1424
171
588
1104
196
617
1339
170
656
1071
180
800
1211
127
595
1251
166
591
1202
107
727
1032
178
599
1103
177
515
1113
167
570
1357
100
730
1225
185
530
1135
106
640
1088
182
578
1233
155
765
1074
177
782
1208
190
769
1274
176
776
1421
136
740
1035
101
783
1457
156
509
1188
125
531
1087
118
672
1494
157
501
1271
133
747
1060
129
555
1496
173
799
1117
148
520
1372
187
740
1221
135
686
1254
169
669
1125
195
730
1158
188
705
1054
117
755
1052
134
558
1259
134
509
1198
197
733
1409
140
706
1143
123
586
1007
185
729
1002
138
544
1155
133
620
1190
119
546
1453
180
558
1368
116
683
1396
189
577
1320
173
800
1207
158
563
1111
101
598
1002
152
529
1225
188
670
1346
169
559
1025
146
727
1207
104
796
1320
182
599
1098
179
641
1333
105
677
1281
158
758
1043
153
668
1201
141
604
1430
120
692
1169
178
758
1427
125
630
1253
153
795
1335
130
622
1486
165
601
1462
116
774
1232
151
589
1067
149
712
1115
150
541
1452
135
774
1086
108
528
1392
135
534
1052
127
614
1004
147
783
1384
125
608
1250
155
501
1423
174
513
1255
134
730
1415
103
646
1289
135
763
1022
145
599
1098
132
673
1167
183
559
1011
105
649
1477
166
745
1346
185
638
1093
112
764
1262
174
728
1401
195
516
1300
125
721
1468
128
760
1375
167
592
1402
128
545
1063
131
643
1412
116
502
1185
146
517
1490
136
640
1240
107
796
1144
115
620
1164
102
629
1280
178
567
1079
149
576
1458
145
794
1253
104
716
1208
136
702
1403
118
504
1429
165
502
1428
103
557
1124
164
664
1290
119
767
1357
177
730
1329
178
639
1496
179
765
1481
135
555
1192
102
514
1187
132
791
1391
196
680
1108
116
745
1182
130
728
1462
167
568
1272
146
680
1402
154
577
1451
154
561
1393
154
550
1357
174
682
1268
185
633
1028
117
764
1289
160
765
1237
185
731
1483
133
792
1070
104
601
1024
175
693
1215
196
658
1097
163
510
1227
195
628
1368
113
591
1037
191
766
1304
122
543
1228
166
567
1426
101
682
1134
123
689
1500
138
786
1119
185
788
1313
147
599
1376
180
562
1031
105
641
1368
188
739
1183
174
778
1230
168
674
1208
135
635
1191
116
743
1369
131
729
1101
159
546
1136
115
589
1439
189
513
1126
172
679
1467
108
661
1423
176
646
1065
130
757
1000
177
647
1152
119
756
1161
138
742
1400
178
567
1254
161
667
1139
169
639
1465
200
771
1325
108
510
1010
196
646
1135
193
713
1436
192
785
1036
199
685
1493
154
665
1423
178
704
1457
190
534
1118
188
583
1205
153
742
1150
117
599
1246
160
708
1378
109
557
1114
112
666
1345
144
729
1251
177
761
1294
162
665
1403
193
652
1269
181
745
1327
114
795
1340
162
738
1316
128
720
1289
154
633
1465
167
715
1049
138
540
1304
118
533
1032
171
661
1452
111
728
1280
101
504
1205
118
744
1414
194
743
1234
125
786
1432
131
565
1249
128
648
1293
138
681
1288
111
747
1319
134
708
1301
183
787
1353
137
574
1457
195
709
1072
175
722
1490
126
670
1086
109
753
1031
118
778
1183
165
612
1183
129
634
1468
162
607
1109
145
782
1460
170
619
1103
178
706
1471
145
581
1048
147
741
1184
144
514
1324
191
679
1152
105
551
1109
141
634
1494
123
616
1363
126
680
1021
132
579
1051
198
532
1368
162
774
1191
113
541
1096
166
735
1192
161
758
1088
136
522
1378
174
513
1481
136
699
1492
159
573
1198
110
577
1444
131
645
1029
157
743
1168
135
578
1314
136
506
1367
124
755
1484
151
703
1031
174
552
1108
170
762
1425
128
502
1201
163
582
1272
147
657
1204
147
532
1451
132
508
1421
174
743
1001
182
621
1283
109
596
1143
154
521
1390
162
725
1424
133
610
1093
100
675
1400
163
624
1120
182
713
1482
151
606
1214
121
574
1207
103
530
1188
125
615
1377
169
678
1010
170
736
1094
118
570
1252
104
673
1497
176
642
1282
104
779
1166
157
512
1246
182
594
1233
173
560
1093
178
639
1482
180
647
1048
106
640
1089
135
568
1387
192
604
1106
199
621
1103
100
643
1196
106
652
1082
178
654
1074
196
726
1170
126
695
1076
125
736
1409
181
598
1268
109
780
1005
103
696
1151
107
591
1322
149
560
1216
165
555
1273
163
641
1029
117
507
1073
114
797
1020
102
788
1294
104
549
1316
148
715
1096
125
618
1449
198
768
1012
158
704
1125
155
570
1005
160
700
1262
144
760
1271
170
786
1435
113
754
1417
194
619
1017
198
556
1024
138
567
1222
110
685
1225
152
622
1350
143
626
1143
114
550
1018
148
663
1323
166
572
1123
111
525
1364
138
592
1199
104
536
1095
126
711
1218
190
679
1218
152
550
1288
178
754
1044
197
542
1169
114
695
1199
146
592
1240
165
585
1239
124
780
1260
135
678
1364
164
734
1144
136
786
1385
118
758
1495
125
752
1065
117
525
1413
147
669
1251
125
611
1072
179
571
1201
131
605
1156
152
569
1199
192
695
1309
190
546
1473
128
611
1119
101
586
1066
167
647
1203
186
508
1090
135
660
1452
165
617
1218
118
542
1364
112
647
1146
134
549
1141
196
686
1203
190
523
1288
151
654
1028
109
720
1092
180
764
1423
197
605
1197
191
579
1055
194
562
1060
133
575
1160
133
724
1210
163
545
1369
178
743
1286
185
747
1067
170
772
1081
129
623
1385
135
711
1331
133
551
1282
141
530
1254
195
632
1062
151
503
1445
102
712
1366
135
596
1221
120
789
1114
126
667
1017
103
793
1374
140
537
1456
112
638
1130
104
553
1014
103
536
1051
171
580
1021
175
626
1400
166
630
1380
129
572
1024
109
648
1163
103
653
1329
125
586
1026
118
540
1258
166
655
1404
175
669
1324
197
702
1246
162
504
1336
108
541
1408
123
610
1075
132
538
1403
176
631
1122
125
552
1054
169
612
1115
191
664
1415
172
723
1492
109
769
1317
186
574
1417
145
792
1274
144
765
1141
162
790
1388
137
631
1269
199
694
1209
137
594
1245
123
796
1299
186
504
1341
127
589
1098
178
596
1474
178
646
1400
159
659
1258
126
573
1441
192
719
1017
171
724
1131
100
516
1139
135
748
1166
146
583
1018
194
747
1334
166
598
1130
166
572
1178
193
590
1323
179
536
1248
157
774
1020
114
696
1354
113
608
1496
168
672
1132
143
721
1421
114
757
1199
193
692
1003
102
518
1083
162
732
1454
137
555
1160
138
774
1094
110
566
1150
173
505
1035
174
570
1358
139
532
1475
179
658
1050
112
759
1217
160
766
1315
150
627
1314
114
735
1159
111
673
1015
117
756
1342
137
651
1147
136
508
1333
117
751
1127
175
799
1358
165
685
1068
126
752
1239
198
690
1416
127
773
1148
136
559
1357
107
677
1491
185
542
1453
122
717
1353
196
766
1358
134
744
1433
183
530
1480
147
792
1191
178
697
1491
160
533
1248
137
513
1124
188
795
1347
187
566
1017
107
547
1308
172
741
1364
168
771
1027
118
591
1238
129
730
1060
161
574
1442
143
545
1147
155
641
1280
190
766
1441
108
544
1171
181
720
1370
118
518
1091
118
733
1361
128
767
1410
182
780
1427
118
627
1137
187
606
1002
127
752
1102
104
551
1068
107
523
1291
156
620
1037
185
676
1155
139
651
1004
110
642
1418
175
750
1461
118
761
1325
166
697
1472
175
549
1187
188
736
1412
132
728
1159
136
785
1423
105
646
1452
161
647
1483
177
505
1193
161
642
1399
193
783
1180
115
578
1451
129
680
1107
117
725
1362
143
658
1410
136
591
1439
147
697
1197
152
531
1152
108
519
1289
183
780
1155
104
603
1100
110
681
1004
169
772
1164
183
736
1458
123
633
1104
145
559
1166
121
793
1330
173
717
1072
138
759
1164
161
790
1454
125
704
1125
160
704
1257
138
786
1236
148
548
1484
186
538
1431
128
629
1361
138
653
1240
164
716
1261
195
605
1162
179
504
1011
176
541
1329
135
561
1479
165
539
1357
125
544
1328
112
746
1021
107
533
1116
175
698
1113
159
761
1218
109
714
1437
177
639
1484
182
631
1145
176
653
1178
154
643
1078
124
772
1494
132
793
1303
142
699
1371
169
557
1278
142
721
1450
186
771
1139
121
714
1106
135
701
1433
165
727
1056
132
568
1044
137
683
1320
103
644
1457
111
569
1301
137
705
1329
184
694
1278
109
512
1262
192
673
1218
184
525
1451
119
591
1239
197
625
1190
172
726
1174
162
574
1220
133
646
1378
143
532
1297
101
631
1195
150
690
1471
125
720
1020
144
671
1186
152
782
1363
143
572
1147
127
678
1297
137
523
1015
174
593
1367
160
532
1280
117
687
1262
170
723
1066
187
528
1409
199
750
1014
135
551
1266
158
524
1345
191
569
1074
106
609
1207
162
603
1270
130
606
1026
101
707
1253
166
627
1149
166
670
1320
149
739
1048
183
630
1044
152
671
1493
164
768
1084
142
686
1428
144
720
1480
152
576
1317
197
517
1097
176
710
1339
113
543
1169
120
721
1352
136
768
1121
167
617
1182
181
776
1291
156
668
1070
107
643
1057
199
670
1132
119
746
1360
135
765
1206
124
503
1437
107
716
1192
165
744
1410
103
748
1315
104
517
1083
179
609
1123
153
575
1231
110
714
1369
195
774
1260
162
521
1381
142
765
1258
135
691
1366
180
619
1144
150
551
1442
199
587
1292
112
742
1339
179
680
1455
108
656
1009
149
800
1480
103
674
1041
179
650
1460
123
693
1457
113
742
1444
118
508
1449
162
787
1167
195
500
1039
180
601
1011
136
774
1296
124
500
1420
149
605
1316
104
633
1372
119
735
1418
102
513
1030
178
615
1270
176
539
1205
143
782
1175
113
644
1170
105
623
1424
195
693
1401
128
744
1214
138
710
1267
117
690
1247
130
599
1216
176
507
1141
109
610
1107
171
798
1215
140
510
1425
179
616
1107
133
629
1492
157
559
1152
101
634
1102
123
516
1153
146
505
1304
194
786
1300
144
664
1238
118
777
1422
151
640
1497
164
588
1357
158
582
1490
189
762
1261
101
631
1225
167
680
1120
121
541
1250
135
737
1120
124
748
1193
172
511
1280
148
663
1045
107
556
1076
190
716
1066
156
541
1147
127
595
1106
158
541
1096
165
752
1424
120
565
1267
106
586
1216
174
632
1111
197
576
1156
199
772
1279
134
656
1484
168
609
1086
197
640
1132
187
572
1205
121
788
1163
113
565
1009
128
738
1058
152
667
1276
116
575
1497
132
652
1066
122
536
1169
129
763
1072
175
607
1225
155
719
1435
171
678
1219
117
526
1207
165
518
1196
177
750
1361
133
546
1484
132
776
1472
119
796
1440
145
725
1278
165
784
1377
178
590
1487
104
567
1314
146
711
1162
120
684
1346
112
604
1274
155
657
1488
150
747
1486
189
511
1214
166
698
1449
133
793
1223
194
675
1045
126
608
1161
108
687
1172
163
757
1137
131
783
1473
188
768
1274
178
603
1155
172
760
1089
170
523
1237
132
600
1298
126
579
1330
170
534
1115
174
695
1479
118
768
1492
124
604
1495
133
586
1347
120
606
1335
157
680
1379
103
709
1104
150
753
1115
137
683
1465
123
615
1165
110
741
1336
200
517
1328
194
577
1288
152
553
1395
169
639
1217
189
522
1366
167
688
1361
173
798
1438
116
732
1077
177
599
1376
183
666
1249
119
689
1406
103
586
1064
174
515
1367
122
575
1417
107
605
1498
130
569
1218
117
532
1362
139
603
1259
152
660
1442
150
694
1235
150
762
1266
140
502
1415
107
722
1002
168
503
1500
112
524
1077
151
767
1062
127
716
1295
154
661
1402
191
522
1247
173
781
1070
127
764
1368
186
511
1075
176
651
1330
170
508
1097
164
638
1446
125
693
1260
150
636
1393
168
786
1441
184
602
1466
141
619
1245
117
558
1270
141
650
1132
102
599
1059
128
601
1475
184
770
1482
180
578
1496
107
520
1096
105
784
1335
186
536
1206
176
741
1415
129
764
1427
190
588
1149
163
715
1246
129
567
1055
149
663
1171
194
682
1323
137
512
1286
190
744
1288
101
755
1213
176
695
1209
117
780
1200
133
698
1042
129
778
1487
108
601
1089
109
790
1332
118
540
1327
153
539
1034
161
512
1496
125
765
1129
189
656
1138
173
742
1303
193
770
1447
181
630
1401
182
530
1083
137
637
1031
165
518
1244
168
665
1080
171
692
1370
181
771
1101
128
505
1382
186
635
1284
143
626
1026
132
748
1277
121
586
1480
152
678
1440
168
777
1228
112
746
1026
119
672
1437
133
668
1453
189
505
1276
106
556
1100
139
783
1064
159
639
1101
146
732
1097
135
615
1379
147
532
1204
111
578
1431
132
762
1076
122
585
1153
158
768
1018
172
639
1303
151
776
1253
192
532
1497
180
784
1254
184
792
1454
129
756
1151
165
692
1476
120
539
1264
157
640
1231
161
783
1282
194
553
1152
126
554
1227
142
553
1206
167
715
1247
166
502
1334
187
745
1264
129
777
1262
165
763
1261
112
779
1292
127
728
1400
102
686
1255
153
739
1278
159
605
1126
107
693
1121
186
673
1209
158
715
1173
117
746
1467
167
740
1492
162
529
1053
195
600
1049
102
624
1250
170
505
1024
166
739
1126
166
556
1444
185
781
1351
165
590
1106
174
615
1275
166
633
1451
190
552
1418
127
533
1077
159
621
1005
130
598
1415
162
747
1387
107
637
1145
168
609
1340
125
688
1037
107
711
1323
135
692
1124
145
730
1454
105
752
1391
165
722
1108
196
607
1175
177
692
1285
113
581
1209
158
762
1478
125
749
1456
174
799
1483
156
558
1195
164
735
1048
154
683
1483
104
633
1370
161
550
1421
108
633
1103
126
612
1197
165
694
1369
189
681
1063
158
636
1400
105
598
1273
195
531
1104
195
632
1236
192
501
1061
104
793
1405
123
653
1051
104
554
1007
119
665
1365
151
784
1429
137
638
1399
112
613
1023
124
720
1032
194
765
1422
109
595
1087
141
633
1117
113
714
1054
116
647
1478
159
769
1182
101
674
1045
174
777
1361
158
762
1171
123
573
1310
199
722
1088
118
775
1319
142
675
1022
176
542
1075
175
784
1267
116
733
1498
103
782
1017
156
535
1238
113
533
1221
102
507
1453
135
533
1303
125
710
1368
197
658
1043
118
596
1186
109
634
1444
129
696
1160
128
570
1343
147
607
1196
141
769
1141
198
555
1342
113
527
1143
131
741
1205
170
780
1032
199
595
1420
122
662
1228
191
601
1368
115
540
1419
165
673
1172
124
782
1487
126
594
1037
163
641
1250
100
728
1191
101
502
1327
141
566
1189
192
646
1039
132
552
1095
183
754
1252
171
786
1309
109
778
1475
116
515
1426
162
680
1449
132
669
1410
160
737
1323
159
795
1013
105
644
1357
189
713
1473
117
620
1366
162
626
1437
148
585
1056
154
799
1029
151
693
1151
136
716
1219
162
675
1097
113
609
1368
125
700
1048
161
798
1138
132
771
1239
153
708
1239
180
796
1378
200
798
1249
145
607
1025
131
504
1492
140
747
1345
182
788
1307
167
624
1386
193
712
1017
165
679
1176
105
758
1419
141
703
1405
156
572
1489
177
640
1473
151
547
1012
170
596
1231
104
620
1268
176
501
1022
118
554
1406
144
654
1478
170
764
1413
169
614
1319
108
587
1025
107
567
1318
189
512
1460
164
507
1190
138
623
1297
158
715
1351
143
607
1294
178
737
1210
175
515
1113
151
787
1474
182
619
1459
171
530
1389
188
729
1498
115
790
1049
118
570
1341
114
785
1039
119
605
1330
143
745
1192
186
731
1040
135
540
1110
144
632
1411
199
752
1007
114
719
1169
131
688
1315
168
629
1107
111
624
1360
121
635
1395
139
718
1186
131
737
1094
159
786
1138
195
651
1386
157
527
1467
158
747
1489
176
664
1290
123
527
1092
170
755
1092
160
569
1160
103
730
1066
190
685
1279
112
610
1314
117
782
1093
166
608
1393
127
531
1346
147
790
1407
160
650
1418
139
690
1245
188
615
1112
182
621
1244
185
548
1417
186
617
1464
155
691
1026
136
549
1021
120
502
1011
131
507
1255
132
584
1062
126
750
1195
134
795
1335
101
685
1037
134
793
1300
174
503
1046
145
768
1090
107
673
1443
157
697
1017
141
558
1382
175
731
1113
160
770
1167
190
680
1322
119
767
1407
105
506
1336
121
720
1253
148
725
1464
145
532
1457
162
596
1013
151
566
1210
150
658
1099
135
665
1394
185
722
1358
143
640
1172
149
757
1067
102
758
1432
105
524
1427
151
513
1247
186
668
1139
113
630
1250
114
506
1156
163
562
1160
105
584
1103
124
570
1300
111
655
1171
191
642
1196
197
665
1038
106
657
1063
160
525
1202
163
567
1065
170
678
1388
140
663
1435
158
702
1157
112
631
1011
139
734
1327
128
677
1192
198
641
1262
144
578
1132
149
748
1199
101
711
1147
128
696
1246
171
526
1345
111
720
1031
137
571
1223
160
711
1027
188
702
1154
169
594
1459
118
649
1151
110
519
1427
187
781
1412
183
506
1397
105
652
1363
170
784
1282
180
510
1473
135
643
1027
159
524
1114
111
686
1398
181
757
1500
197
592
1491
196
710
1227
155
738
1297
143
721
1236
174
533
1318
182
632
1091
119
564
1171
152
589
1079
127
676
1203
112
585
1149
188
608
1459
194
749
1404
157
503
1308
115
640
1145
125
552
1454
170
627
1383
109
762
1277
126
511
1266
104
765
1203
160
549
1224
108
530
1453
167
560
1318
108
766
1393
151
657
1147
159
518
1367
182
684
1422
181
773
1301
110
538
1043
157
797
1305
140
610
1200
189
586
1493
151
615
1130
137
793
1375
147
741
1381
143
738
1192
123
689
1204
161
748
1006
117
727
1010
184
721
1366
139
578
1360
147
608
1417
178
615
1174
105
743
1007
180
622
1312
148
618
1031
124
525
1252
138
762
1454
194
734
1455
108
643
1443
111
646
1277
101
728
1407
154
594
1416
104
790
1225
144
673
1017
161
511
1384
149
701
1376
150
665
1220
177
584
1133
149
512
1277
197
684
1302
118
643
1285
111
766
1135
156
587
1115
194
762
1289
177
612
1391
184
540
1022
165
595
1080
138
681
1008
158
778
1498
188
591
1190
177
506
1374
157
747
1427
182
629
1173
156
692
1159
178
580
1354
138
736
1331
113
640
1426
150
515
1180
145
686
1469
158
710
1318
150
704
1061
141
709
1418
147
641
1285
182
690
1291
194
694
1335
103
643
1212
179
676
1004
150
694
1344
114
585
1316
191
712
1174
107
539
1006
118
673
1375
131
531
1148
114
781
1004
149
507
1067
156
516
1170
199
598
1003
138
785
1359
143
567
1342
178
718
1472
169
777
1099
153
650
1019
142
679
1428
195
769
1113
142
632
1044
195
700
1407
148
593
1269
123
555
1393
121
707
1309
193
517
1008
193
671
1404
125
547
1262
110
506
1329
135
747
1153
188
678
1427
188
697
1096
181
560
1280
174
586
1441
114
775
1392
163
677
1177
112
530
1022
175
747
1386
125
547
1331
121
798
1265
144
717
1060
159
576
1435
151
570
1057
125
543
1085
111
554
1144
197
787
1121
194
536
1408
111
536
1202
152
742
1105
196
622
1132
186
772
1394
175
672
1132
137
721
1201
150
749
1419
112
691
1384
139
707
1330
178
598
1135
191
504
1432
124
660
1091
154
536
1115
143
753
1135
182
668
1098
185
795
1079
176
646
1267
164
533
1414
122
779
1193
114
536
1253
135
628
1197
107
713
1452
190
506
1153
147
603
1085
122
700
1002
120
732
1389
180
544
1278
170
746
1006
114
770
1405
150
660
1307
146
746
1312
149
636
1392
193
526
1398
126
721
1161
179
563
1109
173
735
1167
198
689
1450
105
596
1309
134
671
1294
155
643
1383
130
604
1046
173
605
1409
192
748
1334
161
576
1175
169
595
1242
181
606
1263
115
787
1262
108
672
1071
139
777
1256
113
545
1158
152
713
1197
159
521
1308
118
519
1104
131
569
1321
145
776
1326
109
616
1211
198
721
1294
133
547
1379
195
703
1263
117
527
1099
128
706
1038
179
689
1188
165
556
1155
152
777
1038
145
521
1120
176
620
1096
175
676
1453
129
725
1401
182
716
1244
165
793
1280
120
612
1321
113
618
1269
139
777
1458
122
714
1126
108
572
1332
186
558
1356
181
739
1224
164
580
1330
175
507
1012
186
726
1084
122
643
1016
110
725
1494
138
720
1055
141
617
1047
136
509
1401
122
615
1334
153
539
1412
158
686
1435
139
751
1027
108
637
1401
108
616
1001
180
666
1035
151
680
1131
166
547
1279
178
669
1287
154
794
1339
179
616
1284
124
620
1319
134
734
1482
121
712
1428
168
692
1197
127
707
1395
184
657
1217
192
667
1452
123
731
1019
194
506
1144
115
622
1049
149
503
1239
166
505
1198
154
781
1443
109
684
1201
142
510
1290
132
631
1251
181
582
1296
173
698
1045
126
652
1304
170
588
1224
159
609
1197
192
540
1055
114
684
1208
116
547
1065
134
541
1455
162
540
1073
101
774
1374
187
560
1337
199
627
1117
198
645
1442
193
597
1312
154
529
1386
169
718
1433
112
575
1151
168
709
1317
172
545
1389
101
545
1492
197
662
1162
138
671
1439
179
654
1029
107
650
1240
164
543
1463
158
782
1321
150
520
1481
113
752
1157
178
780
1446
125
716
1306
156
641
1037
190
689
1472
193
583
1143
172
524
1067
139
680
1351
200
584
1090
183
792
1311
170
667
1440
114
515
1457
138
584
1470
153
728
1478
139
633
1243
200
765
1348
194
653
1306
107
670
1438
130
670
1300
106
733
1302
126
662
1320
175
634
1193
149
735
1131
101
558
1282
194
542
1477
183
672
1381
134
581
1436
137
647
1457
123
798
1380
128
559
1282
106
631
1244
134
673
1160
194
725
1058
124
770
1099
159
732
1202
105
714
1284
100
614
1329
200
776
1277
120
707
1326
103
639
1270
199
706
1439
166
799
1297
141
682
1207
120
601
1371
118
606
1381
141
764
1291
195
611
1071
191
723
1305
155
759
1207
165
692
1301
172
511
1020
191
533
1465
167
625
1175
111
512
1089
148
501
1466
147
653
1450
184
705
1001
124
502
1037
112
517
1154
192
504
1245
138
624
1359
200
524
1486
178
673
1056
153
588
1241
124
771
1077
173
724
1324
153
732
1362
106
605
1138
187
542
1390
185
684
1081
153
750
1316
103
688
1177
127
684
1495
135
761
1234
118
729
1241
154
660
1025
171
742
1419
195
765
1329
185
746
1487
152
655
1122
112
758
1499
116
522
1082
146
696
1478
130
703
1196
149
655
1478
151
764
1057
120
676
1423
162
630
1136
134
523
1292
166
714
1352
169
692
1322
189
656
1283
151
696
1234
158
604
1183
161
603
1123
148
724
1074
133
728
1035
176
645
1370
123
659
1229
175
520
1460
172
756
1281
169
568
1215
179
620
1173
174
559
1029
152
579
1159
100
766
1074
120
667
1121
148
506
1365
200
743
1080
132
755
1343
143
531
1287
157
555
1353
182
509
1114
133
595
1126
141
708
1225
155
782
1261
120
760
1185
101
758
1085
112
593
1425
189
685
1192
123
776
1020
184
748
1374
139
780
1295
127
590
1094
171
745
1118
165
711
1250
133
641
1499
194
596
1265
153
701
1380
109
692
1452
143
580
1114
174
787
1066
146
695
1173
126
790
1255
155
549
1030
127
600
1019
101
703
1255
131
560
1102
147
599
1194
105
649
1429
166
767
1390
189
558
1444
162
733
1035
196
721
1258
174
779
1148
151
700
1166
146
695
1465
192
761
1246
105
524
1028
164
692
1312
102
513
1130
142
608
1058
106
548
1291
127
522
1360
119
609
1335
133
623
1058
197
596
1050
189
774
1443
123
745
1451
176
705
1117
140
718
1260
118
524
1415
150
666
1213
105
500
1075
146
660
1117
195
778
1310
197
664
1317
116
621
1196
116
727
1259
111
603
1472
170
687
1298
132
556
1275
131
501
1455
189
717
1192
135
666
1180
103
762
1481
138
597
1287
166
516
1180
123
719
1162
159
600
1353
164
512
1225
109
565
1024
173
577
1130
107
511
1022
170
522
1316
175
756
1277
166
585
1256
159
590
1034
164
707
1083
154
702
1446
145
505
1214
105
792
1486
121
782
1168
172
615
1497
127
639
1223
142
734
1252
124
502
1446
128
527
1042
155
570
1250
176
655
1346
164
539
1388
145
699
1058
183
627
1368
183
531
1005
183
664
1229
139
783
1075
178
786
1342
165
564
1171
150
637
1148
128
625
1151
171
518
1414
146
600
1197
116
749
1289
140
594
1085
149
687
1462
126
504
1277
166
565
1410
107
780
1480
146
507
1454
178
537
1351
147
603
1472
185
668
1146
177
533
1417
102
774
1383
170
714
1152
125
734
1457
102
626
1073
165
579
1437
142
689
1199
116
655
1334
123
670
1058
156
608
1223
116
711
1359
179
674
1187
176
772
1095
131
737
1451
142
749
1182
104
756
1078
156
704
1498
180
793
1303
136
705
1485
144
720
1002
136
689
1262
116
780
1138
191
682
1211
102
601
1133
197
550
1318
183
506
1110
107
724
1367
199
781
1404
177
645
1292
168
529
1277
197
711
1448
165
620
1325
156
689
1035
191
666
1210
115
645
1164
108
518
1190
147
521
1485
102
695
1132
117
598
1200
180
554
1327
162
638
1357
105
743
1364
142
517
1361
115
568
1303
187
669
1159
185
556
1114
106
501
1047
168
632
1291
150
579
1328
143
523
1278
139
745
1388
188
534
1159
128
559
1190
113
563
1463
112
563
1426
191
645
1194
144
652
1404
116
531
1342
189
559
1251
131
790
1378
158
696
1061
148
622
1483
151
501
1384
182
795
1371
144
742
1168
112
714
1475
126
569
1412
185
553
1418
138
569
1404
150
595
1089
158
563
1003
129
751
1484
157
537
1373
179
739
1385
116
674
1326
169
560
1393
139
524
1490
132
712
1266
141
640
1165
100
691
1005
123
677
1424
130
559
1376
173
779
1096
133
561
1280
160
578
1446
157
532
1178
141
587
1321
116
712
1023
110
583
1162
108
770
1287
199
648
1415
169
677
1208
126
610
1387
139
594
1234
150
709
1316
163
741
1432
187
671
1389
105
718
1396
192
708
1247
181
541
1252
121
662
1041
133
783
1271
198
557
1247
111
673
1497
192
605
1238
103
547
1407
138
703
1286
143
702
1233
167
683
1299
158
617
1102
198
795
1015
186
505
1232
110
677
1141
165
775
1222
193
778
1336
160
679
1211
143
741
1176
138
591
1088
171
738
1445
174
634
1018
135
576
1040
192
682
1282
113
509
1434
108
644
1048
105
505
1481
150
689
1157
116
582
1273
149
748
1020
161
687
1255
134
613
1005
133
675
1007
120
516
1129
188
633
1452
149
720
1466
141
725
1420
143
714
1153
134
586
1221
159
720
1262
104
771
1189
121
727
1199
166
724
1454
159
672
1060
176
505
1207
107
563
1491
109
765
1106
