115
656
1348
142
598
1190
138
679
1030
146
574
1077
177
752
1192
115
578
1319
137
561
1067
176
543
1024
138
511
1353
100
749
1362
197
629
1213
100
704
1019
172
566
1110
130
660
1301
177
665
1100
164
757
1321
112
575
1046
132
579
1058
150
741
1478
170
731
1387
110
776
1183
136
732
1473
146
682
1395
108
516
1348
141
723
1440
109
792
1357
195
714
1364
139
654
1358
150
590
1136
181
782
1096
125
662
1451
136
631
1395
153
637
1258
167
639
1032
197
764
1008
175
524
1233
174
553
1181
140
624
1131
166
535
1346
199
712
1454
197
613
1219
144
547
1048
196
527
1190
177
775
1488
136
519
1159
104
567
1064
197
621
1001
161
705
1431
139
730
1350
147
774
1328
140
617
1241
120
686
1083
115
760
1200
110
623
1459
195
619
1308
106
547
1304
159
706
1383
195
786
1483
121
793
1243
196
672
1218
169
528
1487
105
745
1247
196
747
1419
161
775
1116
167
600
1004
194
558
1392
181
580
1158
113
707
1199
198
696
1259
119
535
1218
105
542
1083
154
702
1457
106
690
1176
137
536
1125
195
633
1088
117
677
1037
140
648
1407
184
584
1425
163
639
1004
160
540
1288
112
690
1344
120
540
1469
123
516
1214
170
754
1018
195
515
1063
121
773
1429
102
736
1102
108
516
1355
123
745
1238
182
563
1117
120
731
1354
134
777
1040
141
518
1137
165
554
1261
129
722
1012
196
773
1293
151
764
1428
112
513
1286
199
705
1214
167
701
1198
155
790
1411
196
531
1106
128
748
1030
134
606
1215
172
549
1384
157
514
1311
176
780
1133
153
588
1334
100
743
1326
159
710
1432
199
693
1185
116
789
1381
182
676
1375
191
551
1015
129
772
1363
195
541
1198
146
791
1256
110
524
1276
175
675
1488
155
789
1496
173
790
1466
182
745
1045
161
609
1202
161
692
1348
133
550
1246
125
715
1475
136
744
1450
123
671
1129
164
656
1123
155
545
1174
187
516
1467
101
550
1010
102
686
1166
196
621
1342
157
566
1241
133
613
1475
139
655
1197
105
538
1133
156
712
1210
123
545
1373
191
557
1182
148
629
1290
189
666
1419
115
747
1292
102
590
1417
166
666
1325
176
617
1159
167
635
1320
137
550
1432
136
759
1305
137
760
1257
130
557
1432
153
778
1344
119
687
1371
170
587
1127
124
539
1190
135
595
1369
162
713
1345
128
655
1271
190
652
1143
136
657
1290
200
754
1106
131
506
1266
149
687
1453
100
623
1005
129
508
1257
131
518
1036
150
654
1200
174
568
1222
161
771
1219
161
719
1069
108
717
1373
122
519
1380
125
583
1413
112
609
1343
173
537
1445
130
546
1325
131
632
1491
196
720
1129
169
734
1189
182
776
1143
150
572
1486
187
531
1496
150
560
1121
180
763
1036
160
550
1278
125
656
1403
142
664
1307
184
612
1102
126
669
1226
160
710
1481
181
550
1024
187
536
1451
115
735
1231
189
755
1060
162
798
1013
148
649
1329
124
658
1348
157
759
1150
117
541
1390
179
682
1207
139
774
1284
158
593
1187
125
556
1172
180
725
1463
173
728
1274
108
610
1096
136
562
1340
199
684
1291
152
791
1206
155
640
1080
145
571
1205
112
780
1470
160
656
1262
186
695
1021
190
715
1374
182
505
1258
111
595
1219
153
760
1242
182
769
1071
187
571
1026
161
579
1377
127
780
1205
146
753
1001
158
583
1412
173
738
1242
186
502
1104
118
510
1114
145
738
1314
138
550
1006
126
745
1164
100
660
1116
131
506
1011
153
616
1177
172
635
1014
106
774
1106
149
606
1087
149
589
1084
188
690
1349
124
786
1329
109
676
1062
112
697
1424
195
762
1297
157
575
1010
165
521
1050
184
649
1068
127
708
1417
118
672
1361
125
768
1152
188
610
1464
190
642
1417
121
680
1478
154
631
1444
102
792
1326
136
579
1090
141
632
1289
170
684
1359
150
598
1405
170
714
1417
193
758
1392
139
502
1310
112
775
1403
135
676
1387
144
682
1063
154
731
1182
111
756
1316
178
608
1035
124
570
1162
181
696
1429
194
579
1043
191
664
1423
115
778
1239
166
795
1254
199
796
1222
153
571
1414
175
689
1098
177
714
1448
171
671
1082
145
770
1218
101
787
1122
186
769
1200
111
675
1055
191
685
1154
135
633
1176
134
729
1130
132
558
1177
199
503
1338
121
551
1126
188
753
1013
132
643
1384
145
662
1283
131
539
1043
106
657
1183
156
558
1274
196
516
1377
145
518
1202
107
509
1018
191
537
1331
186
576
1393
151
709
1222
182
679
1244
105
741
1106
196
518
1281
130
570
1442
162
573
1143
120
780
1221
159
568
1257
144
763
1218
189
667
1214
140
776
1275
133
654
1026
135
598
1339
108
730
1248
106
722
1218
164
741
1024
142
647
1489
165
555
1437
193
529
1073
145
613
1366
104
524
1185
143
601
1168
154
618
1455
154
712
1077
113
535
1404
177
506
1134
175
531
1476
187
706
1427
123
639
1091
160
576
1147
170
571
1190
147
734
1394
186
515
1012
155
612
1346
100
752
1163
186
617
1434
101
675
1379
166
780
1449
128
547
1377
148
699
1461
105
518
1287
113
749
1372
172
685
1144
147
550
1412
114
675
1400
140
713
1385
135
713
1420
131
650
1372
116
758
1216
102
630
1025
110
649
1052
129
773
1005
108
798
1064
121
765
1315
173
526
1268
157
656
1112
120
680
1141
168
613
1011
122
742
1098
119
635
1498
128
616
1286
130
769
1312
165
584
1463
114
729
1261
114
526
1453
105
739
1366
100
508
1421
196
631
1208
169
622
1496
167
727
1443
168
739
1324
151
515
1318
192
676
1196
121
694
1010
129
763
1464
116
689
1235
194
577
1123
150
502
1491
178
516
1168
159
616
1385
129
725
1076
140
573
1326
146
590
1321
107
622
1117
167
531
1259
187
628
1414
129
536
1282
135
764
1048
110
582
1137
167
541
1152
136
632
1350
178
505
1407
105
779
1410
155
783
1070
199
621
1226
114
510
1415
132
502
1150
152
522
1308
135
732
1051
182
651
1014
146
507
1101
126
717
1158
143
753
1192
199
711
1295
182
799
1123
108
510
1464
188
553
1445
157
706
1420
123
517
1337
175
800
1280
137
790
1057
141
790
1223
142
791
1495
159
690
1497
122
659
1428
131
787
1090
135
640
1072
200
669
1258
193
501
1136
119
613
1028
130
613
1402
179
719
1339
186
539
1472
108
640
1427
152
665
1265
134
736
1057
110
762
1131
175
524
1014
129
513
1233
150
581
1046
169
693
1471
192
595
1091
126
628
1212
183
604
1461
105
652
1336
158
784
1030
166
673
1402
195
556
1339
120
795
1396
139
550
1489
140
562
1095
161
725
1443
141
720
1146
103
600
1347
138
747
1316
192
657
1111
116
798
1499
163
601
1111
167
601
1158
152
787
1026
162
549
1066
198
748
1113
103
682
1173
182
672
1420
121
698
1173
166
659
1227
175
685
1456
100
523
1200
121
720
1285
188
579
1127
194
778
1382
131
737
1096
154
713
1267
124
730
1196
168
595
1409
157
501
1303
103
696
1162
174
508
1061
175
514
1138
111
712
1393
191
713
1389
141
522
1401
141
606
1471
104
771
1426
124
753
1465
157
690
1211
138
725
1087
129
657
1015
194
784
1403
138
749
1039
180
732
1410
176
553
1373
115
584
1326
171
686
1317
134
636
1444
145
759
1166
101
685
1344
156
731
1029
179
631
1345
164
750
1154
178
671
1166
146
530
1468
136
634
1477
120
568
1007
119
797
1195
159
670
1465
127
528
1230
129
578
1042
185
627
1125
114
686
1140
129
599
1005
178
727
1180
100
541
1180
197
538
1283
160
739
1001
184
688
1283
195
532
1170
180
608
1245
157
600
1058
138
784
1261
122
596
1218
137
669
1124
195
725
1396
174
540
1060
174
582
1200
128
538
1259
169
746
1218
199
571
1104
198
672
1375
176
501
1002
117
630
1378
119
660
1156
190
510
1310
177
637
1225
194
771
1114
154
600
1058
176
793
1110
155
747
1349
145
551
1218
166
637
1232
108
681
1363
106
511
1495
158
577
1309
141
584
1480
172
687
1179
187
564
1307
180
698
1339
116
775
1432
140
675
1207
162
790
1067
164
792
1170
126
556
1075
182
730
1460
171
588
1476
141
661
1014
148
788
1291
190
739
1009
152
724
1104
134
636
1008
108
701
1427
163
774
1217
152
767
1014
147
576
1399
196
582
1391
169
698
1226
148
590
1251
119
689
1392
165
662
1238
163
576
1189
169
522
1075
158
632
1359
173
515
1220
177
575
1170
110
725
1468
186
592
1209
182
728
1335
119
633
1215
178
517
1386
193
515
1327
156
618
1268
180
603
1431
124
652
1080
173
690
1073
127
688
1323
195
638
1045
111
597
1301
149
715
1383
176
638
1135
155
575
1183
197
506
1134
188
560
1068
172
750
1439
134
522
1220
130
683
1034
144
555
1089
150
736
1470
151
694
1377
153
645
1252
102
523
1170
128
728
1323
115
514
1422
134
505
1477
125
645
1363
100
637
1202
158
647
1331
174
540
1379
162
717
1396
200
785
1136
147
555
1068
124
762
1241
196
788
1017
152
611
1483
127
549
1366
102
778
1119
194
790
1099
119
632
1480
146
596
1024
159
573
1129
105
746
1390
186
568
1073
111
515
1459
151
617
1040
179
542
1460
175
647
1304
145
535
1472
108
538
1426
173
545
1120
102
583
1054
126
573
1368
164
638
1066
103
773
1302
191
560
1193
199
583
1498
131
564
1150
101
682
1215
134
607
1286
122
553
1207
158
516
1223
108
744
1399
156
569
1490
172
599
1207
151
511
1270
137
634
1084
186
733
1248
188
580
1468
179
553
1455
188
686
1236
155
744
1322
172
513
1361
112
613
1263
191
552
1469
151
626
1004
138
798
1137
127
502
1312
183
709
1137
185
516
1364
149
670
1156
135
714
1204
149
776
1458
127
770
1135
138
668
1484
126
525
1081
133
786
1311
180
750
1450
179
641
1294
190
671
1010
139
684
1154
164
768
1285
190
650
1169
157
739
1473
186
652
1313
135
616
1279
174
504
1496
182
535
1073
121
529
1344
106
637
1274
166
757
1337
132
555
1458
101
650
1084
123
681
1085
188
716
1411
171
733
1199
175
555
1092
114
583
1480
110
560
1151
176
618
1463
143
541
1253
190
782
1211
163
622
1384
139
638
1066
131
798
1491
128
573
1426
149
627
1090
132
710
1145
105
550
1009
175
629
1257
154
726
1023
102
574
1254
192
538
1391
174
522
1158
135
623
1486
116
797
1110
153
792
1479
196
527
1127
107
583
1322
178
611
1380
195
570
1294
118
672
1426
163
785
1214
119
651
1006
164
705
1365
176
587
1036
121
574
1500
134
678
1412
139
674
1390
191
612
1298
159
521
1439
119
651
1486
109
691
1085
127
770
1087
196
658
1317
140
649
1491
177
788
1395
124
795
1438
159
799
1366
166
579
1036
136
551
1142
101
739
1339
146
623
1244
184
698
1356
108
603
1064
120
535
1028
144
564
1312
147
549
1057
104
534
1173
165
732
1289
104
743
1472
158
769
1414
149
507
1178
145
640
1460
121
755
1047
184
672
1337
133
579
1353
137
570
1091
195
739
1446
156
562
1428
109
614
1239
112
696
1050
180
741
1491
145
502
1443
114
595
1103
150
744
1179
118
700
1169
101
783
1219
128
750
1332
135
555
1434
106
609
1366
140
733
1376
108
672
1013
159
641
1280
114
668
1437
179
722
1497
172
585
1322
139
722
1012
109
656
1061
129
742
1020
116
718
1300
128
658
1303
119
741
1246
150
594
1393
132
595
1356
189
574
1208
150
764
1076
185
574
1421
131
764
1096
144
570
1446
187
655
1212
104
606
1249
178
764
1117
102
522
1070
105
531
1389
189
702
1095
181
643
1059
155
535
1390
189
669
1062
119
716
1463
142
647
1180
131
684
1460
195
782
1045
105
579
1366
112
671
1361
170
501
1205
153
764
1058
136
516
1498
198
626
1054
122
554
1091
117
596
1404
174
653
1160
196
646
1413
178
576
1096
110
621
1487
168
508
1275
179
667
1227
116
749
1454
124
651
1081
164
709
1197
105
702
1101
109
552
1286
147
733
1498
127
566
1004
170
670
1266
148
728
1084
189
776
1144
142
704
1280
149
641
1467
159
607
1283
102
608
1367
197
546
1017
164
746
1387
148
730
1186
102
772
1114
168
581
1409
152
577
1240
105
594
1408
128
676
1430
199
585
1385
119
760
1429
106
628
1475
106
699
1109
158
633
1483
138
579
1405
188
793
1059
180
591
1467
153
682
1466
163
674
1057
146
742
1337
121
728
1036
142
773
1035
135
634
1319
132
763
1199
174
561
1272
173
792
1007
174
774
1015
127
532
1224
173
698
1230
121
737
1402
127
635
1278
200
680
1400
100
505
1114
146
688
1437
138
677
1041
102
695
1121
121
573
1124
192
727
1484
106
559
1419
123
611
1001
182
651
1226
195
755
1404
171
739
1435
135
784
1029
100
664
1335
157
718
1021
111
618
1477
147
649
1123
105
583
1264
134
601
1364
185
706
1486
181
524
1089
136
535
1436
186
638
1312
196
788
1336
101
657
1079
125
650
1201
151
587
1201
126
699
1118
147
555
1279
188
523
1460
104
516
1416
149
665
1045
128
591
1154
160
651
1192
170
635
1343
141
588
1278
106
558
1420
150
758
1404
193
550
1117
193
729
1264
137
519
1319
167
783
1361
100
633
1293
190
549
1181
120
614
1298
167
701
1163
156
666
1386
193
730
1367
116
624
1439
187
660
1040
148
639
1402
153
568
1118
132
743
1032
130
609
1057
200
776
1161
112
750
1004
195
516
1443
166
752
1338
186
509
1018
165
566
1411
159
664
1065
118
589
1093
115
550
1386
172
573
1091
103
697
1455
135
702
1279
152
542
1419
195
658
1270
145
680
1272
157
579
1400
106
663
1245
123
550
1337
134
563
1048
114
618
1405
107
645
1353
139
567
1167
113
508
1259
190
697
1320
103
615
1198
176
676
1225
143
539
1431
185
767
1328
199
716
1089
121
582
1494
190
729
1266
183
623
1384
150
783
1427
129
549
1445
192
723
1483
181
509
1208
117
528
1322
190
749
1036
134
541
1470
172
542
1034
159
502
1055
137
730
1164
169
760
1403
136
780
1284
127
779
1426
128
526
1132
161
584
1041
151
566
1198
129
712
1044
166
775
1404
121
621
1085
101
638
1408
139
689
1359
154
677
1440
109
711
1383
148
752
1207
111
545
1140
148
656
1082
108
602
1072
115
762
1162
160
727
1296
109
683
1342
146
628
1328
148
745
1302
138
516
1140
142
568
1205
107
636
1186
127
797
1148
172
513
1253
188
731
1471
152
553
1098
166
556
1368
144
616
1194
113
664
1252
127
608
1214
190
669
1088
181
778
1156
122
757
1423
103
598
1402
103
648
1349
152
579
1113
139
679
1074
157
757
1002
189
597
1431
153
656
1044
176
616
1120
192
525
1083
174
778
1020
180
767
1049
186
646
1107
103
571
1404
191
612
1072
184
540
1088
135
684
1177
139
609
1429
130
636
1089
140
640
1017
162
719
1142
119
785
1342
158
607
1064
138
707
1423
145
604
1102
190
619
1028
162
578
1305
104
597
1043
149
584
1102
172
660
1264
141
775
1176
135
573
1295
100
656
1125
118
637
1470
153
784
1113
159
584
1414
129
566
1163
125
634
1133
143
707
1366
135
595
1092
170
581
1167
106
606
1482
187
786
1072
184
660
1391
142
619
1299
192
601
1480
167
608
1401
100
629
1272
121
675
1115
113
546
1339
145
673
1227
193
626
1334
135
600
1410
129
644
1120
157
746
1252
172
747
1145
129
582
1115
183
629
1242
130
569
1330
195
787
1344
144
709
1126
186
789
1361
184
766
1398
151
769
1201
167
650
1485
151
541
1305
148
712
1394
112
789
1328
192
759
1468
170
731
1069
143
693
1333
169
726
1190
198
778
1400
163
561
1102
128
697
1459
162
618
1265
147
648
1193
175
776
1293
125
648
1055
187
784
1306
175
513
1011
182
547
1125
190
710
1048
104
545
1255
134
732
1153
166
565
1338
121
684
1460
140
505
1177
164
521
1191
163
744
1479
185
557
1286
156
645
1362
118
752
1100
179
651
1446
124
667
1163
154
647
1123
172
712
1329
136
673
1456
134
698
1015
157
753
1169
193
511
1046
109
533
1220
130
705
1215
197
664
1146
142
717
1068
170
510
1479
154
634
1314
162
643
1381
173
569
1474
177
678
1435
161
760
1362
137
636
1302
130
567
1360
165
535
1250
126
518
1499
125
686
1460
101
673
1136
166
518
1296
109
592
1408
143
763
1196
113
749
1432
121
673
1380
165
580
1328
196
712
1350
101
772
1332
126
775
1019
100
741
1374
138
678
1075
139
702
1291
170
675
1349
112
540
1409
200
634
1050
130
795
1284
130
744
1114
167
552
1244
159
557
1378
170
781
1147
147
555
1013
173
678
1190
142
648
1487
155
737
1338
194
686
1098
169
641
1429
185
733
1066
179
577
1246
116
562
1014
141
670
1405
144
734
1426
141
594
1220
177
688
1365
163
741
1323
200
661
1208
161
749
1018
173
582
1221
122
725
1034
160
559
1039
155
773
1038
119
790
1261
184
530
1112
167
646
1203
130
581
1068
138
527
1225
162
745
1386
168
799
1295
183
674
1423
190
750
1001
119
546
1220
151
544
1301
122
563
1288
132
750
1408
162
623
1009
119
780
1085
127
793
1405
116
639
1210
102
580
1174
181
586
1049
177
688
1240
168
621
1047
117
573
1435
161
643
1305
113
697
1039
131
514
1182
189
537
1218
159
529
1258
189
655
1363
146
520
1230
191
697
1030
194
623
1471
110
558
1325
119
798
1019
182
536
1246
176
609
1393
114
605
1202
143
707
1193
145
792
1168
115
757
1393
124
705
1356
103
767
1422
148
503
1206
155
751
1295
156
729
1435
177
799
1406
189
765
1470
111
609
1117
169
604
1177
164
671
1150
186
716
1160
119
729
1196
137
757
1355
200
510
1184
157
503
1071
163
557
1150
147
554
1132
157
578
1169
118
758
1196
165
602
1209
185
765
1190
172
779
1295
105
583
1022
140
689
1205
140
743
1078
188
628
1361
117
517
1185
171
606
1100
103
706
1416
112
665
1357
196
782
1425
134
736
1230
168
618
1391
165
625
1156
174
515
1421
103
600
1454
194
571
1162
110
631
1255
182
620
1078
184
510
1492
182
613
1443
177
751
1036
199
671
1437
166
664
1313
181
602
1435
122
785
1343
191
704
1151
150
746
1099
114
564
1143
181
519
1223
149
717
1490
144
577
1197
130
762
1274
189
522
1113
145
500
1469
137
702
1460
130
621
1330
183
790
1416
186
532
1300
105
754
1378
162
744
1151
162
689
1032
131
519
1044
186
701
1195
141
573
1327
198
614
1322
169
580
1302
135
772
1275
148
737
1312
125
637
1143
187
716
1266
178
560
1477
138
520
1223
154
654
1042
139
650
1373
160
783
1165
143
604
1195
102
782
1149
183
728
1432
154
653
1037
117
538
1037
155
735
1470
129
726
1274
109
702
1295
118
636
1298
128
781
1237
120
598
1489
103
754
1423
178
691
1471
140
511
1024
143
797
1345
122
535
1320
151
675
1085
149
710
1449
182
677
1017
133
567
1452
132
516
1489
156
625
1209
111
521
1249
192
702
1284
128
571
1456
180
564
1483
191
596
1250
148
549
1251
159
730
1117
160
558
1243
161
524
1429
170
554
1067
148
766
1129
149
724
1326
110
665
1296
101
624
1323
191
694
1420
181
541
1270
100
544
1080
159
562
1335
149
628
1151
135
792
1205
113
689
1492
104
599
1175
118
618
1484
127
611
1343
130
674
1290
121
601
1429
198
672
1298
132
623
1031
118
641
1122
191
607
1198
102
745
1095
167
721
1014
195
637
1242
198
604
1345
159
799
1036
140
696
1008
159
568
1188
186
557
1365
152
691
1487
102
742
1031
148
642
1311
102
678
1382
133
533
1478
174
555
1251
174
748
1259
136
620
1090
169
668
1406
157
533
1138
183
754
1271
173
748
1065
119
707
1263
197
709
1167
199
571
1416
181
706
1242
151
602
1105
193
559
1437
139
548
1435
173
794
1051
109
684
1415
101
568
1426
193
650
1432
105
503
1006
101
629
1333
177
770
1386
145
676
1176
165
693
1423
179
791
1468
147
575
1053
127
623
1202
143
722
1442
111
737
1155
139
603
1148
192
640
1035
182
598
1298
152
797
1199
121
762
1088
131
589
1436
171
622
1228
156
701
1235
133
683
1360
110
509
1152
103
538
1340
151
582
1321
109
775
1429
180
756
1089
138
795
1202
110
526
1406
180
718
1424
103
506
1398
126
705
1020
145
517
1314
178
712
1080
125
731
1388
155
651
1420
197
689
1393
200
529
1455
150
603
1390
185
603
1345
112
572
1234
105
550
1384
129
638
1244
190
721
1162
140
756
1115
102
685
1458
171
728
1177
129
771
1130
125
755
1096
152
768
1136
197
566
1378
117
504
1244
160
755
1093
125
754
1499
146
658
1017
176
725
1086
184
771
1266
115
530
1235
200
732
1184
126
752
1425
116
744
1364
125
745
1024
114
565
1096
136
537
1021
120
684
1110
131
607
1036
138
563
1322
101
695
1472
131
643
1124
112
753
1146
166
585
1135
105
715
1082
140
653
1061
151
684
1209
176
505
1278
103
690
1330
197
760
1393
171
647
1449
135
579
1109
132
726
1252
174
610
1279
178
664
1324
105
744
1023
123
639
1334
131
755
1081
173
580
1103
166
536
1405
114
540
1222
149
721
1320
188
549
1255
103
671
1353
176
507
1383
197
768
1412
116
777
1413
131
612
1418
199
715
1315
111
543
1500
123
583
1107
161
510
1056
145
530
1451
139
676
1200
110
752
1068
156
750
1297
197
581
1204
168
549
1309
106
612
1256
192
662
1093
148
551
1467
175
657
1033
199
546
1473
137
701
1135
125
624
1192
123
565
1496
187
649
1341
191
764
1360
152
675
1200
131
724
1047
159
675
1168
173
577
1105
152
739
1023
194
548
1238
123
577
1369
163
689
1256
148
687
1431
140
537
1267
177
649
1470
128
731
1178
156
538
1453
195
740
1238
146
590
1249
187
578
1324
151
558
1418
185
505
1128
128
505
1115
193
541
1176
192
588
1112
171
564
1065
183
500
1374
135
509
1364
161
567
1376
197
546
1479
172
502
1436
155
581
1171
165
791
1089
106
658
1276
116
613
1445
147
773
1367
182
718
1295
175
611
1329
155
541
1368
150
522
1429
119
644
1353
196
684
1054
165
557
1358
142
727
1038
185
774
1454
178
730
1079
188
767
1124
143
560
1214
168
666
1206
127
692
1392
185
594
1111
165
540
1418
192
713
1069
137
588
1294
119
601
1326
182
795
1354
110
532
1466
174
734
1404
169
648
1297
195
532
1416
120
705
1358
159
782
1324
148
629
1283
167
775
1007
106
520
1430
185
519
1358
200
753
1029
168
620
1210
165
713
1237
123
772
1455
140
753
1401
198
747
1139
151
504
1338
115
725
1290
118
740
1368
127
752
1148
138
701
1163
194
593
1221
120
539
1405
111
709
1498
178
761
1098
193
575
1040
175
513
1414
121
637
1475
137
667
1031
166
531
1144
135
740
1418
198
527
1151
107
665
1345
129
508
1027
200
568
1068
148
547
1343
141
755
1053
147
793
1404
142
696
1329
118
744
1104
144
537
1247
193
565
1438
158
657
1303
161
594
1331
151
795
1360
195
550
1231
151
690
1169
176
720
1282
172
563
1420
113
620
1405
148
642
1141
121
667
1007
132
636
1281
142
758
1471
198
734
1313
185
746
1110
136
691
1370
149
790
1440
143
687
1325
109
796
1187
170
702
1331
184
798
1190
184
561
1190
143
795
1304
192
643
1263
182
521
1370
107
626
1067
196
546
1371
159
795
1309
194
663
1269
152
785
1221
113
593
1074
172
722
1015
103
723
1393
137
605
1298
118
773
1014
116
551
1285
105
634
1105
171
694
1256
165
738
1275
160
567
1392
152
701
1423
101
611
1349
167
593
1353
135
718
1282
153
678
1465
150
776
1147
125
796
1097
174
539
1377
122
546
1110
190
603
1088
122
670
1009
124
520
1298
106
610
1488
138
530
1247
106
793
1248
141
561
1199
166
691
1224
141
689
1421
188
773
1175
116
666
1481
106
654
1009
138
661
1498
167
570
1069
161
746
1031
116
675
1083
132
502
1306
114
635
1443
113
781
1208
166
580
1358
162
790
1191
163
728
1384
123
677
1021
145
733
1264
155
700
1219
133
613
1395
145
685
1022
158
702
1264
192
732
1130
176
629
1125
168
710
1257
166
644
1411
125
788
1299
102
702
1372
109
631
1070
175
687
1308
169
524
1291
121
585
1277
171
623
1218
106
537
1131
148
551
1086
192
685
1059
106
642
1023
112
503
1138
178
621
1255
101
574
1485
172
758
1014
127
741
1453
108
673
1116
156
596
1417
194
786
1473
181
672
1404
166
566
1138
136
519
1050
170
723
1362
191
735
1061
119
671
1433
124
504
1196
148
569
1169
135
634
1382
176
533
1138
114
747
1064
163
504
1438
106
732
1417
150
526
1430
151
575
1096
126
627
1124
157
793
1021
124
636
1004
197
636
1326
175
549
1089
158
612
1419
115
580
1012
153
616
1431
158
620
1387
178
749
1126
149
512
1394
151
799
1099
133
535
1258
194
504
1114
108
740
1285
197
618
1207
158
501
1295
169
770
1339
103
507
1265
136
771
1055
104
563
1276
134
773
1052
194
578
1206
125
557
1444
189
539
1298
196
629
1327
121
575
1384
127
652
1405
104
757
1377
173
627
1281
141
580
1292
128
601
1404
135
605
1201
111
625
1110
169
631
1107
122
712
1341
128
739
1015
184
757
1384
173
537
1142
192
522
1035
137
565
1249
154
507
1074
181
684
1226
187
702
1192
153
514
1399
199
602
1407
132
671
1051
103
677
1281
121
590
1161
166
744
1406
136
502
1409
196
611
1406
106
640
1498
157
719
1009
119
784
1305
125
517
1282
191
561
1311
194
754
1059
113
753
1392
104
653
1129
120
795
1214
130
541
1125
197
552
1057
162
664
1395
106
769
1072
121
581
1472
150
600
1170
176
532
1097
152
741
1159
144
520
1097
116
652
1374
119
753
1027
131
759
1040
155
675
1263
115
578
1158
142
586
1368
170
557
1132
129
595
1322
158
597
1377
130
769
1129
186
708
1490
113
613
1426
156
720
1005
106
638
1240
186
649
1347
169
643
1470
114
513
1129
112
667
1104
180
786
1334
129
775
1246
155
512
1434
101
611
1059
187
658
1440
156
679
1207
180
624
1376
152
709
1272
122
617
1226
179
717
1302
116
673
1443
127
546
1228
142
718
1353
173
770
1451
168
722
1145
128
656
1239
152
638
1343
133
610
1421
198
783
1206
144
652
1289
106
694
1436
124
724
1329
199
514
1302
108
552
1107
166
679
1150
130
671
1145
115
565
1106
151
757
1351
161
564
1259
109
662
1076
200
796
1237
124
514
1140
175
780
1042
129
562
1017
180
658
1177
137
568
1238
168
544
1084
151
526
1211
146
675
1248
149
758
1241
103
590
1159
150
703
1465
114
614
1173
175
540
1311
143
729
1443
149
714
1033
141
712
1144
176
789
1161
113
649
1090
191
607
1011
132
591
1408
198
565
1149
145
544
1301
130
733
1014
116
530
1002
124
659
1127
189
757
1129
105
750
1003
118
766
1110
167
731
1316
113
573
1026
145
755
1351
185
630
1287
124
694
1305
124
656
1110
153
612
1114
198
576
1452
189
734
1219
140
704
1494
155
561
1483
152
555
1332
153
716
1174
159
666
1430
116
789
1089
105
568
1237
187
513
1022
157
743
1034
133
577
1224
161
613
1101
105
792
1243
144
793
1248
135
579
1164
178
561
1338
161
656
1299
157
678
1454
198
750
1351
184
771
1251
159
734
1318
155
588
1047
109
719
1401
180
771
1457
109
568
1246
127
645
1017
181
561
1057
147
770
1407
181
734
1338
156
749
1195
115
564
1230
105
666
1052
120
528
1217
172
569
1015
140
695
1063
105
682
1255
147
773
1115
171
536
1405
161
786
1276
187
746
1217
114
791
1035
184
602
1319
162
633
1197
134
572
1104
188
716
1171
187
514
1237
152
669
1335
193
587
1149
110
527
1094
134
782
1009
167
591
1025
166
579
1153
182
752
1363
154
653
1194
137
690
1250
104
737
1358
194
791
1349
158
506
1473
195
768
1058
161
688
1491
181
708
1358
196
761
1365
155
505
1472
124
534
1163
157
716
1391
191
643
1093
140
557
1356
134
679
1214
169
516
1114
125
736
1384
141
788
1225
106
748
1071
180
765
1285
182
754
1186
193
517
1080
149
564
1231
128
764
1364
110
735
1287
130
708
1069
127
622
1440
142
523
1148
105
505
1448
110
674
1084
186
626
1129
101
581
1332
107
596
1022
131
521
1220
158
631
1296
139
713
1438
165
670
1432
190
509
1099
199
705
1093
137
688
1031
166
694
1090
109
610
1124
166
530
1190
182
508
1303
179
544
1387
126
519
1123
155
546
1403
141
671
1306
164
697
1435
196
585
1333
185
789
1280
181
664
1106
161
636
1160
168
796
1236
143
681
1457
177
612
1111
172
678
1321
185
526
1075
184
591
1054
155
698
1125
191
632
1448
169
784
1120
168
516
1417
129
609
1056
113
782
1218
136
783
1280
171
706
1076
144
695
1484
193
681
1254
196
627
1485
153
637
1490
158
526
1341
134
581
1130
154
676
1414
127
563
1022
198
616
1367
146
711
1157
147
675
1425
199
603
1451
147
754
1193
171
544
1344
195
581
1227
184
792
1104
130
732
1392
177
554
1391
149
752
1121
151
743
1183
144
711
1245
104
710
1050
199
542
1458
166
707
1037
182
718
1303
156
756
1149
105
604
1488
101
610
1088
159
538
1305
133
568
1210
140
680
1418
178
698
1355
151
529
1203
122
754
1482
132
626
1136
151
735
1401
103
761
1290
165
504
1275
159
632
1345
165
769
1364
101
721
1375
176
722
1023
139
579
1136
131
629
1452
183
512
1413
144
626
1429
177
608
1058
132
595
1422
123
658
1478
187
720
1319
103
740
1315
153
603
1380
181
799
1318
138
757
1480
151
645
1185
168
706
1124
112
558
1491
154
554
1000
140
632
1176
173
765
1015
145
717
1495
120
679
1487
171
552
1002
101
524
1188
175
756
1356
125
797
1311
156
515
1307
151
571
1418
200
510
1363
139
648
1394
184
730
1493
103
689
1401
195
540
1263
168
766
1237
168
653
1193
109
550
1357
183
562
1356
144
586
1216
161
547
1091
171
502
1373
178
711
1326
194
692
1332
194
682
1051
100
554
1050
148
655
1130
188
791
1177
142
758
1023
143
737
1023
186
651
1222
130
775
1241
117
692
1071
179
758
1045
117
781
1089
104
550
1276
199
699
1301
179
708
1158
179
746
1000
110
769
1216
118
700
1031
127
738
1432
131
748
1465
120
563
1328
127
724
1410
171
597
1477
137
502
1367
111
614
1148
128
507
1466
108
541
1205
109
570
1313
102
704
1241
103
695
1444
124
648
1015
111
752
1404
165
653
1354
144
523
1330
177
799
1308
114
793
1147
102
561
1010
196
576
1304
182
630
1070
136
728
1081
168
537
1272
156
727
1350
179
551
1043
124
530
1158
102
600
1129
150
525
1426
193
749
1243
137
532
1353
129
581
1175
153
591
1460
104
712
1172
122
720
1485
145
523
1183
117
705
1003
124
772
1454
132
684
1417
189
762
1320
113
773
1213
107
693
1434
141
692
1169
143
648
1251
129
574
1043
137
709
1261
183
595
1380
151
720
1142
138
680
1184
190
747
1412
167
627
1301
153
541
1159
147
510
1047
193
791
1293
124
658
1213
166
637
1095
109
613
1159
175
783
1020
190
614
1393
200
675
1407
198
767
1117
141
559
1069
119
770
1429
108
651
1079
194
630
1019
192
659
1229
165
715
1460
142
578
1322
121
740
1236
188
773
1426
106
560
1482
101
553
1458
164
600
1068
140
794
1331
109
721
1156
131
705
1400
142
775
1126
184
560
1338
128
720
1325
195
562
1257
166
726
1268
200
608
1132
167
595
1467
168
798
1294
110
723
1199
175
778
1177
199
792
1187
123
697
1371
140
712
1440
111
512
1341
107
545
1015
198
774
1097
124
705
1422
171
793
1054
180
796
1336
165
666
1435
114
558
1350
128
528
1150
101
696
1186
143
742
1494
186
701
1121
167
611
1390
109
566
1126
123
793
1115
105
516
1436
175
676
1018
110
547
1238
171
621
1496
114
673
1460
119
502
1183
199
669
1381
169
656
1032
148
604
1440
195
523
1093
101
723
1026
114
722
1025
163
508
1403
116
528
1280
125
585
1020
128
564
1037
135
614
1138
123
799
1207
100
728
1230
162
785
1201
115
503
1408
186
556
1163
135
574
1101
137
524
1244
151
740
1096
141
765
1070
166
537
1069
116
753
1404
161
727
1086
168
604
1024
184
580
1232
161
603
1021
112
589
1048
107
792
1049
167
754
1259
171
760
1082
148
728
1411
122
692
1169
189
514
1458
112
776
1329
176
588
1044
140
536
1061
155
770
1255
110
766
1238
134
680
1270
187
642
1249
133
553
1467
101
612
1183
165
504
1249
105
790
1384
190
672
1235
133
515
1339
171
651
1466
130
567
1366
101
571
1056
177
555
1026
158
698
1150
119
754
1165
130
724
1195
144
673
1081
105
609
1025
101
676
1190
129
557
1075
151
555
1264
167
740
1084
119
612
1215
121
699
1090
195
659
1140
182
796
1488
180
554
1005
142
678
1431
180
641
1172
185
752
1081
153
773
1436
114
539
1202
197
617
1209
168
637
1287
149
639
1242
113
751
1338
182
526
1051
133
732
1181
149
759
1393
155
775
1445
110
643
1226
159
741
1162
194
621
1481
123
538
1384
169
607
1201
124
790
1215
170
744
1033
181
616
1066
190
578
1330
170
549
1009
190
713
1146
121
744
1251
116
639
1462
161
621
1177
177
738
1301
110
629
1185
173
740
1164
127
796
1452
118
759
1363
122
776
1113
119
762
1025
171
694
1336
103
567
1387
164
554
1083
104
632
1299
129
681
1403
196
581
1314
138
565
1440
146
694
1159
151
703
1282
191
790
1005
200
524
1445
135
723
1111
174
621
1372
149
708
1034
141
615
1443
192
506
1002
152
704
1115
137
523
1294
120
752
1009
143
665
1214
148
662
1315
122
697
1343
172
633
1089
181
659
1445
155
543
1279
162
662
1497
163
629
1341
200
672
1291
199
726
1315
135
746
1282
184
681
1026
146
513
1042
110
691
1071
158
738
1185
160
632
1111
164
681
1240
122
631
1228
192
584
1085
101
538
1067
126
716
1403
116
718
1187
107
688
1457
144
710
1192
129
619
1092
192
572
1356
163
785
1128
159
711
1479
193
688
1484
145
601
1425
195
652
1489
161
584
1052
169
600
1227
135
509
1174
119
682
1133
112
722
1038
157
690
1416
191
564
1287
145
597
1300
123
726
1206
167
521
1361
148
755
1281
121
715
1105
160
686
1223
187
731
1146
110
533
1433
151
780
1151
155
663
1294
128
771
1331
179
745
1040
198
609
1491
114
617
1339
185
620
1072
147
679
1358
117
613
1040
124
523
1198
152
750
1084
149
775
1352
156
656
1123
190
542
1446
137
657
1421
164
622
1072
115
571
1143
154
660
1078
148
787
1146
189
577
1022
200
657
1124
124
607
1211
158
627
1009
195
555
1167
188
695
1400
109
741
1268
146
667
1074
182
745
1489
174
606
1106
166
734
1096
162
666
1015
109
640
1346
121
646
1189
173
548
1392
161
518
1358
104
765
1033
120
529
1493
141
610
1393
145
576
1077
196
604
1361
138
671
1281
120
605
1078
173
645
1427
114
686
1038
188
552
1205
139
607
1321
199
765
1461
144
656
1364
198
638
1423
197
610
1222
147
740
1096
115
559
1494
119
607
1429
128
600
1100
178
771
1396
112
743
1303
166
771
1435
130
526
1222
199
509
1470
143
578
1129
195
562
1457
199
532
1042
173
732
1412
130
700
1131
169
694
1169
133
686
1411
157
506
1407
150
724
1447
123
678
1375
137
771
1185
171
555
1354
171
547
1481
154
667
1232
198
538
1495
166
605
1433
110
637
1256
157
757
1172
194
555
1412
127
578
1163
143
703
1363
136
570
1440
117
677
1103
177
760
1299
188
799
1125
141
634
1472
162
581
1398
104
633
1447
125
796
1274
139
622
1099
134
649
1304
165
602
1239
146
794
1291
182
501
1037
138
779
1101
121
733
1494
137
562
1332
175
764
1172
106
613
1024
158
732
1444
109
759
1261
171
549
1057
192
664
1036
130
615
1279
169
745
1140
189
711
1080
107
588
1417
186
682
1482
103
544
1356
166
577
1168
110
573
1136
161
779
1318
142
795
1032
176
749
1278
138
735
1111
149
549
1151
102
594
1034
137
531
1372
182
549
1382
151
784
1469
174
656
1342
139
675
1415
137
667
1077
176
543
1366
145
603
1045
192
535
1384
186
646
1356
114
747
1122
192
761
1356
197
513
1123
134
569
1325
168
772
1356
118
642
1288
130
753
1116
123
564
1303
133
776
1498
127
680
1437
186
520
1157
166
623
1451
145
687
1203
134
702
1192
118
767
1234
147
656
1023
165
572
1343
180
654
1219
194
725
1401
176
741
1402
111
793
1311
141
532
1148
168
669
1108
187
797
1474
143
620
1001
156
767
1275
154
774
1145
185
659
1330
183
569
1089
131
661
1210
164
535
1084
160
646
1310
120
799
1023
135
573
1272
108
629
1029
114
513
1014
148
510
1317
193
701
1243
184
627
1121
136
734
1478
102
635
1097
120
688
1030
159
700
1009
187
752
1147
125
531
1029
194
775
1391
193
665
1389
168
668
1431
186
738
1449
134
631
1032
192
565
1228
153
752
1350
150
675
1045
119
546
1144
163
736
1474
114
711
1354
137
556
1447
124
715
1397
107
639
1212
127
711
1216
163
601
1262
138
571
1353
191
791
1101
179
730
1376
136
669
1226
131
745
1217
154
602
1284
191
766
1415
182
687
1133
138
630
1166
173
706
1266
146
680
1023
136
754
1337
185
704
1268
111
515
1435
182
584
1060
187
717
1473
174
577
1138
131
577
1227
101
778
1218
115
590
1466
133
782
1400
106
768
1259
152
578
1341
103
757
1138
156
698
1407
164
505
1143
141
612
1287
141
542
1406
108
668
1372
187
653
1469
102
710
1061
101
755
1307
177
579
1002
172
554
1220
180
592
1179
162
686
1499
185
626
1094
168
638
1405
137
793
1262
141
721
1127
135
685
1023
127
772
1195
167
609
1150
128
676
1016
163
645
1360
140
747
1017
159
717
1338
168
777
1417
173
694
1217
164
779
1490
123
761
1170
195
575
1396
146
651
1054
109
708
1335
156
640
1231
135
744
1160
160
584
1074
157
594
1322
144
652
1014
191
666
1253
123
673
1216
144
549
1076
166
790
1117
111
658
1013
157
636
1343
153
507
1331
128
797
1188
123
692
1212
177
667
1387
191
577
1412
175
567
1124
184
696
1387
156
517
1176
179
598
1072
178
565
1016
150
559
1221
193
535
1265
194
521
1221
142
570
1191
134
517
1466
106
777
1378
189
785
1499
143
635
1277
121
656
1027
144
708
1140
155
545
1032
125
732
1080
163
793
1451
151
528
1211
148
757
1419
138
530
1428
140
587
1384
139
593
1469
125
759
1083
150
585
1072
100
662
1463
111
626
1403
188
529
1186
140
741
1292
146
625
1148
188
768
1426
174
506
1247
136
727
1124
148
630
1396
186
577
1221
149
760
1014
198
660
1410
197
783
1108
157
732
1207
131
558
1389
147
701
1212
196
588
1154
152
590
1492
184
709
1340
107
682
1042
164
648
1000
144
556
1169
175
770
1008
193
646
1474
114
773
1340
109
591
1356
107
600
1446
145
675
1326
162
663
1280
189
750
1221
132
516
1438
164
644
1175
164
635
1364
115
525
1328
177
737
1213
144
590
1362
126
511
1471
102
630
1147
170
684
1171
179
754
1460
141
763
1332
139
605
1408
190
684
1444
156
705
1096
179
561
1316
151
668
1065
192
660
1073
138
707
1012
115
780
1304
167
537
1209
149
626
1473
116
760
1189
199
706
1024
175
676
1042
178
569
1262
120
699
1446
102
721
1334
149
546
1352
161
775
1358
158
663
1299
120
655
1379
166
698
1029
200
771
1491
104
660
1103
126
656
1291
138
734
1376
138
609
1060
102
515
1216
173
698
1036
131
738
1267
175
550
1200
146
568
1339
113
599
1436
181
510
1023
155
515
1005
120
715
1111
176
643
1355
171
757
1156
174
671
1290
183
690
1326
149
697
1103
114
630
1431
170
559
1055
141
667
1351
125
588
1162
146
561
1484
136
571
1467
163
622
1102
186
715
1416
110
737
1200
164
599
1302
192
771
1138
182
668
1388
106
691
1330
112
643
1253
100
557
1129
159
771
1058
149
690
1020
189
702
1470
171
682
1474
111
769
1488
183
685
1140
177
596
1256
139
624
1010
153
753
1492
164
566
1317
196
786
1303
116
602
1004
136
634
1017
104
694
1168
113
543
1000
172
784
1432
129
771
1042
121
662
1497
172
534
1069
139
730
1365
166
680
1443
173
651
1423
169
565
1052
114
728
1195
151
560
1114
142
570
1207
180
719
1394
127
530
1049
101
501
1348
160
711
1159
109
646
1419
121
668
1227
169
672
1362
125
777
1303
182
584
1371
113
542
1200
110
558
1477
139
760
1408
142
704
1444
155
544
1409
193
538
1081
139
582
1192
149
753
1057
121
577
1144
195
522
1297
165
776
1175
101
522
1431
178
795
1399
148
744
1458
106
791
1427
129
687
1094
178
675
1121
195
771
1100
146
700
1201
146
517
1318
128
597
1141
138
630
1463
191
570
1268
178
741
1285
130
622
1027
158
787
1444
117
565
1413
197
547
1494
169
725
1389
177
631
1451
129
597
1217
112
654
1412
111
512
1331
113
572
1114
166
537
1082
148
587
1092
120
719
1454
102
598
1377
106
747
1121
176
577
1029
191
762
1117
130
652
1312
110
550
1383
162
644
1339
128
573
1030
154
676
1387
106
516
1378
122
730
1402
107
776
1106
166
794
1260
192
744
1155
171
732
1010
130
733
1088
146
745
1332
176
673
1060
106
622
1311
169
660
1318
186
788
1156
147
511
1462
163
754
1174
148
721
1388
116
783
1395
113
613
1128
104
534
1447
168
513
1495
107
531
1090
188
641
1144
110
694
1464
190
674
1287
123
569
1413
190
721
1437
190
619
1222
158
708
1018
178
761
1225
118
700
1202
144
791
1063
108
585
1181
188
662
1379
180
604
1318
103
765
1346
157
569
1438
167
781
1287
195
771
1376
109
580
1310
128
703
1278
173
641
1411
177
734
1384
163
735
1212
185
515
1490
138
507
1444
109
523
1378
144
532
1110
119
519
1345
100
684
1251
141
698
1213
107
690
1315
114
584
1388
163
564
1444
166
723
1072
119
758
1474
189
635
1148
150
657
1158
186
634
1477
103
500
1131
176
519
1015
174
740
1346
156
787
1389
199
717
1129
123
749
1420
192
602
1436
116
702
1104
156
628
1142
142
560
1261
178
776
1013
155
713
1347
119
592
1036
152
567
1431
116
560
1128
130
663
1500
192
632
1390
196
603
1253
150
642
1435
189
528
1322
128
601
1049
120
550
1181
151
674
1405
128
539
1381
121
627
1122
188
668
1097
103
543
1181
124
527
1459
126
776
1058
145
552
1140
168
613
1311
169
546
1285
102
594
1217
144
655
1156
120
798
1078
189
771
1275
163
760
1449
109
635
1352
161
559
1336
167
561
1270
151
674
1453
128
685
1283
200
512
1252
167
522
1082
175
540
1446
172
535
1235
181
627
1099
107
628
1032
155
681
1277
100
558
1443
135
547
1285
103
721
1463
138
545
1242
188
663
1042
138
706
1340
121
795
1452
142
632
1276
187
634
1122
115
537
1371
112
650
1325
179
541
1440
137
732
1319
117
621
1152
119
526
1398
173
650
1480
162
614
1428
174
609
1358
104
727
1380
184
729
1380
145
691
1342
125
621
1008
121
734
1187
182
561
1305
172
651
1384
132
650
1291
172
740
1337
111
706
1295
155
615
1144
118
786
1344
130
549
1267
135
551
1371
156
546
1221
148
615
1422
183
625
1247
145
571
1154
148
554
1057
143
514
1162
194
758
1180
116
704
1331
112
636
1210
152
607
1398
123
761
1099
168
733
1041
132
753
1374
105
564
1067
147
552
1336
165
511
1283
121
645
1476
170
601
1440
165
693
1337
156
638
1441
133
720
1098
102
595
1032
118
711
1210
145
693
1047
160
608
1400
191
527
1489
139
600
1114
196
549
1136
193
785
1365
150
795
1303
145
699
1369
132
603
1045
122
627
1124
191
546
1217
107
570
1005
118
550
1458
111
696
1352
112
559
1161
153
792
1403
104
715
1268
103
625
1463
100
626
1092
122
596
1308
150
593
1283
146
602
1047
191
776
1102
102
677
1145
157
727
1466
108
513
1080
101
667
1172
184
756
1137
160
792
1367
162
519
1153
176
758
1066
104
768
1039
171
561
1297
194
745
1227
164
534
1473
131
690
1250
122
647
1366
195
739
1007
143
512
1072
162
766
1204
157
566
1033
158
610
1382
148
575
1381
117
733
1229
168
633
1077
130
547
1301
171
730
1437
109
714
1252
154
534
1264
124
562
1407
144
633
1152
119
542
1016
139
570
1302
177
754
1119
158
748
1227
119
588
1379
192
627
1137
114
760
1307
153
654
1391
180
577
1431
145
627
1140
193
623
1161
191
756
1436
129
639
1439
162
575
1018
131
706
1183
157
629
1056
123
547
1125
153
697
1141
146
634
1206
107
673
1455
109
577
1345
153
765
1060
190
710
1457
159
717
1261
172
670
1401
128
781
1241
197
611
1460
195
688
1304
161
576
1295
157
516
1078
121
729
1486
175
724
1179
157
507
1355
198
652
1151
134
706
1109
176
791
1106
186
633
1435
167
658
1346
118
753
1373
124
654
1447
177
522
1291
177
764
1097
102
767
1225
198
729
1314
177
576
1059
115
672
1175
174
707
1316
104
712
1290
143
795
1228
185
656
1264
105
583
1251
190
550
1150
122
667
1155
109
703
1472
148
623
1172
149
670
1485
182
686
1300
139
679
1109
192
630
1226
146
597
1142
119
720
1147
125
542
1246
192
539
1398
118
510
1400
116
702
1331
174
560
1159
175
756
1222
113
735
1155
133
706
1490
144
662
1471
161
585
1300
168
762
1005
136
679
1493
167
527
1497
123
512
1229
169
713
1062
178
680
1269
192
638
1461
155
691
1467
142
561
1061
192
607
1030
141
578
1476
130
630
1268
138
722
1476
151
776
1307
118
781
1270
157
594
1362
182
503
1008
186
778
1315
181
584
1450
130
688
1258
186
785
1234
163
707
1091
111
683
1123
139
730
1075
175
656
1469
113
622
1297
162
710
1221
178
688
1059
183
711
1301
169
623
1482
157
568
1245
138
791
1236
127
793
1136
147
717
1416
137
543
1144
190
614
1225
130
551
1340
186
595
1204
177
555
1257
137
729
1282
179
523
1296
186
714
1271
131
699
1422
178
787
1483
194
772
1226
172
546
1283
124
705
1400
147
625
1024
186
612
1196
184
536
1181
148
562
1414
155
694
1453
175
502
1390
142
561
1099
183
518
1475
159
589
1019
129
597
1251
103
715
1210
153
537
1239
110
590
1180
193
628
1256
109
522
1362
129
758
1493
190
680
1284
186
602
1416
190
609
1232
168
779
1212
164
753
1430
124
692
1066
120
700
1199
173
758
1387
169
737
1062
118
579
1183
119
713
1399
150
576
1416
159
719
1041
115
697
1285
195
647
1304
152
612
1466
156
645
1225
107
697
1096
122
680
1332
158
754
1272
176
592
1304
121
723
1019
117
609
1088
108
577
1003
175
766
1083
124
776
1347
177
584
1273
162
566
1092
194
745
1435
146
639
1167
165
529
1213
141
672
1161
121
578
1230
118
605
1097
157
635
1043
148
653
1061
162
760
1029
135
749
1432
136
714
1408
159
643
1063
171
511
1453
112
520
1237
166
504
1476
152
734
1280
175
601
1139
153
715
1107
150
541
1452
111
616
1277
146
676
1294
119
752
1085
112
524
1370
175
572
1468
179
781
1172
196
718
1391
187
518
1473
154
789
1488
161
568
1450
170
678
1139
140
668
1439
151
786
1319
127
672
1435
114
563
1425
131
707
1142
152
691
1110
183
782
1232
179
555
1192
103
555
1210
128
566
1196
172
798
1479
175
759
1014
103
744
1148
105
645
1362
195
642
1396
113
650
1255
150
767
1306
157
595
1347
126
603
1311
198
681
1448
174
745
1122
160
695
1225
190
651
1034
138
525
1425
187
658
1226
133
684
1447
129
548
1233
126
543
1315
188
689
1061
118
741
1277
114
631
1262
159
728
1139
178
551
1349
173
756
1034
135
716
1173
182
770
1153
180
641
1394
119
738
1111
114
519
1184
103
744
1151
113
516
1152
180
528
1139
111
615
1359
188
634
1339
149
712
1447
119
591
1002
140
604
1058
130
531
1010
193
791
1268
136
666
1094
152
792
1296
146
547
1371
106
727
1163
112
636
1095
152
634
1153
112
509
1006
114
616
1109
163
640
1058
165
785
1388
192
596
1055
165
619
1206
151
736
1137
156
700
1222
149
594
1001
131
547
1203
114
663
1442
187
522
1274
118
698
1047
122
656
1278
155
511
1142
122
754
1375
186
798
1485
166
525
1185
131
646
1229
154
732
1423
110
513
1048
133
740
1067
119
634
1347
113
679
1145
162
756
1186
111
685
1174
177
532
1087
114
596
1050
180
700
1424
176
502
1422
109
595
1412
153
714
1092
136
595
1044
144
590
1063
190
765
1214
127
702
1114
143
768
1498
156
757
1446
141
675
1008
139
512
1008
186
591
1153
188
539
1239
170
724
1218
101
597
1480
198
611
1058
138
558
1012
171
587
1147
154
703
1480
109
726
1224
173
708
1002
181
798
1174
102
677
1177
164
625
1456
191
538
1422
130
534
1473
127
521
1159
173
718
1246
196
577
1249
141
753
1302
151
735
1224
136
573
1082
166
793
1050
153
599
1082
102
527
1380
187
709
1356
179
504
1444
192
645
1152
168
765
1276
146
591
1081
169
636
1434
125
564
1006
159
697
1289
127
601
1291
194
797
1439
136
740
1418
181
733
1410
111
629
1448
146
664
1422
120
518
1354
175
525
1207
136
645
1353
165
678
1108
156
543
1164
175
522
1194
189
581
1474
198
748
1410
153
720
1084
103
541
1402
148
646
1189
124
707
1271
129
724
1355
167
690
1467
190
695
1316
174
726
1476
138
782
1299
179
682
1412
141
659
1095
107
528
1332
146
786
1240
149
516
1347
164
503
1471
142
733
1328
119
617
1123
116
675
1195
165
552
1476
101
522
1323
200
747
1008
171
765
1234
141
506
1450
126
542
1056
144
762
1026
199
630
1099
169
639
1423
176
777
1019
187
542
1091
148
600
1294
131
603
1419
193
793
1224
119
725
1068
182
552
1465
156
576
1117
127
522
1268
117
536
1189
152
675
1262
118
696
1170
189
614
1217
107
502
1037
148
725
1025
135
764
1030
130
591
1343
113
665
1272
183
681
1254
128
621
1348
197
775
1283
196
696
1459
200
502
1104
192
541
1370
119
740
1292
190
597
1041
149
712
1371
117
562
1079
142
795
1136
150
566
1418
144
677
1217
171
616
1014
175
596
1285
120
654
1337
176
531
1369
101
667
1050
152
668
1367
130
523
1127
130
604
1420
200
700
1112
157
504
1437
172
630
1176
149
682
1355
102
754
1121
153
786
1461
167
502
1249
160
527
1150
184
678
1437
106
658
1477
140
575
1151
180
601
1050
121
565
1277
119
670
1191
141
768
1190
114
572
1248
197
544
1117
104
669
1290
141
637
1118
144
699
1158
129
712
1165
111
691
1194
130
693
1089
116
600
1130
135
586
1057
157
622
1254
155
510
1322
137
627
1108
116
550
1001
190
665
1264
114
721
1025
153
622
1113
139
749
1493
195
617
1273
126
607
1246
150
789
1015
134
626
1191
177
579
1159
166
722
1451
196
741
1174
173
513
1140
120
652
1248
124
648
1476
199
557
1399
119
683
1394
159
525
1104
190
566
1364
187
704
1394
172
544
1286
131
774
1095
165
559
1109
124
706
1455
161
795
1055
166
730
1313
180
758
1183
198
625
1033
134
521
1045
171
623
1051
123
701
1335
126
564
1443
104
504
1366
109
590
1353
123
704
1322
146
747
1360
138
535
1160
106
527
1293
113
562
1420
185
784
1132
117
710
1395
187
536
1417
166
516
1142
147
686
1197
179
511
1082
154
771
1380
105
792
1364
115
667
1053
116
521
1138
112
680
1136
148
594
1400
110
566
1110
176
629
1197
200
770
1459
164
518
1091
146
674
1023
140
584
1486
113
605
1223
118
589
1038
162
612
1181
185
508
1332
195
621
1272
150
631
1470
195
742
1471
180
542
1439
153
760
1009
123
517
1237
193
513
1345
165
531
1355
192
761
1408
103
580
1191
105
636
1455
123
736
1031
179
647
1034
180
731
1041
108
642
1222
186
554
1447
198
612
1495
119
698
1059
112
532
1171
138
781
1172
141
799
1283
178
566
1076
126
513
1226
168
594
1110
159
659
1263
186
540
1432
121
799
1359
193
716
1136
176
794
1227
102
717
1156
163
506
1464
178
621
1034
192
714
1433
179
533
1115
127
537
1315
143
510
1198
162
581
1273
186
619
1053
118
620
1485
163
585
1267
123
715
1456
197
765
1282
131
507
1479
149
527
1125
158
733
1083
126
664
1214
132
779
1292
195
717
1145
141
531
1123
133
690
1470
135
714
1055
186
693
1163
141
626
1365
131
586
1169
156
800
1006
129
540
1400
131
735
1217
114
513
1261
161
522
1242
196
680
1359
102
717
1466
120
511
1079
112
747
1355
136
627
1363
174
662
1375
153
609
1105
103
526
1028
177
598
1293
171
614
1325
169
613
1203
101
550
1442
105
639
1136
109
601
1317
172
657
1217
169
709
1347
102
594
1019
118
701
1194
149
683
1265
124
705
1052
117
687
1230
180
619
1427
130
504
1079
175
533
1481
182
582
1353
154
774
1003
158
755
1381
127
534
1473
167
540
1283
200
505
1284
174
536
1147
107
531
1283
198
766
1172
182
767
1160
108
701
1180
118
634
1468
165
506
1248
134
503
1280
172
589
1256
192
501
1273
174
768
1264
101
556
1496
136
736
1483
158
619
1047
139
791
1143
200
608
1244
181
714
1009
102
680
1421
106
668
1024
153
524
1331
156
749
1430
160
764
1304
118
563
1346
130
702
1150
127
682
1403
175
548
1301
139
732
1045
127
507
1015
130
657
1184
188
775
1465
125
520
1451
154
505
1193
180
580
1170
177
533
1265
183
520
1463
141
657
1084
111
539
1139
191
623
1040
176
692
1190
185
525
1418
131
625
1244
103
791
1087
195
526
1109
140
534
1085
186
756
1215
160
597
1299
128
744
1433
109
568
1265
133
666
1132
125
585
1270
177
651
1210
166
693
1475
138
556
1230
152
670
1108
101
678
1303
176
522
1095
157
577
1156
180
774
1033
155
511
1120
129
617
1290
148
503
1376
101
622
1360
110
642
1223
166
621
1144
109
791
1245
176
519
1456
128
788
1147
125
795
1441
115
705
1474
133
557
1266
158
644
1430
189
790
1202
139
604
1141
127
636
1491
190
796
1093
189
631
1164
133
627
1336
164
563
1217
125
648
1250
149
609
1046
200
795
1482
119
739
1111
144
527
1239
191
645
1201
144
569
1458
173
629
1131
108
608
1335
116
753
1241
138
762
1386
192
690
1201
190
630
1192
156
686
1106
181
572
1340
119
540
1229
145
720
1178
191
729
1174
120
553
1280
185
773
1019
196
673
1374
131
786
1254
108
500
1369
160
584
1209
192
669
1062
166
574
1198
127
679
1381
193
741
1300
126
677
1083
110
766
1492
178
647
1066
137
633
1202
116
581
1323
111
776
1052
159
789
1217
198
718
1019
112
619
1016
171
791
1129
198
530
1334
165
711
1380
114
569
1044
156
518
1106
169
666
1446
123
732
1320
141
634
1060
199
670
1092
165
603
1226
115
548
1468
126
623
1215
140
659
1250
135
748
1231
180
650
1376
171
668
1262
111
518
1442
167
687
1424
184
672
1415
193
654
1132
114
784
1243
151
704
1023
156
674
1225
115
639
1311
107
532
1431
193
748
1023
158
557
1168
149
796
1351
194
642
1189
176
526
1273
196
507
1163
184
757
1320
108
764
1294
143
584
1296
153
738
1132
125
748
1011
117
737
1104
143
712
1081
165
720
1095
134
628
1112
180
706
1066
164
625
1308
122
634
1289
140
762
1020
156
645
1357
168
671
1346
198
614
1397
171
789
1140
134
506
1036
161
536
1334
160
730
1440
177
614
1208
119
523
1171
188
746
1476
195
671
1048
157
655
1411
110
624
1374
120
749
1331
102
567
1065
185
711
1220
170
618
1421
177
726
1459
143
711
1002
136
789
1073
114
521
1369
142
514
1084
144
788
1371
196
569
1212
111
643
1285
194
677
1373
130
542
1312
132
604
1037
103
747
1089
196
530
1014
168
606
1262
155
604
1231
197
669
1347
135
790
1284
190
619
1018
166
772
1173
198
595
1313
109
694
1151
182
668
1143
144
596
1162
197
634
1154
133
776
1014
147
721
1373
124
686
1460
117
603
1173
161
705
1008
191
587
1228
185
697
1489
126
563
1156
119
760
1255
191
715
1362
187
740
1368
144
766
1289
199
551
1059
139
796
1100
199
637
1104
156
690
1092
155
501
1247
133
653
1263
195
765
1361
124
598
1144
179
688
1345
137
555
1487
130
794
1050
161
643
1166
145
797
1143
177
601
1174
149
704
1059
189
608
1237
103
531
1057
154
608
1010
105
544
1422
164
770
1307
172
696
1121
143
616
1458
198
789
1218
186
571
1013
154
563
1052
101
763
1338
173
641
1218
183
517
1471
106
552
1200
132
738
1313
192
745
1070
118
758
1309
110
565
1396
120
794
1465
149
619
1175
150
669
1409
170
504
1357
102
757
1207
116
640
1020
155
633
1360
184
607
1223
102
612
1079
124
672
1088
142
516
1263
122
786
1421
199
613
1103
132
638
1028
125
533
1300
186
503
1154
190
780
1407
174
797
1272
120
659
1075
175
576
1151
104
641
1430
105
671
1332
183
745
1341
120
506
1011
105
531
1268
135
581
1327
186
571
1132
115
644
1259
152
770
1111
160
501
1123
101
693
1433
152
517
1047
141
675
1271
168
574
1066
154
502
1303
153
734
1270
192
716
1261
154
741
1004
157
792
1109
103
725
1150
113
613
1028
149
750
1177
167
684
1165
119
560
1493
123
603
1191
149
511
1397
167
563
1117
182
545
1060
163
624
1439
111
543
1241
161
538
1356
133
522
1436
184
764
1060
149
548
1301
140
614
1099
149
676
1444
143
683
1048
109
567
1099
107
604
1127
197
747
1352
127
652
1383
138
573
1376
181
764
1169
193
660
1393
163
591
1142
119
645
1055
172
797
1249
178
521
1037
142
627
1091
173
598
1475
193
692
1400
170
755
1283
111
698
1013
152
790
1189
138
584
1371
189
669
1090
159
532
1179
182
720
1495
117
780
1148
197
631
1117
179
643
1106
190
593
1158
187
673
1242
112
508
1419
137
503
1212
127
759
1028
194
750
1247
125
675
1452
182
576
1066
103
772
1435
137
716
1297
187
716
1033
135
527
1082
157
608
1114
180
581
1115
184
529
1007
157
568
1111
145
583
1131
161
780
1385
150
544
1028
118
640
1360
151
754
1012
160
569
1352
106
698
1397
150
667
1245
180
533
1444
184
711
1354
176
664
1050
115
605
1100
122
670
1261
114
673
1126
190
770
1264
179
747
1262
103
610
1014
124
566
1277
170
591
1049
170
690
1142
113
691
1146
140
530
1232
119
705
1014
192
651
1379
181
601
1175
181
752
1155
109
693
1093
157
504
1424
104
543
1157
163
620
1083
181
754
1436
126
553
1196
125
702
1319
185
652
1002
189
690
1204
183
627
1031
163
500
1154
174
576
1449
143
615
1066
107
615
1288
180
659
1100
150
597
1334
138
577
1255
155
605
1424
174
611
1203
187
560
1374
154
682
1360
157
734
1406
133
611
1245
154
793
1018
157
655
1127
150
696
1076
162
523
1314
181
709
1393
156
793
1358
116
629
1371
179
562
1422
192
514
1083
157
751
1356
185
574
1276
160
527
1323
183
641
1451
116
761
1210
120
712
1424
153
767
1455
146
543
1256
174
546
1276
193
602
1156
197
768
1461
166
646
1029
153
630
1367
147
754
1138
162
746
1134
149
562
1498
125
590
1234
196
638
1041
155
742
1128
176
776
1458
158
687
1020
191
512
1300
108
696
1176
165
725
1235
116
689
1437
120
790
1427
183
704
1156
188
786
1137
111
525
1408
168
692
1090
123
771
1271
187
617
1070
153
651
1121
119
522
1081
161
771
1412
185
635
1069
166
658
1275
155
774
1337
125
766
1265
131
508
1089
130
698
1275
191
694
1297
163
568
1216
106
580
1484
136
734
1471
189
587
1069
167
693
1373
127
771
1319
166
673
1245
167
765
1313
132
682
1070
134
775
1090
194
607
1470
159
798
1061
100
519
1180
128
676
1140
160
633
1139
150
685
1209
176
687
1299
100
666
1148
172
578
1174
141
602
1388
129
790
1359
122
717
1450
101
649
1256
187
626
1057
114
612
1176
136
727
1447
111
773
1378
119
727
1176
146
584
1266
161
595
1278
199
759
1198
170
768
1405
118
610
1445
163
701
1196
103
780
1068
113
608
1341
190
502
1254
124
692
1368
156
656
1051
193
647
1077
178
732
1156
182
690
1272
174
785
1102
167
738
1314
197
616
1346
159
625
1370
147
585
1353
110
701
1400
102
512
1096
108
774
1339
138
703
1033
144
765
1229
189
654
1100
169
636
1250
166
673
1478
149
677
1273
110
697
1004
132
611
1059
154
693
1384
104
616
1468
194
546
1325
172
540
1009
158
776
1499
196
788
1000
103
576
1385
134
724
1168
122
768
1438
132
725
1469
134
664
1005
172
624
1307
120
669
1440
150
723
1094
188
784
1115
195
572
1409
122
532
1202
115
640
1364
120
695
1418
110
570
1313
188
716
1470
140
564
1202
158
757
1243
177
653
1342
144
681
1433
113
634
1201
187
743
1223
198
538
1192
128
784
1323
165
515
1129
198
771
1215
130
782
1142
149
511
1282
150
532
1334
157
681
1161
187
791
1304
122
718
1155
152
545
1131
148
652
1126
143
527
1305
100
710
1074
192
545
1214
116
534
1083
172
753
1211
172
737
1115
199
672
1093
104
778
1320
160
736
1022
161
746
1445
186
614
1360
105
764
1163
103
750
1373
189
608
1285
134
598
1317
147
606
1061
124
508
1464
139
686
1214
158
511
1237
113
696
1409
145
535
1015
183
792
1297
146
504
1483
170
701
1068
151
564
1279
128
662
1336
171
781
1331
171
512
1402
188
643
1194
121
641
1181
142
528
1315
118
686
1127
190
732
1366
143
761
1256
104
767
1305
178
643
1283
167
727
1092
136
764
1365
134
678
1076
167
520
1330
112
659
1046
190
511
1249
178
644
1153
146
566
1150
183
583
1259
182
590
1158
156
732
1074
170
777
1252
153
730
1151
141
651
1360
121
698
1494
176
775
1160
142
600
1063
196
609
1219
115
524
1128
160
761
1022
126
673
1188
180
628
1494
176
701
1165
176
601
1036
177
677
1340
176
722
1327
143
709
1090
129
684
1275
118
560
1230
134
796
1190
157
502
1022
139
672
1142
107
557
1394
152
753
1496
142
526
1167
106
612
1041
121
555
1308
137
654
1400
131
519
1146
107
566
1417
143
502
1040
130
762
1151
147
703
1411
138
677
1011
105
617
1467
143
634
1251
117
678
1469
134
611
1459
175
794
1032
150
600
1080
135
701
1489
173
758
1363
105
661
1138
124
515
1099
179
590
1092
136
690
1155
