177
722
1246
115
749
1353
167
689
1058
178
735
1022
138
701
1262
123
745
1173
162
580
1254
136
726
1288
146
519
1422
176
788
1220
137
673
1265
126
617
1497
140
743
1236
177
739
1203
127
716
1177
184
637
1251
156
534
1215
140
788
1006
153
741
1330
108
543
1244
130
619
1384
134
518
1420
171
663
1286
115
534
1350
142
602
1218
162
759
1170
181
617
1046
186
671
1473
117
754
1134
130
557
1029
155
575
1118
166
640
1346
167
697
1240
117
707
1496
174
545
1132
174
568
1406
108
714
1149
165
670
1357
117
703
1495
102
731
1395
145
791
1301
115
708
1058
125
785
1015
185
752
1237
129
635
1366
180
726
1161
160
636
1474
194
720
1106
137
721
1499
104
685
1137
114
775
1118
106
735
1191
119
653
1166
101
706
1037
116
797
1181
146
599
1278
156
707
1057
146
617
1302
102
590
1477
199
652
1325
193
792
1373
137
620
1107
132
734
1322
185
786
1344
164
721
1301
184
677
1031
127
621
1411
168
630
1218
175
736
1034
200
714
1060
197
702
1157
193
778
1250
193
536
1198
194
592
1296
101
654
1150
149
661
1494
153
618
1290
165
510
1320
179
658
1284
168
760
1069
197
514
1063
107
654
1127
126
766
1460
106
662
1019
157
686
1156
125
742
1092
197
738
1303
140
788
1083
110
566
1412
186
523
1279
178
795
1129
145
707
1430
144
726
1132
165
728
1331
174
665
1233
110
699
1424
170
767
1389
177
746
1445
110
580
1425
156
603
1042
134
570
1006
107
678
1135
106
777
1192
165
710
1286
185
543
1130
118
568
1272
127
742
1190
114
513
1227
149
715
1209
116
634
1179
179
793
1261
124
768
1193
178
768
1499
180
783
1415
110
706
1161
150
694
1469
149
585
1472
155
720
1403
184
632
1497
121
720
1318
134
682
1427
172
705
1048
196
537
1401
149
501
1013
153
718
1037
117
764
1421
140
654
1331
103
655
1021
122
655
1050
107
768
1187
161
717
1101
160
750
1251
158
756
1057
130
538
1334
148
701
1480
150
757
1389
184
766
1469
123
767
1376
148
700
1013
151
701
1279
140
610
1192
114
693
1176
184
555
1428
135
778
1108
113
771
1494
137
580
1236
140
556
1332
151
768
1473
126
595
1004
160
593
1008
150
564
1326
160
654
1483
193
650
1492
134
620
1314
186
502
1490
183
783
1216
171
561
1103
128
635
1469
185
664
1241
128
649
1264
162
572
1492
175
753
1480
183
503
1240
153
603
1173
120
776
1481
185
634
1222
177
778
1277
142
521
1378
188
592
1141
151
569
1286
150
507
1438
148
561
1468
108
511
1440
188
630
1093
191
600
1221
109
729
1355
174
747
1132
125
591
1037
110
617
1066
116
563
1373
180
759
1055
119
719
1240
137
667
1480
179
691
1152
155
551
1399
166
561
1472
179
676
1093
187
522
1044
114
764
1312
191
640
1285
104
759
1458
141
671
1488
144
610
1366
174
599
1477
181
553
1343
173
635
1071
128
741
1449
194
668
1453
186
721
1186
119
712
1207
151
646
1042
146
711
1237
166
570
1110
153
591
1364
104
672
1227
186
638
1399
121
780
1008
197
546
1440
157
552
1189
146
622
1461
118
794
1270
115
517
1188
183
693
1084
122
790
1352
124
757
1047
191
632
1339
176
577
1379
167
593
1254
187
603
1331
116
510
1118
177
586
1333
191
582
1012
129
549
1361
129
629
1392
154
571
1403
126
688
1029
144
627
1427
138
555
1399
190
516
1478
195
742
1347
173
713
1018
155
638
1088
150
656
1294
131
581
1075
199
663
1109
187
724
1213
122
531
1234
141
721
1104
142
663
1031
187
533
1389
199
780
1183
196
529
1434
140
632
1067
161
540
1147
113
663
1382
140
605
1364
170
651
1377
131
700
1347
129
699
1381
181
683
1084
133
533
1102
173
648
1343
197
522
1488
144
509
1235
119
567
1102
194
593
1248
147
781
1330
155
580
1300
169
743
1338
149
503
1455
132
560
1453
189
622
1212
193
574
1075
135
758
1094
175
547
1282
198
551
1461
135
529
1117
200
649
1211
128
578
1177
162
586
1347
147
734
1227
192
549
1405
103
663
1197
168
772
1485
192
738
1412
149
560
1377
167
768
1330
194
745
1337
134
719
1466
100
618
1408
113
773
1388
186
515
1385
189
610
1335
157
616
1087
147
799
1050
198
533
1103
114
704
1163
148
683
1211
154
795
1171
184
593
1403
199
661
1046
120
524
1221
101
668
1180
153
526
1088
174
732
1238
128
714
1288
149
748
1456
174
525
1373
183
625
1286
190
622
1017
177
518
1007
167
660
1348
110
673
1287
137
765
1271
199
632
1369
106
689
1480
148
680
1364
151
787
1099
124
527
1436
113
533
1193
144
578
1404
163
531
1292
142
520
1026
118
534
1397
109
635
1124
177
543
1126
199
622
1474
156
652
1248
116
514
1493
170
548
1206
139
633
1217
119
698
1239
145
627
1225
198
655
1216
189
663
1291
129
572
1388
120
709
1309
127
646
1112
121
720
1191
129
602
1442
176
510
1427
119
757
1384
163
786
1029
168
782
1370
184
653
1084
171
567
1010
168
640
1165
190
774
1385
199
563
1429
101
537
1131
125
616
1293
132
677
1244
128
688
1085
119
770
1009
183
611
1405
185
619
1375
129
760
1392
145
746
1257
163
743
1450
186
732
1085
176
617
1035
158
581
1254
177
501
1474
109
767
1146
113
688
1349
180
681
1081
195
557
1242
128
652
1029
193
743
1383
200
563
1204
114
627
1387
171
594
1252
194
689
1325
152
577
1393
118
528
1489
154
773
1331
186
764
1021
106
786
1344
111
696
1070
102
507
1281
120
690
1386
109
662
1284
176
698
1185
175
600
1232
168
788
1398
185
794
1087
148
544
1234
155
512
1231
157
646
1199
139
515
1290
145
722
1185
128
703
1410
118
773
1402
199
775
1250
115
770
1458
189
713
1188
144
667
1153
172
714
1249
136
655
1220
141
669
1091
121
589
1440
129
685
1098
112
595
1210
130
795
1329
196
655
1244
192
608
1036
186
632
1475
154
724
1081
163
786
1466
138
643
1025
196
636
1496
156
755
1383
111
796
1174
172
707
1378
163
647
1095
186
641
1361
150
538
1408
159
659
1327
181
515
1299
142
596
1176
151
714
1115
153
641
1183
121
728
1269
175
509
1063
103
561
1107
152
716
1470
155
794
1445
126
750
1220
131
687
1336
143
636
1049
158
667
1401
132
690
1435
197
647
1054
123
599
1454
114
745
1021
141
798
1236
139
770
1236
151
761
1358
130
688
1014
178
752
1189
184
639
1371
159
666
1142
186
686
1453
178
667
1403
106
730
1430
120
753
1074
130
739
1109
150
568
1155
175
579
1300
135
670
1355
123
650
1095
115
628
1132
160
737
1273
158
704
1411
131
765
1138
148
550
1143
125
741
1445
172
710
1495
133
692
1439
112
685
1466
189
532
1231
142
648
1241
133
511
1097
145
798
1059
159
648
1007
197
798
1335
109
544
1290
166
582
1390
119
783
1083
131
557
1472
107
604
1154
135
714
1064
124
549
1144
162
697
1248
141
734
1066
142
510
1062
165
557
1044
177
624
1213
192
524
1441
136
751
1115
116
614
1077
187
751
1228
158
797
1424
181
762
1485
161
780
1325
126
657
1084
140
782
1007
145
720
1364
118
754
1408
198
665
1147
194
644
1003
178
512
1251
154
600
1290
181
759
1430
171
564
1408
161
501
1475
199
751
1158
167
672
1323
176
581
1344
190
535
1402
118
716
1049
125
781
1215
156
638
1023
171
706
1415
109
640
1345
161
757
1425
104
687
1458
186
586
1280
118
781
1432
115
521
1094
108
677
1043
146
746
1146
125
578
1203
144
770
1415
137
670
1493
150
566
1099
132
643
1084
101
563
1379
191
780
1319
181
591
1121
179
632
1059
111
761
1490
158
655
1042
195
549
1077
108
701
1492
112
753
1480
102
799
1467
178
724
1235
197
568
1274
139
794
1271
102
502
1351
199
660
1143
130
557
1130
161
734
1357
162
553
1324
150
646
1109
163
763
1131
149
566
1127
132
711
1387
127
618
1139
194
780
1403
169
755
1428
197
609
1252
146
604
1223
155
774
1427
150
710
1302
199
570
1071
173
673
1291
109
651
1358
193
577
1122
153
641
1448
163
626
1261
192
620
1175
181
753
1090
197
535
1030
140
717
1240
140
599
1139
189
548
1165
102
598
1346
170
561
1217
151
712
1171
140
512
1172
127
660
1215
153
718
1211
183
730
1437
174
546
1341
147
794
1120
128
558
1298
149
581
1245
155
578
1028
173
505
1492
109
592
1429
191
655
1428
121
615
1438
183
504
1049
124
542
1260
168
726
1001
145
562
1346
136
579
1328
192
649
1472
177
666
1371
130
627
1008
110
521
1399
114
729
1084
176
581
1394
128
728
1288
157
677
1119
152
797
1047
114
688
1064
170
720
1193
175
658
1164
165
799
1035
200
588
1497
143
537
1384
179
638
1173
172
596
1390
181
690
1298
109
515
1213
138
780
1288
189
616
1271
180
716
1412
180
657
1429
183
634
1155
186
667
1302
158
780
1149
143
785
1463
141
606
1153
150
751
1442
114
677
1170
133
653
1063
172
668
1378
157
606
1293
136
764
1069
165
788
1417
147
769
1164
173
645
1259
199
642
1383
200
565
1112
116
687
1311
101
541
1329
194
716
1235
143
726
1224
149
713
1266
149
671
1050
171
577
1147
164
767
1367
198
720
1410
131
716
1320
144
656
1256
144
762
1174
122
771
1400
156
766
1358
191
769
1050
147
718
1277
167
562
1224
111
677
1108
147
716
1381
116
568
1135
127
610
1256
110
733
1145
135
664
1026
108
592
1099
198
660
1038
114
728
1351
198
739
1222
175
703
1240
126
503
1338
192
731
1453
194
643
1006
187
552
1091
119
726
1215
165
617
1383
183
693
1386
162
735
1268
185
689
1218
173
596
1200
124
747
1465
191
783
1448
118
685
1260
196
539
1190
119
666
1162
144
630
1211
114
596
1147
142
589
1333
109
718
1110
117
573
1006
127
524
1365
131
560
1208
169
560
1023
148
561
1291
124
708
1477
133
734
1111
117
708
1166
158
756
1077
106
535
1167
134
751
1132
176
599
1417
188
778
1460
197
638
1426
157
647
1072
183
699
1299
193
672
1125
137
689
1485
124
588
1421
194
603
1117
129
610
1386
183
589
1363
166
562
1158
143
795
1354
102
737
1323
146
756
1373
129
784
1231
188
718
1006
105
573
1367
147
794
1452
121
733
1410
199
604
1081
117
565
1176
166
542
1320
104
543
1335
197
652
1268
135
736
1139
189
611
1069
144
753
1048
155
663
1496
183
581
1300
148
534
1404
106
735
1355
100
754
1253
165
646
1251
110
651
1027
171
668
1342
125
678
1212
141
754
1370
175
611
1070
107
743
1307
181
601
1498
194
696
1089
164
644
1220
172
608
1311
136
628
1006
173
505
1476
168
767
1453
176
694
1435
182
535
1024
114
652
1084
133
774
1314
156
527
1299
193
515
1490
138
558
1142
171
557
1337
180
617
1220
113
747
1126
187
562
1428
182
730
1477
171
728
1213
149
524
1019
161
518
1229
193
734
1257
195
537
1351
102
727
1029
102
644
1116
179
734
1178
173
544
1233
146
694
1181
104
642
1045
184
655
1016
123
663
1039
125
648
1075
121
755
1021
134
598
1299
137
624
1123
110
537
1195
177
643
1423
163
673
1444
194
778
1400
179
730
1060
149
755
1087
132
518
1042
175
769
1008
184
758
1215
172
698
1433
132
749
1476
120
585
1041
172
557
1267
127
556
1143
148
562
1202
135
538
1207
179
703
1030
192
600
1137
113
627
1026
136
617
1150
173
643
1299
189
673
1113
123
645
1137
163
626
1259
106
539
1181
154
760
1310
106
752
1500
197
593
1482
168
547
1481
190
736
1150
199
761
1368
180
642
1022
127
601
1206
117
519
1308
143
620
1467
139
653
1137
169
558
1499
163
762
1277
144
562
1029
165
523
1092
141
510
1242
145
598
1215
128
581
1139
148
516
1027
160
776
1423
140
717
1468
148
601
1281
158
680
1331
186
566
1144
134
630
1381
156
566
1206
197
752
1344
121
756
1081
147
751
1060
190
706
1270
108
593
1169
190
612
1037
185
712
1105
104
727
1046
152
726
1078
151
735
1314
190
598
1082
193
773
1332
108
570
1082
120
672
1329
122
787
1146
156
511
1216
175
784
1361
188
563
1216
104
606
1190
131
651
1132
122
579
1457
153
620
1108
126
794
1157
187
703
1105
158
717
1277
177
644
1301
139
644
1009
101
543
1319
160
750
1299
185
631
1011
181
579
1235
107
662
1251
129
725
1163
184
626
1072
190
664
1355
199
633
1067
151
796
1251
108
796
1040
134
605
1047
152
582
1109
197
761
1069
169
761
1321
168
634
1063
128
604
1028
105
766
1152
152
728
1378
180
577
1155
107
628
1067
100
648
1213
163
557
1253
127
742
1444
107
669
1358
153
758
1244
146
706
1125
103
640
1159
144
578
1461
174
762
1288
153
681
1010
135
520
1220
184
756
1308
115
538
1121
157
695
1346
169
543
1353
176
703
1293
138
723
1296
169
527
1149
174
741
1411
199
782
1132
193
554
1043
145
697
1110
116
622
1475
118
658
1423
174
502
1293
134
522
1182
189
760
1243
147
714
1016
146
531
1351
142
701
1237
197
580
1101
128
506
1069
178
541
1405
145
679
1367
105
585
1476
180
547
1118
199
600
1262
131
767
1005
129
672
1135
122
703
1356
196
615
1428
124
536
1351
144
719
1353
194
628
1488
151
685
1115
133
609
1314
123
673
1109
158
789
1232
153
585
1226
111
634
1041
141
755
1353
152
757
1034
159
618
1379
145
509
1079
187
728
1428
151
728
1224
194
540
1483
107
709
1282
165
501
1118
191
536
1357
122
736
1258
151
531
1162
188
589
1371
116
775
1337
175
566
1170
199
635
1361
195
505
1336
133
750
1464
196
787
1330
142
618
1101
141
770
1288
122
627
1161
154
559
1063
102
505
1321
169
711
1467
186
615
1139
154
676
1050
197
616
1263
137
703
1067
190
521
1395
175
504
1191
103
712
1129
188
698
1168
188
717
1330
192
704
1010
182
782
1445
140
640
1330
132
552
1157
120
690
1391
115
571
1434
146
535
1389
131
534
1259
110
632
1198
175
726
1376
188
583
1359
197
761
1088
129
592
1220
175
563
1152
191
564
1337
142
523
1473
185
713
1162
143
603
1004
122
759
1363
185
771
1302
166
782
1274
149
610
1352
172
761
1254
140
724
1489
176
560
1065
138
569
1067
190
708
1497
107
561
1119
156
600
1492
140
596
1196
117
782
1104
187
554
1300
111
703
1068
117
693
1224
147
660
1149
144
610
1469
167
566
1470
134
609
1032
166
761
1391
178
743
1055
165
722
1412
139
666
1250
120
685
1274
151
535
1190
161
713
1218
153
536
1344
189
662
1434
118
565
1142
198
658
1483
102
730
1013
107
635
1167
146
597
1366
142
661
1088
172
696
1421
126
742
1060
117
655
1116
162
674
1093
132
732
1278
118
584
1350
120
618
1474
115
772
1440
192
652
1401
195
632
1355
190
705
1417
193
722
1069
195
799
1197
189
673
1004
195
708
1204
190
520
1421
158
527
1362
135
609
1331
172
654
1263
134
727
1459
165
753
1049
163
712
1135
178
691
1353
103
614
1488
139
666
1470
150
652
1188
149
631
1432
178
621
1187
132
651
1046
129
784
1374
160
749
1478
134
740
1297
161
506
1459
182
549
1482
190
771
1492
188
729
1285
118
664
1345
170
674
1495
117
762
1354
122
534
1344
198
581
1051
126
607
1374
163
757
1208
140
539
1059
172
608
1121
140
523
1250
170
658
1135
186
794
1369
189
724
1271
119
718
1156
132
553
1226
198
689
1043
191
774
1064
120
527
1489
156
557
1141
163
619
1008
156
620
1175
119
591
1123
148
794
1242
178
552
1198
144
650
1198
154
784
1483
136
604
1426
151
557
1083
124
528
1035
129
740
1243
114
627
1251
125
554
1448
133
658
1238
191
504
1033
154
784
1162
130
660
1119
150
676
1172
143
557
1441
117
662
1035
132
694
1474
186
729
1270
172
730
1259
101
738
1004
116
747
1063
159
647
1203
149
662
1296
157
500
1434
135
597
1065
137
781
1098
183
642
1104
107
709
1368
172
739
1362
152
524
1450
161
755
1244
178
561
1277
147
542
1385
145
596
1063
172
716
1062
119
699
1230
167
580
1434
198
502
1288
174
620
1316
146
661
1412
170
548
1327
137
664
1316
185
725
1078
169
776
1025
162
798
1090
186
534
1283
159
672
1495
176
646
1262
119
630
1240
176
657
1132
145
687
1139
173
645
1177
166
658
1006
108
636
1158
146
746
1301
198
746
1037
131
632
1220
119
592
1381
146
708
1126
104
704
1397
177
579
1475
112
584
1386
105
647
1291
190
666
1104
189
608
1267
147
601
1400
142
718
1248
115
530
1417
130
607
1273
160
795
1178
165
523
1440
196
752
1063
135
729
1458
124
674
1423
183
616
1073
190
760
1471
199
785
1328
111
523
1415
176
595
1403
137
501
1371
133
617
1188
125
731
1205
123
760
1483
122
764
1241
199
630
1267
174
657
1246
156
758
1242
177
755
1270
136
591
1479
145
526
1489
195
556
1240
174
607
1454
170
602
1229
121
596
1017
101
511
1078
164
761
1330
162
558
1226
139
659
1074
151
603
1385
125
679
1204
152
693
1085
130
736
1120
160
568
1186
172
642
1227
155
525
1035
187
794
1009
173
773
1021
101
542
1124
197
789
1462
155
697
1258
169
777
1205
155
673
1456
178
781
1181
168
510
1163
143
610
1208
175
504
1308
169
549
1251
140
678
1291
105
743
1081
108
507
1309
197
723
1203
165
647
1436
134
548
1269
190
642
1371
165
738
1025
126
507
1242
110
536
1191
176
567
1233
142
721
1083
187
698
1204
142
549
1151
184
641
1474
138
594
1481
193
680
1330
150
594
1170
195
569
1005
179
765
1033
151
646
1168
119
511
1263
115
710
1100
134
605
1439
125
571
1152
157
581
1474
146
691
1249
141
528
1365
179
790
1215
175
620
1444
154
579
1403
141
755
1123
121
703
1215
155
515
1396
157
671
1132
141
652
1260
151
576
1130
102
716
1333
110
646
1249
175
510
1476
178
705
1273
181
738
1417
180
651
1408
200
632
1197
145
647
1207
136
520
1186
167
514
1389
100
568
1139
159
543
1131
169
766
1068
167
615
1093
180
726
1005
108
581
1035
144
574
1107
190
617
1296
127
684
1324
106
727
1455
187
650
1363
122
595
1190
133
527
1069
135
613
1265
192
572
1490
103
697
1243
175
614
1209
150
685
1369
190
729
1445
174
787
1329
181
719
1417
111
509
1419
134
689
1453
187
523
1288
119
650
1287
116
589
1169
151
516
1222
180
600
1434
147
711
1423
190
569
1339
110
503
1203
169
568
1068
152
738
1255
134
793
1273
172
665
1246
174
766
1350
128
699
1015
196
640
1498
100
683
1082
161
665
1146
115
537
1302
108
627
1023
152
644
1205
152
725
1447
154
755
1082
128
602
1337
153
522
1474
162
638
1446
116
610
1485
148
670
1450
142
655
1107
170
594
1448
118
719
1073
144
662
1239
164
674
1024
167
782
1109
135
522
1071
106
695
1370
136
654
1063
155
796
1375
123
603
1396
104
557
1480
124
673
1108
169
716
1333
139
533
1144
118
575
1395
112
739
1357
146
694
1357
172
550
1045
156
786
1030
134
643
1306
172
761
1393
122
651
1499
168
603
1423
137
749
1116
127
761
1338
136
717
1445
133
582
1024
122
631
1374
176
512
1477
187
620
1372
132
607
1266
136
796
1352
165
800
1165
105
641
1118
125
658
1013
117
754
1215
163
769
1018
193
597
1034
153
651
1234
176
583
1414
177
653
1252
112
752
1157
142
535
1428
107
712
1426
102
526
1007
104
779
1144
143
779
1328
197
570
1297
148
576
1452
149
791
1396
164
607
1364
119
516
1160
112
781
1412
116
559
1107
120
578
1371
132
668
1448
138
760
1218
158
587
1152
196
657
1174
132
503
1252
124
530
1443
153
509
1499
155
759
1139
119
632
1084
101
540
1360
147
552
1494
152
760
1080
187
535
1265
129
579
1065
152
797
1461
199
571
1010
143
600
1206
140
547
1220
116
657
1115
132
665
1079
112
573
1494
127
673
1434
155
619
1082
139
540
1416
112
569
1098
132
717
1191
120
517
1423
115
512
1452
155
650
1044
172
650
1219
180
726
1472
186
788
1286
199
549
1458
174
721
1283
170
721
1485
171
797
1078
144
703
1388
101
582
1064
127
534
1050
109
693
1147
107
736
1248
178
719
1453
102
571
1019
147
589
1368
139
789
1435
100
790
1341
137
712
1026
145
583
1337
142
666
1246
154
550
1029
112
666
1312
187
755
1372
123
632
1063
105
728
1410
188
522
1181
110
746
1035
116
687
1146
150
579
1221
172
751
1129
120
553
1268
158
603
1212
149
732
1397
116
653
1082
152
505
1409
143
745
1201
192
759
1289
104
558
1400
122
790
1402
150
561
1380
164
632
1499
176
764
1288
174
525
1452
162
601
1306
173
589
1369
114
670
1055
144
645
1212
113
578
1025
136
716
1379
173
752
1189
139
621
1400
111
567
1162
175
669
1271
178
798
1209
107
599
1110
129
753
1326
132
634
1025
102
741
1122
161
540
1173
103
772
1317
197
779
1105
134
615
1183
185
711
1212
172
796
1012
148
682
1132
164
533
1171
160
757
1144
189
663
1008
187
537
1335
186
580
1323
167
558
1333
109
567
1131
124
629
1290
101
619
1129
124
658
1443
159
742
1466
183
722
1452
196
574
1068
158
743
1471
155
706
1145
110
717
1092
118
668
1298
187
739
1168
172
743
1030
174
604
1399
110
626
1267
140
751
1160
172
587
1010
160
661
1116
107
770
1453
147
793
1051
142
787
1103
189
644
1236
143
620
1167
185
758
1349
154
670
1272
174
621
1184
185
759
1422
200
679
1347
192
713
1207
117
642
1026
182
584
1483
108
765
1336
103
690
1411
123
513
1451
178
568
1243
161
597
1332
186
721
1466
141
663
1174
134
611
1143
195
657
1308
193
522
1033
105
545
1463
173
543
1091
179
723
1386
185
654
1422
124
629
1192
103
715
1297
146
638
1069
186
633
1320
168
593
1061
174
721
1208
165
793
1262
165
592
1345
120
686
1428
133
592
1096
109
519
1164
119
528
1484
159
588
1008
170
642
1363
143
542
1425
136
798
1261
142
776
1287
189
510
1166
150
578
1263
180
561
1377
154
758
1157
103
526
1143
110
710
1143
117
641
1418
135
784
1408
130
569
1193
169
743
1342
104
605
1385
134
525
1115
137
527
1223
114
771
1083
160
752
1370
122
597
1006
143
714
1089
154
631
1344
186
747
1428
156
531
1104
119
587
1019
168
671
1215
196
706
1461
161
638
1341
144
709
1159
174
632
1239
171
674
1490
138
744
1024
123
620
1486
150
773
1287
141
539
1325
195
790
1343
195
637
1243
112
551
1185
101
701
1222
190
684
1217
188
525
1102
160
740
1206
146
737
1477
169
775
1270
152
512
1152
155
790
1439
151
656
1200
107
748
1131
151
508
1293
194
546
1081
189
519
1071
171
563
1072
193
728
1404
188
778
1330
182
649
1262
192
649
1402
130
788
1366
159
522
1118
192
645
1183
179
761
1464
144
601
1062
164
537
1241
151
588
1407
116
796
1033
103
722
1253
141
792
1071
179
595
1283
107
731
1258
125
796
1305
163
697
1247
135
747
1165
146
636
1464
102
762
1427
166
791
1050
152
594
1204
160
523
1326
183
746
1257
152
677
1035
185
777
1323
142
621
1451
163
634
1442
189
653
1356
159
744
1132
186
544
1202
125
577
1325
105
594
1408
191
526
1312
181
653
1321
178
638
1066
129
592
1173
169
796
1105
158
514
1084
158
773
1333
161
593
1124
176
590
1428
113
657
1099
176
722
1008
178
616
1225
182
654
1135
161
644
1287
183
587
1275
138
759
1215
161
798
1248
178
566
1466
185
772
1499
106
519
1427
191
794
1414
172
702
1345
145
521
1034
184
760
1043
169
790
1127
103
785
1118
119
521
1090
116
655
1055
103
549
1290
103
522
1365
153
769
1389
131
678
1417
199
635
1469
170
754
1365
161
500
1445
100
525
1361
171
732
1361
129
528
1111
140
607
1319
188
571
1392
154
704
1021
145
641
1390
190
777
1263
102
597
1270
188
666
1365
108
517
1034
161
616
1385
115
798
1006
184
510
1438
140
666
1441
176
667
1235
176
695
1154
169
527
1236
192
663
1280
111
793
1132
148
606
1490
164
703
1199
163
738
1487
161
620
1273
104
728
1213
200
791
1330
129
668
1257
153
661
1077
192
525
1386
163
548
1060
107
735
1417
101
634
1031
121
624
1184
188
625
1481
121
626
1294
101
612
1329
180
550
1153
129
567
1003
114
501
1341
188
554
1371
120
667
1237
171
597
1436
128
526
1088
173
746
1456
141
656
1091
108
776
1437
164
538
1354
196
501
1226
116
657
1299
199
515
1216
165
727
1482
141
678
1344
156
717
1213
189
736
1107
117
759
1080
164
672
1169
176
601
1486
184
630
1166
147
787
1333
138
521
1171
130
678
1118
123
644
1377
126
576
1485
193
511
1048
117
708
1267
179
580
1413
138
756
1456
181
741
1305
174
780
1476
186
575
1275
126
562
1376
181
501
1061
161
767
1145
130
646
1284
186
717
1471
103
568
1097
195
511
1258
115
622
1062
109
546
1033
192
734
1336
157
671
1403
188
730
1315
111
770
1453
111
761
1209
123
742
1022
154
799
1224
107
750
1498
138
725
1354
110
786
1306
194
690
1188
126
528
1456
166
707
1185
200
740
1022
181
795
1058
108
504
1204
137
621
1012
143
653
1207
179
761
1435
187
769
1416
158
792
1289
127
669
1249
114
673
1202
107
794
1289
101
798
1355
138
738
1294
179
674
1147
103
613
1210
199
772
1357
163
574
1295
148
764
1185
165
623
1089
159
574
1271
193
656
1468
110
684
1440
126
655
1176
174
716
1105
199
562
1191
105
605
1214
124
737
1158
175
748
1314
200
652
1440
128
754
1322
137
678
1155
125
625
1017
110
522
1469
172
534
1367
123
667
1324
128
630
1159
163
781
1364
107
784
1398
115
537
1174
147
738
1463
156
738
1479
160
695
1361
166
706
1384
200
650
1138
136
559
1116
167
634
1069
104
733
1034
107
517
1489
103
661
1043
180
520
1006
123
707
1190
178
534
1131
128
595
1246
174
618
1363
109
555
1128
160
778
1272
170
622
1344
163
596
1360
161
550
1085
151
713
1391
195
576
1422
179
543
1171
183
782
1320
166
796
1027
162
638
1089
180
591
1238
143
761
1177
117
558
1160
142
761
1431
150
722
1397
145
760
1452
119
606
1472
168
697
1416
127
741
1161
193
783
1114
164
617
1060
121
679
1004
103
635
1344
180
676
1316
130
592
1312
159
520
1059
107
683
1157
154
560
1096
134
787
1177
200
615
1397
148
509
1074
166
741
1334
115
655
1280
138
622
1104
115
773
1391
105
564
1059
112
602
1344
105
593
1084
121
767
1408
131
555
1298
126
603
1101
143
537
1217
177
587
1193
190
507
1064
113
778
1414
120
772
1457
174
648
1415
185
781
1351
163
638
1398
162
747
1227
135
716
1430
151
538
1205
122
777
1080
185
536
1199
161
794
1068
157
572
1012
131
712
1168
132
706
1051
191
699
1089
131
541
1372
100
678
1296
144
783
1352
134
527
1115
132
539
1123
154
564
1097
157
769
1495
181
705
1258
117
578
1336
172
558
1420
155
704
1259
120
582
1189
104
676
1030
115
750
1383
150
518
1261
136
575
1313
102
576
1051
167
714
1128
197
598
1052
172
767
1476
154
514
1452
196
696
1400
153
644
1219
165
612
1057
198
592
1468
157
526
1283
134
564
1027
130
519
1281
117
524
1247
155
789
1073
191
725
1016
136
580
1184
128
508
1164
193
739
1179
127
796
1048
155
795
1313
200
636
1052
122
649
1398
167
692
1432
141
542
1078
128
733
1350
138
746
1413
138
606
1031
183
774
1458
169
680
1379
110
605
1307
131
516
1124
150
660
1073
100
578
1450
124
695
1349
127
635
1308
185
766
1353
113
633
1166
110
644
1499
156
626
1419
176
789
1062
177
546
1114
121
635
1117
179
573
1111
101
580
1043
188
640
1171
167
507
1418
140
503
1025
127
725
1244
112
667
1451
105
731
1157
194
740
1460
151
613
1057
123
711
1097
173
548
1231
195
558
1240
118
619
1409
184
636
1207
124
655
1249
160
560
1141
107
747
1128
183
515
1382
155
743
1222
144
710
1183
195
510
1258
140
506
1249
119
648
1015
118
772
1095
191
666
1068
100
736
1136
149
777
1117
156
725
1223
131
542
1477
153
707
1363
123
777
1389
188
596
1260
102
638
1460
110
600
1274
139
567
1376
128
594
1107
153
537
1218
190
560
1096
166
573
1347
171
564
1283
108
544
1379
191
579
1389
134
645
1086
135
715
1436
148
626
1086
180
558
1086
139
595
1288
156
792
1160
135
523
1271
117
759
1232
142
708
1461
145
780
1348
103
779
1329
185
581
1186
195
773
1181
154
678
1295
185
582
1454
191
657
1113
173
507
1369
125
727
1270
123
745
1457
152
736
1007
190
670
1061
112
732
1348
159
528
1485
133
729
1215
200
510
1455
145
704
1383
129
640
1323
121
615
1439
179
681
1144
141
716
1267
169
642
1436
135
714
1414
102
782
1117
111
542
1192
115
577
1054
122
675
1178
174
717
1429
140
723
1442
192
678
1081
136
553
1281
165
784
1399
183
648
1182
124
576
1194
121
636
1495
175
623
1026
184
601
1044
106
611
1238
101
785
1401
123
614
1201
164
765
1471
148
692
1130
131
575
1239
116
686
1105
193
630
1267
195
568
1425
122
749
1454
155
777
1069
134
596
1338
103
789
1106
101
781
1262
113
715
1423
119
545
1204
119
755
1061
135
643
1307
175
667
1364
136
712
1009
181
697
1237
190
530
1302
150
656
1200
157
700
1286
157
570
1476
126
746
1031
197
652
1333
120
755
1490
173
733
1275
115
647
1324
189
518
1252
140
594
1319
169
734
1430
189
666
1205
148
537
1051
177
763
1104
135
702
1345
108
575
1327
138
586
1455
137
643
1180
139
676
1355
156
610
1400
151
673
1166
118
659
1479
138
630
1094
120
536
1070
156
607
1013
117
681
1389
154
524
1411
144
633
1480
111
755
1092
145
742
1339
189
640
1192
175
775
1494
109
710
1108
122
693
1098
139
628
1216
136
790
1326
136
528
1459
162
705
1330
147
556
1062
103
517
1373
167
568
1139
105
732
1102
105
717
1428
193
701
1478
130
593
1336
154
632
1250
190
631
1133
110
680
1260
165
541
1182
165
769
1296
194
712
1079
166
664
1441
185
532
1222
115
776
1205
146
795
1242
111
736
1107
162
573
1411
164
696
1480
171
588
1352
104
714
1396
156
631
1027
137
755
1077
150
579
1106
188
558
1113
193
677
1419
145
541
1075
199
729
1416
153
509
1239
177
535
1040
191
751
1362
126
793
1457
112
661
1424
157
585
1229
159
561
1341
116
740
1098
173
750
1331
135
571
1183
167
797
1239
118
723
1237
129
526
1384
140
533
1478
180
552
1061
101
768
1080
171
660
1425
146
631
1052
149
800
1298
174
596
1355
164
770
1086
159
743
1476
168
762
1430
100
707
1167
149
650
1094
108
694
1449
120
552
1250
102
589
1449
183
516
1162
127
766
1105
131
749
1471
184
761
1306
131
667
1040
184
628
1318
137
513
1466
194
632
1398
113
692
1266
107
731
1260
130
534
1174
152
551
1439
176
683
1053
112
782
1077
182
695
1342
172
717
1362
163
752
1115
170
768
1267
157
506
1069
170
792
1423
125
752
1250
143
550
1216
136
527
1192
140
632
1311
129
661
1274
109
567
1444
106
599
1216
160
749
1207
128
754
1031
135
577
1074
124
633
1049
120
619
1156
128
546
1452
105
641
1114
167
654
1100
138
713
1407
114
725
1305
120
722
1018
171
555
1158
165
647
1084
134
709
1120
104
562
1147
191
569
1472
133
780
1196
189
504
1396
179
797
1474
107
772
1049
111
611
1383
200
742
1380
179
744
1367
118
636
1189
145
528
1098
144
653
1216
119
785
1398
157
756
1141
198
754
1454
172
793
1495
113
583
1174
135
757
1134
126
564
1083
146
651
1051
163
762
1272
149
684
1154
124
557
1242
192
734
1021
124
683
1093
182
757
1215
152
570
1391
188
555
1027
199
635
1428
183
600
1103
155
733
1243
197
688
1120
163
613
1136
182
635
1360
126
731
1385
141
764
1284
156
583
1152
111
769
1261
119
710
1233
180
762
1017
106
525
1331
194
509
1167
112
565
1060
135
571
1349
182
693
1126
151
566
1212
197
575
1360
175
741
1239
136
607
1133
145
529
1060
193
729
1320
126
582
1248
141
783
1424
197
713
1225
140
712
1055
172
627
1407
114
644
1438
172
732
1283
177
508
1071
109
635
1416
174
670
1146
115
508
1497
174
706
1326
117
778
1274
126
553
1001
179
520
1223
138
733
1228
187
618
1353
154
565
1086
139
752
1337
123
657
1052
192
600
1406
199
644
1422
133
555
1120
104
689
1162
113
595
1222
187
710
1302
191
699
1294
177
578
1020
197
624
1137
196
606
1491
174
759
1115
130
704
1299
181
724
1390
194
554
1077
165
649
1077
185
546
1025
198
569
1253
182
716
1481
133
562
1280
166
683
1483
200
505
1263
135
511
1325
180
556
1300
102
592
1068
183
593
1186
101
699
1083
180
667
1411
182
553
1142
131
551
1191
179
547
1401
152
539
1225
143
758
1223
164
645
1105
107
707
1345
167
665
1434
185
538
1329
153
629
1204
134
589
1146
109
505
1290
129
799
1267
109
688
1348
178
549
1103
165
737
1057
118
518
1412
119
581
1229
177
569
1064
165
782
1307
106
628
1468
152
642
1296
155
553
1165
177
734
1493
114
643
1315
151
641
1020
139
732
1034
120
504
1471
116
555
1444
106
797
1228
176
509
1348
168
581
1181
126
776
1328
108
583
1303
199
755
1032
155
554
1059
183
531
1356
137
725
1428
139
585
1159
150
770
1330
184
762
1008
152
789
1492
198
557
1021
155
749
1429
176
773
1284
107
797
1266
118
642
1172
187
588
1433
198
696
1174
178
504
1485
165
701
1257
197
775
1377
130
691
1464
189
658
1401
172
729
1488
177
609
1428
169
557
1386
195
525
1110
111
582
1187
108
669
1117
126
630
1425
138
541
1417
164
729
1136
184
631
1222
194
787
1436
188
628
1495
165
535
1469
150
686
1354
151
762
1112
117
521
1313
156
623
1253
154
500
1351
106
597
1096
114
524
1361
152
726
1345
152
553
1408
194
774
1316
166
674
1272
178
515
1411
160
707
1130
177
604
1478
131
575
1455
159
662
1405
141
680
1340
101
584
1343
186
627
1103
189
741
1403
186
706
1265
102
698
1387
143
677
1153
189
797
1185
182
730
1333
126
534
1070
136
627
1335
147
773
1428
167
624
1120
168
564
1442
122
740
1199
170
556
1095
123
601
1227
161
734
1293
156
775
1329
100
719
1056
180
685
1420
159
548
1010
111
656
1223
107
781
1476
165
525
1196
103
784
1388
145
594
1284
184
643
1316
125
506
1090
199
743
1494
167
678
1148
153
625
1389
155
719
1406
194
790
1019
199
609
1482
124
789
1287
172
660
1426
176
778
1057
118
733
1374
125
730
1416
181
637
1219
118
745
1246
194
790
1237
147
615
1384
150
688
1397
104
510
1026
135
614
1256
157
776
1001
151
608
1333
133
690
1209
173
502
1042
172
783
1021
196
702
1006
131
692
1344
174
656
1220
158
740
1092
183
754
1320
166
667
1177
101
600
1392
132
718
1006
164
754
1275
146
759
1399
175
701
1281
170
709
1118
160
769
1111
184
516
1184
177
740
1198
140
661
1062
143
559
1494
169
653
1353
152
745
1271
130
599
1157
108
595
1003
109
728
1383
154
652
1270
117
790
1409
102
767
1236
141
706
1413
148
717
1100
117
615
1496
147
766
1473
165
705
1274
149
768
1200
138
671
1020
197
735
1372
137
557
1327
181
536
1123
178
549
1125
130
798
1375
198
636
1190
191
564
1095
168
794
1194
166
624
1179
167
551
1169
176
516
1117
138
540
1161
136
777
1413
145
610
1319
190
630
1099
135
795
1443
153
720
1348
198
752
1337
129
786
1198
198
517
1173
104
730
1122
107
648
1435
143
782
1216
126
790
1124
142
696
1220
103
683
1112
180
520
1111
137
783
1065
156
739
1272
144
560
1012
146
616
1073
168
689
1440
149
516
1495
105
537
1141
196
787
1073
146
600
1208
183
582
1228
169
670
1383
132
536
1263
112
769
1305
134
572
1389
196
611
1224
104
551
1237
166
539
1267
179
752
1252
102
717
1158
188
780
1028
147
687
1298
166
715
1010
157
532
1204
148
515
1300
122
781
1243
167
571
1133
141
578
1265
160
664
1124
184
697
1309
123
543
1258
149
630
1141
101
777
1232
152
628
1240
175
596
1034
151
740
1063
115
576
1289
185
783
1118
175
673
1364
187
646
1403
137
509
1155
164
582
1329
149
513
1431
172
688
1356
121
693
1330
192
694
1238
140
530
1226
102
618
1164
184
643
1476
187
604
1199
150
617
1404
113
508
1221
118
789
1441
141
583
1204
191
723
1207
118
751
1300
115
539
1129
188
672
1341
159
707
1001
162
792
1473
156
770
1347
142
530
1087
151
555
1174
136
646
1480
101
641
1222
183
678
1353
148
619
1082
164
747
1071
121
733
1402
145
588
1365
160
691
1051
170
596
1398
199
506
1372
181
757
1480
154
757
1036
122
696
1344
165
630
1383
112
747
1027
111
766
1472
104
532
1461
190
675
1214
169
722
1214
144
678
1094
126
692
1488
127
676
1051
164
717
1127
159
630
1443
135
544
1112
157
753
1114
164
628
1207
146
739
1482
157
653
1349
146
716
1093
111
640
1440
119
737
1332
173
639
1322
135
673
1288
155
637
1124
126
602
1065
182
706
1255
180
581
1338
105
681
1101
113
585
1077
199
674
1356
140
656
1377
130
652
1066
177
702
1418
109
763
1163
145
576
1127
153
715
1255
133
535
1374
114
578
1443
156
758
1213
116
677
1404
162
560
1150
143
735
1414
161
670
1119
185
561
1460
110
574
1254
131
723
1268
111
609
1146
184
508
1315
109
536
1339
188
764
1411
170
506
1055
136
591
1349
140
773
1367
180
521
1260
106
798
1324
106
608
1027
124
639
1159
194
657
1294
121
549
1153
170
692
1079
157
533
1219
137
570
1174
111
560
1499
133
790
1039
116
791
1033
198
540
1006
189
775
1406
193
680
1472
142
778
1248
131
795
1482
195
684
1301
120
793
1360
134
508
1494
133
742
1309
113
735
1187
152
783
1286
168
572
1114
127
660
1325
193
739
1039
120
564
1100
101
615
1349
198
685
1082
166
502
1321
153
551
1339
191
757
1349
105
611
1161
196
590
1223
107
649
1085
123
778
1033
159
726
1497
137
611
1259
181
703
1405
165
749
1200
125
781
1016
147
502
1292
140
768
1298
164
731
1387
176
634
1432
193
744
1084
126
642
1006
199
561
1303
155
541
1184
124
764
1270
140
503
1034
194
756
1126
197
515
1006
113
636
1349
187
530
1378
159
742
1462
180
515
1481
192
788
1053
161
534
1360
195
797
1450
123
706
1104
191
578
1423
199
737
1477
137
700
1270
134
736
1260
156
799
1465
199
537
1386
130
530
1241
120
599
1206
101
627
1127
102
727
1208
139
601
1192
133
650
1227
141
592
1114
198
608
1260
152
651
1414
107
697
1263
170
541
1461
175
798
1210
124
629
1091
175
507
1417
111
745
1316
191
562
1322
132
764
1420
152
618
1287
188
611
1461
180
656
1189
185
590
1028
174
723
1104
176
783
1250
110
585
1212
121
793
1136
157
616
1189
185
592
1130
152
800
1473
141
714
1131
132
515
1249
187
637
1414
185
623
1426
101
572
1305
110
758
1412
173
557
1265
131
784
1320
107
659
1100
157
620
1415
157
788
1135
156
521
1248
194
788
1280
144
703
1233
140
534
1396
168
710
1462
140
569
1245
120
517
1414
167
722
1219
150
595
1154
136
663
1493
174
661
1011
135
630
1029
195
769
1285
190
733
1091
107
723
1296
152
717
1191
120
719
1319
101
593
1202
103
667
1422
195
512
1101
200
566
1125
116
744
1441
183
540
1200
101
521
1479
161
619
1009
184
593
1006
125
540
1350
199
597
1177
160
511
1418
157
750
1301
147
515
1026
135
618
1452
170
737
1457
105
750
1304
156
599
1040
130
685
1008
190
581
1176
135
559
1470
140
665
1038
103
597
1466
105
795
1392
165
507
1350
117
784
1361
117
707
1019
137
666
1459
114
647
1225
197
709
1056
172
643
1300
153
631
1105
176
613
1069
199
520
1450
168
620
1325
102
581
1003
135
726
1007
158
597
1392
144
731
1331
132
790
1378
104
709
1360
155
715
1159
143
715
1470
166
753
1414
167
617
1264
171
601
1286
177
569
1491
162
728
1289
195
653
1461
128
592
1025
153
622
1215
184
524
1144
121
559
1256
176
629
1348
142
550
1280
184
673
1438
142
638
1439
108
719
1095
152
719
1014
184
792
1205
161
546
1134
103
546
1089
146
715
1482
181
681
1488
114
637
1236
136
660
1223
160
505
1179
167
649
1132
149
711
1085
175
793
1339
167
682
1127
144
625
1344
150
752
1223
129
779
1394
124
695
1047
121
630
1328
120
682
1055
115
557
1145
108
639
1267
168
616
1391
135
734
1356
175
722
1487
171
759
1488
140
548
1357
162
554
1441
162
537
1261
190
686
1396
157
674
1387
120
763
1256
187
715
1205
168
763
1083
141
706
1008
126
669
1295
171
542
1471
118
591
1208
126
723
1323
152
530
1400
107
719
1172
129
697
1122
184
715
1360
162
730
1117
125
592
1167
162
746
1284
156
746
1041
153
644
1410
134
529
1312
180
605
1471
188
711
1458
127
653
1026
199
604
1064
168
727
1338
189
543
1440
137
669
1054
132
798
1482
146
515
1247
167
599
1064
108
799
1058
173
613
1080
196
764
1486
156
772
1380
142
609
1051
187
765
1086
190
712
1072
148
505
1155
152
765
1254
179
618
1418
150
764
1146
153
548
1095
159
663
1213
109
501
1403
154
577
1395
198
796
1210
123
730
1276
176
741
1077
199
779
1424
195
670
1028
101
614
1051
132
726
1035
137
609
1157
197
628
1253
133
717
1163
199
798
1060
101
681
1458
184
597
1014
184
794
1155
155
624
1451
119
588
1443
112
514
1243
109
513
1338
127
584
1099
198
687
1194
163
731
1495
132
510
1247
173
582
1151
100
640
1180
105
677
1298
127
767
1219
126
641
1329
122
690
1324
172
718
1136
141
545
1049
181
605
1167
166
587
1465
188
579
1209
159
501
1184
132
584
1388
190
746
1305
158
713
1268
123
524
1088
178
524
1331
164
693
1468
152
704
1417
116
720
1473
127
521
1499
184
571
1490
196
681
1141
114
537
1287
145
549
1133
167
640
1397
153
745
1263
160
683
1359
165
549
1218
165
526
1027
126
569
1453
114
505
1067
162
727
1435
148
595
1157
166
788
1145
129
758
1034
161
725
1240
154
719
1021
113
723
1214
153
668
1271
131
702
1475
107
639
1457
195
523
1208
170
792
1335
130
513
1319
120
715
1394
171
627
1278
127
772
1029
131
684
1098
134
740
1211
128
701
1385
142
622
1037
170
593
1040
175
777
1244
141
528
1163
128
514
1362
190
732
1122
131
649
1283
174
640
1196
127
653
1370
164
649
1395
142
617
1381
175
529
1134
151
788
1038
198
537
1348
185
713
1465
142
610
1063
192
570
1075
141
733
1218
168
706
1299
168
653
1470
108
622
1045
160
657
1316
118
575
1476
145
774
1271
186
646
1005
167
641
1236
102
701
1174
120
613
1421
103
756
1213
130
729
1080
133
793
1469
157
727
1472
109
524
1089
185
718
1138
170
703
1176
155
726
1337
134
506
1473
124
562
1447
111
593
1065
156
517
1144
111
789
1153
111
620
1378
164
571
1091
134
623
1117
118
691
1444
154
616
1097
186
606
1429
190
548
1190
136
686
1185
178
554
1109
112
677
1073
184
683
1330
131
603
1320
181
589
1109
188
736
1104
175
778
1410
175
558
1413
139
665
1460
168
714
1019
179
548
1401
166
750
1299
190
570
1464
159
578
1216
184
711
1387
112
647
1012
148
664
1238
122
698
1368
166
720
1038
160
722
1278
127
777
1220
156
705
1112
133
697
1408
181
613
1261
102
578
1081
101
781
1128
138
508
1266
155
747
1318
103
730
1485
112
627
1128
118
655
1094
176
673
1157
179
577
1441
141
772
1326
139
748
1061
121
678
1245
163
627
1375
168
699
1484
111
581
1061
147
798
1391
104
687
1458
128
549
1065
102
727
1360
150
618
1351
167
607
1490
162
773
1143
145
513
1209
174
681
1410
150
641
1136
114
721
1037
176
769
1379
182
555
1115
101
742
1063
174
622
1373
175
783
1185
101
541
1087
114
771
1488
127
737
1447
145
654
1079
152
793
1052
165
608
1069
112
529
1234
168
792
1323
190
669
1182
115
664
1330
130
759
1406
148
589
1016
140
698
1425
137
699
1032
181
519
1361
157
546
1018
157
529
1360
193
683
1208
107
573
1423
175
643
1454
160
512
1470
158
664
1002
170
676
1271
170
701
1028
164
754
1477
108
557
1129
154
750
1116
188
682
1111
140
535
1076
122
599
1261
128
712
1161
139
664
1347
191
569
1209
154
645
1231
191
577
1250
186
555
1243
182
601
1464
181
700
1259
138
524
1370
147
798
1379
105
676
1081
194
623
1077
199
520
1291
117
596
1339
146
664
1057
138
720
1281
200
688
1046
174
551
1207
184
758
1350
175
635
1108
103
738
1273
116
531
1384
127
511
1070
171
774
1350
181
569
1052
165
638
1004
102
657
1360
127
518
1459
187
684
1350
163
800
1010
192
501
1286
137
513
1138
193
790
1480
170
563
1110
185
590
1086
130
629
1316
181
511
1477
125
535
1001
125
633
1481
150
712
1430
182
642
1143
160
702
1304
187
532
1376
173
620
1284
153
772
1006
182
772
1063
169
782
1424
126
541
1103
163
775
1107
177
781
1084
199
699
1422
186
724
1037
105
513
1092
109
533
1142
139
764
1465
145
533
1249
109
589
1254
152
758
1491
198
606
1032
197
767
1457
135
700
1165
131
600
1017
116
656
1137
101
787
1468
168
737
1377
165
533
1203
166
556
1129
164
528
1071
159
672
1123
186
534
1476
137
659
1194
151
632
1461
112
614
1419
173
743
1295
152
791
1344
182
798
1089
183
535
1047
170
785
1237
135
775
1280
189
742
1473
178
605
1043
111
658
1442
124
581
1249
134
544
1296
119
663
1408
187
632
1004
146
656
1272
188
550
1176
135
561
1001
155
677
1212
101
722
1444
160
605
1057
180
624
1478
197
780
1324
179
769
1048
119
508
1459
143
666
1112
186
794
1434
113
511
1431
135
669
1330
126
532
1318
166
610
1322
189
754
1184
187
579
1005
168
576
1217
131
629
1369
197
761
1139
163
512
1024
137
767
1200
182
544
1009
158
552
1431
107
742
1014
119
708
1481
101
670
1408
152
579
1009
190
610
1271
160
783
1119
103
526
1101
114
584
1198
130
667
1442
179
684
1228
156
506
1048
128
666
1388
141
755
1349
112
799
1184
149
550
1079
170
550
1197
114
766
1446
180
691
1180
165
666
1417
168
787
1233
177
662
1085
196
698
1236
137
527
1046
133
773
1333
196
631
1108
106
789
1048
170
689
1332
173
654
1031
143
658
1206
111
676
1372
106
526
1182
134
593
1202
196
667
1283
183
716
1146
116
639
1224
186
559
1148
112
686
1470
118
513
1469
123
564
1018
138
661
1452
183
601
1330
179
579
1394
124
614
1186
104
793
1138
180
501
1312
133
502
1107
112
773
1321
125
773
1470
100
698
1233
187
629
1360
119
680
1216
118
608
1123
153
502
1247
152
573
1194
179
560
1051
189
599
1342
185
717
1034
186
688
1207
111
689
1197
161
611
1413
196
677
1160
126
632
1280
100
583
1085
139
511
1232
182
651
1378
157
560
1478
173
586
1138
195
548
1396
110
709
1301
149
644
1376
196
795
1047
182
555
1309
171
581
1285
176
636
1383
104
750
1151
105
591
1030
183
797
1270
190
731
1059
190
502
1024
162
614
1131
135
607
1143
195
504
1242
169
633
1148
187
622
1277
176
507
1416
120
659
1353
121
703
1255
176
673
1168
170
683
1349
133
664
1378
136
606
1181
103
542
1335
139
735
1316
108
623
1297
193
689
1025
134
692
1171
142
574
1434
199
690
1452
198
644
1187
187
613
1041
119
680
1047
122
562
1428
136
627
1326
109
706
1407
111
787
1476
109
724
1422
102
752
1074
140
681
1179
163
691
1295
180
607
1312
139
505
1145
181
634
1490
190
557
1242
198
577
1228
157
632
1243
118
784
1474
200
601
1496
138
508
1054
126
663
1292
139
532
1010
188
695
1290
147
609
1263
111
791
1250
199
505
1085
130
714
1451
142
609
1241
115
509
1430
200
521
1441
108
657
1141
192
738
1302
142
536
1200
177
799
1393
171
786
1382
188
747
1283
123
590
1163
135
599
1066
170
582
1338
121
662
1069
100
529
1196
147
564
1053
121
563
1462
131
787
1265
185
784
1460
194
776
1248
189
748
1421
148
660
1486
146
615
1390
108
552
1312
144
699
1414
198
616
1276
176
637
1498
191
539
1369
177
788
1363
125
715
1364
111
604
1374
109
644
1276
103
615
1237
131
529
1295
164
532
1135
131
780
1379
121
792
1279
145
640
1397
183
531
1117
151
564
1304
102
557
1431
185
614
1208
114
747
1435
133
600
1368
156
600
1378
160
725
1469
186
516
1242
142
771
1169
127
655
1239
161
615
1466
112
722
1057
107
795
1309
130
750
1016
135
759
1303
176
768
1165
160
587
1444
189
795
1297
190
648
1333
119
704
1283
161
762
1099
174
588
1443
108
796
1111
196
797
1454
166
716
1195
101
738
1118
164
646
1472
105
521
1240
124
786
1312
121
539
1309
180
633
1159
154
721
1112
164
609
1126
181
760
1316
115
554
1228
162
625
1361
100
625
1065
181
720
1329
116
671
1144
184
676
1173
142
606
1057
166
510
1195
143
621
1110
181
533
1484
130
694
1061
101
626
1266
183
608
1029
108
583
1199
197
798
1409
144
775
1160
181
721
1225
119
557
1085
192
515
1147
105
642
1227
192
693
1031
133
674
1126
116
714
1443
199
561
1327
112
734
1072
129
504
1492
117
558
1172
126
550
1001
140
734
1455
196
752
1137
108
720
1202
149
737
1220
200
684
1361
121
756
1168
107
661
1476
123
702
1081
191
528
1475
140
759
1318
148
752
1451
111
595
1471
178
717
1225
199
508
1117
154
779
1414
129
549
1283
144
566
1187
115
710
1260
161
606
1482
151
571
1464
200
540
1036
179
761
1032
169
523
1283
160
518
1228
178
518
1256
142
557
1205
185
740
1228
159
594
1126
200
709
1487
117
706
1062
118
675
1418
127
625
1317
144
685
1267
116
514
1058
112
713
1391
130
585
1417
176
758
1247
144
795
1489
140
717
1249
164
700
1449
196
544
1409
163
790
1209
127
639
1180
149
521
1483
190
584
1390
135
667
1168
120
715
1089
195
754
1281
101
786
1072
132
526
1081
141
727
1242
130
527
1373
145
772
1359
107
540
1412
102
732
1473
180
626
1419
174
632
1058
159
667
1089
193
587
1056
166
659
1201
161
640
1189
131
583
1038
182
743
1285
155
664
1057
145
672
1422
194
744
1500
164
663
1468
112
707
1156
150
710
1443
123
717
1115
134
545
1083
130
602
1376
102
565
1043
190
678
1380
171
714
1309
163
670
1250
181
742
1162
186
800
1465
170
590
1113
131
526
1184
121
747
1459
181
784
1423
180
593
1118
117
639
1328
135
782
1134
135
643
1102
167
673
1133
162
500
1363
122
690
1090
153
799
1020
103
570
1397
125
588
1035
103
739
1095
160
699
1337
118
654
1251
114
549
1080
144
726
1174
146
505
1234
148
513
1021
161
671
1480
166
724
1272
157
723
1132
102
618
1366
180
751
1137
140
608
1087
156
760
1116
196
571
1413
101
793
1294
164
543
1312
188
774
1389
178
607
1037
167
559
1200
139
521
1047
136
669
1394
126
608
1095
184
530
1425
119
677
1322
164
626
1252
106
699
1334
173
732
1184
121
750
1445
159
554
1193
150
596
1363
104
797
1356
148
566
1054
192
688
1288
191
610
1333
121
541
1063
199
521
1335
120
782
1231
134
626
1412
118
705
1143
103
526
1412
111
613
1274
110
523
1403
185
641
1277
136
689
1409
170
581
1115
177
719
1184
173
587
1197
151
684
1366
109
576
1440
114
733
1118
184
646
1110
168
670
1179
180
520
1134
103
683
1168
148
591
1236
194
691
1074
138
710
1094
119
753
1005
138
769
1152
112
643
1254
172
733
1424
180
708
1099
189
723
1483
105
795
1114
106
586
1384
181
716
1310
120
772
1385
179
540
1453
140
706
1206
151
538
1016
128
753
1212
144
646
1289
120
566
1323
193
616
1116
178
603
1108
140
671
1199
107
696
1245
114
654
1339
157
550
1297
182
776
1444
172
641
1224
159
789
1076
154
754
1251
142
546
1046
170
761
1135
101
792
1227
145
545
1213
146
607
1247
196
709
1059
113
653
1095
135
765
1498
170
602
1398
118
603
1079
126
628
1248
181
539
1241
122
518
1378
155
671
1418
144
783
1223
127
765
1423
120
539
1126
170
527
1286
122
690
1010
132
787
1296
134
544
1100
136
647
1438
149
502
1036
172
704
1209
148
664
1426
181
632
1301
103
618
1090
154
719
1486
118
771
1113
181
626
1242
152
729
1474
104
777
1445
197
639
1196
106
530
1161
106
774
1100
135
502
1457
114
578
1495
200
578
1377
155
502
1150
153
737
1125
171
598
1190
165
783
1130
144
586
1228
165
688
1242
179
569
1365
153
777
1109
103
667
1491
102
597
1411
169
556
1214
143
667
1072
132
771
1451
149
740
1331
141
658
1296
165
788
1276
116
574
1376
125
712
1146
172
592
1461
111
659
1368
185
713
1339
115
789
1082
191
746
1106
176
621
1192
109
793
1385
131
513
1450
168
512
1094
164
556
1067
106
661
1359
142
763
1277
160
691
1491
155
636
1159
175
616
1022
165
592
1379
134
709
1172
169
748
1211
119
695
1224
132
518
1182
190
795
1220
148
794
1297
190
602
1154
101
522
1279
129
687
1251
140
677
1410
174
754
1098
172
577
1026
122
624
1310
138
718
1087
103
539
1402
130
646
1444
149
775
1410
144
717
1046
163
600
1004
144
727
1385
161
789
1438
149
679
1030
148
737
1014
150
737
1301
127
716
1362
155
582
1045
125
715
1497
193
658
1089
112
503
1380
163
731
1257
159
702
1447
174
799
1226
101
570
1200
132
530
1161
153
761
1449
117
511
1390
192
732
1112
166
655
1389
149
501
1368
149
797
1402
144
701
1402
170
555
1401
149
756
1395
118
596
1319
162
597
1199
113
535
1162
194
677
1252
178
661
1349
149
516
1311
165
714
1230
131
514
1234
121
569
1295
132
592
1407
176
570
1229
117
726
1265
180
564
1175
102
593
1014
116
509
1028
125
791
1291
144
605
1267
136
550
1300
106
769
1209
139
636
1158
180
616
1112
131
679
1434
194
704
1123
108
625
1178
162
744
1271
103
785
1236
187
725
1105
177
601
1138
117
513
1178
136
731
1291
139
772
1292
183
541
1043
147
586
1004
122
610
1222
182
751
1216
152
549
1079
181
678
1191
166
762
1121
153
692
1425
114
540
1325
172
579
1293
147
740
1491
162
624
1296
160
628
1444
144
696
1391
121
515
1188
116
780
1140
192
765
1064
180
659
1372
148
541
1264
172
707
1008
159
752
1143
124
735
1133
157
706
1079
184
644
1100
185
777
1299
199
698
1037
120
621
1260
185
593
1484
178
734
1493
187
653
1154
137
545
1037
153
624
1269
142
538
1267
132
588
1159
102
673
1233
180
607
1478
160
685
1168
173
737
1020
135
572
1341
162
736
1145
149
501
1057
127
646
1100
134
776
1073
141
735
1151
162
585
1143
129
798
1297
138
691
1180
111
526
1328
130
658
1025
123
611
1316
200
705
1264
113
644
1424
139
707
1145
136
734
1150
192
554
1398
116
538
1266
108
772
1298
179
683
1239
136
585
1443
163
718
1200
166
735
1183
106
630
1435
198
717
1462
177
700
1160
124
693
1093
113
548
1143
124
680
1189
193
744
1492
104
783
1268
198
634
1404
151
504
1207
106
509
1350
188
550
1144
170
512
1409
178
682
1030
184
758
1312
153
761
1395
183
640
1207
191
672
1296
169
599
1406
151
619
1472
102
799
1432
123
759
1060
108
673
1186
112
710
1009
158
530
1140
105
772
1142
127
719
1411
114
792
1035
105
763
1412
146
719
1174
115
606
1235
155
544
1100
137
566
1460
111
545
1021
193
697
1319
172
702
1198
166
536
1146
120
775
1279
143
593
1153
128
517
1349
182
729
1258
106
723
1489
134
676
1072
125
518
1411
105
743
1107
200
750
1321
117
569
1456
169
564
1372
162
753
1351
181
787
1141
182
669
1324
192
601
1485
122
785
1325
181
722
1215
107
693
1071
143
672
1121
190
781
1087
159
598
1125
161
500
1366
127
642
1159
162
690
1387
122
646
1178
182
532
1135
197
640
1214
102
642
1463
191
709
1064
159
635
1215
191
767
1123
141
722
1245
152
735
1021
176
800
1374
200
566
1398
146
672
1029
186
758
1271
143
727
1345
113
633
1148
191
507
1236
164
774
1473
182
719
1388
170
509
1155
194
587
1016
188
531
1394
143
646
1299
120
567
1145
178
592
1415
184
662
1332
195
573
1358
101
775
1365
174
775
1199
115
675
1358
185
673
1463
107
626
1279
155
563
1310
131
743
1051
179
679
1034
198
503
1339
147
545
1112
160
795
1146
179
679
1246
173
783
1085
182
742
1384
119
509
1103
143
785
1278
123
541
1457
122
739
1422
170
616
1065
126
654
1287
156
594
1227
180
732
1026
190
684
1256
154
719
1373
143
510
1413
132
634
1348
162
732
1282
109
542
1019
198
768
1186
151
533
1115
114
545
1026
136
629
1230
118
718
1090
155
679
1017
178
661
1181
120
670
1247
191
778
1144
107
737
1320
190
709
1248
153
800
1417
114
622
1081
154
632
1150
141
742
1159
189
720
1339
143
723
1371
155
691
1014
112
615
1174
178
672
1094
124
635
1137
176
561
1322
197
633
1095
182
683
1085
163
673
1218
190
778
1024
138
588
1020
107
674
1403
120
644
1461
173
715
1280
111
652
1216
103
602
1175
104
513
1494
192
760
1115
121
695
1455
177
798
1099
178
729
1013
128
748
1100
195
579
1316
157
785
1346
138
783
1287
111
539
1483
129
794
1364
164
773
1280
118
762
1431
130
749
1160
145
628
1419
154
645
1183
134
568
1224
135
561
1199
187
582
1318
198
777
1165
188
563
1358
103
767
1182
163
772
1247
132
618
1141
153
598
1401
113
754
1272
120
690
1086
199
648
1187
198
506
1335
130
548
1493
113
668
1367
135
609
1249
118
717
1032
197
768
1066
114
511
1330
133
657
1138
153
693
1110
142
593
1313
109
747
1145
182
675
1161
136
787
1061
157
603
1070
164
588
1355
166
649
1238
173
511
1225
109
742
1417
156
675
1082
167
599
1219
172
713
1410
171
564
1131
145
569
1166
119
727
1194
110
702
1194
162
568
1016
151
733
1123
116
735
1422
157
722
1469
169
562
1203
133
635
1432
184
553
1243
186
694
1200
184
573
1249
180
742
1490
195
507
1096
167
542
1295
189
775
1105
173
721
1357
128
719
1407
110
652
1498
111
545
1124
113
692
1044
167
610
1398
173
719
1114
106
524
1357
126
718
1272
199
633
1103
130
623
1201
190
670
1044
103
530
1175
167
548
1472
183
709
1006
179
629
1471
197
685
1198
174
691
1143
119
654
1299
147
515
1026
124
724
1409
162
607
1277
166
575
1248
135
550
1219
105
766
1359
169
776
1484
180
588
1135
143
671
1022
158
519
1149
138
594
1411
164
524
1452
116
624
1198
122
625
1111
165
686
1223
182
565
1485
196
508
1224
108
676
1162
148
643
1388
173
525
1041
185
567
1106
137
613
1235
154
610
1166
154
744
1191
151
714
1436
182
581
1162
183
518
1289
193
679
1072
168
699
1233
133
696
1066
127
685
1401
139
654
1321
137
548
1441
177
593
1384
112
643
1178
170
779
1386
149
538
1257
117
632
1404
174
567
1407
128
768
1354
166
501
1422
137
736
1011
106
508
1399
157
525
1106
192
617
1260
113
569
1429
124
700
1430
158
687
1093
115
699
1122
124
583
1478
110
708
1376
200
599
1086
149
540
1279
156
654
1240
157
632
1105
192
561
1259
118
754
1003
123
740
1402
109
669
1461
125
543
1157
137
794
1462
141
547
1135
105
729
1315
154
661
1324
171
530
1442
138
587
1047
104
626
1128
139
655
1002
102
636
1133
158
783
1165
183
596
1397
115
631
1093
153
720
1244
109
548
1484
118
783
1212
170
645
1277
127
614
1491
172
524
1494
120
609
1152
175
571
1480
109
554
1304
173
715
1253
130
546
1309
164
631
1088
103
686
1203
146
641
1460
100
525
1450
152
780
1083
124
743
1399
154
653
1216
182
524
1212
123
782
1264
159
643
1474
136
711
1050
114
738
1400
134
593
1266
180
774
1364
158
677
1186
179
771
1113
128
615
1108
136
684
1222
122
788
1277
122
603
1164
111
506
1159
105
557
1356
199
628
1115
105
726
1204
151
742
1016
145
647
1500
123
546
1221
140
510
1233
165
745
1223
137
735
1083
124
773
1358
181
548
1278
159
648
1311
133
763
1356
135
705
1468
105
531
1189
199
568
1267
187
682
1441
109
741
1251
124
585
1299
173
669
1248
181
599
1129
105
638
1460
129
589
1432
170
511
1080
163
555
1092
100
714
1238
189
797
1182
150
649
1404
133
691
1014
126
725
1403
114
752
1271
183
687
1019
140
543
1352
196
722
1005
147
688
1395
194
777
1420
172
765
1071
191
702
1151
169
580
1028
142
655
1380
200
586
1373
122
764
1127
192
730
1295
187
540
1239
173
534
1368
117
727
1326
117
645
1358
188
692
1278
164
530
1159
139
770
1462
105
514
1399
106
566
1175
125
765
1107
130
604
1286
190
699
1315
104
563
1190
194
645
1432
157
517
1071
187
748
1395
103
683
1286
184
678
1355
154
513
1290
184
784
1009
134
532
1339
165
572
1393
196
573
1108
143
715
1234
192
603
1444
121
715
1185
152
796
1492
177
667
1204
182
602
1127
168
547
1082
151
610
1429
162
664
1395
163
771
1010
106
656
1099
121
650
1218
127
784
1202
113
738
1313
153
646
1071
111
786
1128
107
713
1493
174
780
1025
169
615
1297
195
727
1282
155
662
1309
192
540
1102
171
596
1191
161
648
1226
178
555
1317
153
769
1009
165
549
1023
191
620
1018
167
588
1431
139
725
1028
196
584
1081
137
608
1337
142
562
1421
151
638
1118
131
771
1295
157
688
1186
153
687
1000
138
796
1480
183
501
1478
191
762
1019
188
505
1075
146
762
1015
103
730
1370
157
611
1175
170
700
1115
109
521
1371
179
764
1305
193
586
1311
118
606
1148
164
535
1110
138
674
1317
129
541
1158
119
776
1246
150
648
1442
115
798
1168
113
600
1423
197
662
1011
174
525
1020
127
724
1231
120
748
1235
117
740
1409
142
684
1045
159
702
1205
126
597
1259
139
502
1385
186
644
1359
171
788
1326
192
586
1367
105
532
1430
113
576
1092
