167
514
1443
158
605
1419
131
737
1401
191
576
1113
121
606
1026
185
597
1063
158
617
1343
108
588
1038
118
592
1330
136
652
1020
169
680
1185
159
637
1239
199
789
1106
167
638
1205
135
793
1387
138
625
1178
112
746
1321
138
609
1106
126
615
1218
166
683
1376
145
693
1441
177
601
1160
116
643
1352
115
558
1165
172
727
1143
148
577
1045
116
551
1315
102
686
1097
106
544
1153
140
776
1244
107
591
1140
125
757
1109
132
660
1166
141
787
1226
183
582
1107
175
647
1262
195
687
1293
186
689
1390
166
632
1049
111
514
1345
196
778
1256
143
708
1240
167
738
1084
129
575
1182
198
617
1360
154
575
1467
100
631
1007
117
567
1492
174
712
1238
101
751
1368
183
541
1370
149
547
1219
191
738
1108
178
690
1454
196
666
1054
148
541
1123
193
746
1303
163
754
1450
178
573
1114
181
554
1418
130
787
1315
100
749
1427
105
757
1180
171
569
1315
135
503
1320
151
599
1159
158
692
1322
105
666
1417
154
502
1315
177
571
1291
143
790
1450
179
797
1107
168
768
1362
124
788
1449
165
510
1392
103
564
1141
108
530
1121
191
685
1420
142
754
1341
143
711
1019
187
532
1104
182
706
1349
156
663
1203
167
599
1311
162
582
1251
158
793
1186
182
530
1137
128
523
1264
160
501
1410
128
587
1479
135
699
1490
137
696
1076
152
789
1200
144
649
1406
165
742
1416
108
556
1395
110
614
1023
103
786
1290
125
774
1077
158
566
1210
118
714
1106
117
563
1361
116
773
1395
172
678
1458
142
768
1267
183
501
1084
198
729
1444
112
601
1241
190
732
1447
181
785
1481
200
588
1393
122
794
1129
171
530
1362
176
707
1066
156
561
1079
139
634
1384
144
650
1053
113
688
1369
116
667
1263
188
586
1095
192
503
1126
118
695
1194
175
650
1275
124
546
1046
169
623
1267
103
572
1140
110
537
1176
101
774
1362
187
505
1289
181
513
1391
176
562
1023
179
620
1097
118
527
1464
109
642
1225
133
575
1351
121
664
1415
149
519
1060
117
700
1311
164
517
1239
139
686
1332
132
708
1180
180
565
1158
151
705
1486
103
519
1380
178
746
1458
198
697
1315
172
667
1437
195
641
1186
192
632
1299
195
777
1132
108
679
1142
148
748
1234
132
506
1236
184
537
1307
156
622
1010
106
602
1193
175
761
1277
158
670
1404
133
729
1112
161
667
1101
173
592
1177
121
650
1070
125
535
1455
179
662
1023
110
518
1426
158
655
1250
194
611
1229
193
753
1276
141
733
1075
109
733
1096
109
554
1245
129
557
1072
139
523
1051
140
559
1455
160
552
1153
128
724
1100
189
522
1263
159
650
1324
104
787
1277
169
619
1120
168
701
1407
176
621
1437
145
704
1383
160
649
1329
191
571
1305
145
742
1004
152
641
1239
134
653
1333
196
548
1417
154
525
1488
107
535
1102
174
547
1313
188
732
1203
115
662
1281
182
747
1144
160
743
1311
165
661
1470
122
707
1202
140
669
1266
132
649
1072
197
501
1250
170
761
1013
116
626
1305
145
671
1355
150
741
1370
172
765
1368
173
602
1349
157
580
1040
133
516
1013
198
616
1177
109
784
1204
122
566
1246
137
720
1164
127
663
1143
144
577
1238
165
608
1240
147
690
1371
143
719
1365
108
617
1176
133
721
1359
121
679
1192
158
764
1138
161
521
1136
149
737
1038
158
674
1256
177
689
1060
143
688
1001
118
583
1256
195
640
1114
113
595
1499
157
690
1435
101
745
1446
191
745
1230
190
500
1397
170
717
1353
160
637
1107
109
629
1349
174
614
1139
192
708
1479
188
531
1093
147
784
1264
109
759
1225
136
706
1167
105
634
1361
198
698
1464
174
530
1347
162
543
1128
198
665
1084
106
549
1099
195
501
1431
178
585
1036
166
787
1076
191
587
1289
115
680
1191
151
577
1161
170
700
1159
181
795
1105
107
516
1253
158
652
1076
142
621
1074
168
543
1256
185
531
1210
200
637
1424
130
746
1430
188
701
1085
101
639
1174
148
607
1221
105
710
1311
183
539
1028
170
786
1341
105
610
1087
190
656
1275
174
749
1412
117
639
1399
137
696
1411
131
662
1091
119
581
1044
118
568
1088
148
681
1055
106
755
1484
175
775
1371
130
587
1392
113
792
1018
145
684
1379
125
566
1300
121
634
1110
170
728
1023
156
576
1277
115
699
1190
133
650
1419
175
583
1235
173
769
1239
187
526
1289
113
689
1032
141
679
1299
190
532
1449
191
683
1115
106
576
1261
118
610
1329
129
641
1065
111
773
1086
104
690
1081
125
736
1236
147
575
1337
154
509
1022
200
698
1095
165
537
1280
145
523
1178
119
737
1059
167
542
1435
178
681
1018
138
737
1219
172
522
1460
149
674
1240
160
617
1372
154
577
1114
194
626
1262
158
681
1448
164
571
1049
147
639
1064
112
508
1250
144
525
1012
153
607
1368
170
614
1245
126
710
1490
109
723
1082
157
647
1368
109
778
1494
188
765
1196
151
529
1189
159
605
1437
187
718
1320
184
535
1473
131
580
1189
105
641
1202
163
773
1340
135
639
1279
131
676
1022
138
636
1432
175
628
1110
173
523
1315
156
638
1031
114
589
1052
172
705
1053
112
688
1469
141
602
1304
127
679
1079
199
540
1149
133
789
1063
104
750
1034
134
670
1397
119
782
1473
192
775
1069
118
746
1257
178
605
1312
148
704
1138
166
702
1290
150
772
1104
190
575
1070
126
683
1003
168
727
1283
155
694
1302
186
567
1297
112
525
1059
183
644
1242
180
692
1493
145
711
1285
171
575
1301
172
742
1297
178
748
1126
177
715
1081
108
743
1174
134
771
1044
172
540
1120
146
703
1111
163
702
1302
112
779
1208
119
526
1310
109
698
1406
190
755
1309
109
727
1121
140
649
1310
109
704
1205
189
571
1261
195
614
1313
159
603
1446
107
530
1465
107
584
1087
149
673
1180
175
765
1167
185
731
1101
159
514
1405
176
607
1481
158
536
1147
111
791
1352
153
750
1000
136
536
1138
142
680
1251
160
606
1429
192
636
1072
112
750
1428
183
789
1084
189
782
1326
141
614
1060
107
667
1450
109
504
1074
149
721
1173
105
763
1289
193
644
1227
194
697
1039
119
520
1053
130
792
1394
165
567
1126
150
563
1143
152
521
1465
137
786
1292
175
782
1130
113
502
1405
131
773
1142
165
690
1423
128
529
1248
102
741
1328
173
559
1221
152
664
1037
150
756
1015
129
712
1368
109
568
1372
173
520
1269
151
743
1475
163
790
1240
174
631
1269
116
792
1094
170
726
1500
176
793
1083
197
653
1058
167
753
1438
136
515
1467
137
536
1157
154
668
1381
116
583
1463
180
694
1221
118
763
1275
154
502
1364
163
515
1312
153
723
1349
182
629
1121
172
619
1123
168
501
1336
166
766
1239
184
680
1374
182
660
1301
175
676
1188
176
601
1112
103
554
1312
104
587
1035
120
589
1056
153
573
1402
142
607
1007
125
515
1296
195
773
1431
171
675
1164
131
602
1249
196
731
1358
151
708
1000
145
655
1467
161
765
1368
109
595
1410
104
520
1435
137
584
1313
144
542
1331
121
800
1084
137
717
1036
127
787
1347
190
511
1071
134
740
1112
171
762
1216
116
664
1272
184
607
1261
184
520
1269
117
609
1175
139
503
1454
146
528
1028
157
779
1229
134
633
1420
110
774
1248
190
753
1235
163
798
1000
166
767
1348
192
697
1258
189
693
1159
140
669
1036
117
787
1409
161
504
1294
133
573
1113
185
732
1060
191
744
1475
122
798
1199
128
786
1361
117
550
1294
192
789
1232
195
539
1470
150
723
1185
138
530
1050
139
610
1406
167
502
1208
113
693
1131
184
792
1129
115
625
1047
144
523
1428
190
674
1487
114
600
1444
166
776
1158
129
522
1443
196
759
1435
172
773
1290
123
626
1267
196
788
1127
154
507
1448
175
601
1349
180
648
1166
195
578
1465
192
763
1400
142
624
1345
129
545
1493
136
626
1454
194
592
1402
158
737
1014
151
660
1436
125
673
1289
171
756
1185
186
800
1029
117
503
1322
195
737
1048
192
726
1370
151
671
1305
171
739
1043
142
511
1448
135
560
1478
119
638
1315
163
564
1372
180
655
1350
173
674
1204
132
726
1045
192
724
1337
152
620
1420
132
557
1229
196
659
1066
175
781
1167
179
630
1090
160
589
1458
189
748
1065
117
623
1076
153
500
1255
169
653
1473
198
647
1013
121
524
1206
132
756
1253
175
677
1310
118
609
1349
122
512
1417
166
561
1175
168
508
1086
183
662
1242
141
596
1420
177
694
1059
114
565
1181
174
685
1424
117
723
1467
139
746
1117
175
766
1038
188
639
1276
185
646
1087
154
599
1089
135
699
1330
122
631
1278
109
769
1315
126
636
1192
135
600
1262
122
751
1429
148
714
1179
122
629
1150
110
670
1426
176
560
1156
173
570
1204
130
600
1467
149
525
1386
193
575
1454
186
702
1269
147
653
1405
108
548
1052
124
719
1326
186
758
1077
151
751
1215
188
772
1260
150
677
1014
110
729
1429
140
684
1449
129
646
1404
144
721
1165
182
663
1086
111
624
1371
151
593
1019
157
577
1335
130
775
1095
154
606
1214
111
700
1069
196
534
1353
164
538
1319
174
732
1362
137
741
1153
122
671
1186
101
554
1139
120
594
1169
179
716
1148
101
596
1292
197
686
1474
132
782
1093
157
696
1131
186
636
1288
171
797
1011
163
666
1301
116
784
1101
184
695
1146
147
608
1207
156
592
1220
199
625
1272
108
711
1324
115
604
1308
146
610
1120
188
756
1374
129
668
1107
176
667
1184
179
698
1039
166
572
1490
140
582
1206
195
573
1079
146
732
1160
176
580
1448
174
744
1123
156
698
1460
188
720
1292
194
787
1146
128
520
1091
118
542
1121
172
595
1332
146
775
1404
125
732
1062
184
632
1147
121
673
1037
175
687
1081
193
630
1048
128
515
1362
175
565
1077
119
697
1409
146
523
1278
164
520
1359
176
573
1291
123
504
1402
181
768
1238
114
559
1000
199
691
1048
121
637
1449
115
531
1358
188
502
1491
136
656
1203
189
713
1207
187
613
1144
196
769
1345
174
664
1055
126
567
1355
196
658
1032
139
577
1248
187
526
1257
158
547
1226
183
533
1354
116
558
1427
173
726
1388
105
739
1195
136
717
1365
158
705
1398
143
520
1180
187
716
1191
151
729
1092
175
592
1060
180
713
1250
130
702
1264
180
765
1346
126
523
1247
196
526
1478
139
710
1098
181
578
1355
173
775
1391
159
519
1171
109
520
1126
179
560
1114
185
705
1394
152
522
1347
103
626
1275
180
606
1186
116
590
1350
187
791
1188
112
662
1077
159
555
1180
125
697
1344
129
595
1283
117
713
1492
124
563
1214
149
663
1306
186
659
1176
114
704
1172
184
510
1464
107
705
1498
153
509
1326
195
680
1049
152
623
1250
147
626
1348
152
774
1454
154
501
1365
174
535
1175
146
594
1362
167
629
1224
159
550
1185
195
516
1070
127
592
1100
155
752
1266
186
565
1255
167
705
1156
136
677
1178
183
701
1306
177
559
1047
197
718
1173
138
795
1359
169
651
1347
113
546
1194
102
622
1224
183
664
1429
184
636
1468
170
511
1085
164
569
1206
191
556
1377
145
753
1168
122
770
1093
181
731
1342
168
567
1127
186
565
1022
108
551
1131
125
629
1177
186
692
1472
102
720
1306
145
500
1189
114
611
1323
111
518
1129
144
733
1260
198
559
1288
134
601
1165
148
785
1361
181
744
1469
176
606
1236
134
575
1309
105
745
1455
122
738
1081
140
541
1437
140
621
1473
111
519
1067
140
603
1316
107
536
1007
167
784
1198
131
750
1325
186
689
1250
195
553
1182
108
692
1292
152
600
1105
175
500
1065
127
504
1448
103
572
1181
106
506
1253
136
545
1231
118
766
1367
133
799
1214
106
766
1022
199
566
1173
138
505
1227
175
534
1393
185
677
1299
174
516
1323
167
731
1451
121
575
1159
108
574
1034
104
530
1436
150
773
1419
125
720
1493
176
750
1302
171
611
1207
173
772
1410
178
671
1452
119
533
1106
161
542
1051
140
785
1393
148
501
1345
165
643
1365
131
508
1374
194
511
1341
111
705
1310
184
633
1225
141
779
1492
118
525
1348
119
770
1423
113
793
1384
124
655
1344
103
716
1114
169
623
1338
174
510
1340
115
654
1161
199
749
1339
123
508
1034
108
578
1431
121
508
1217
138
751
1315
155
646
1034
160
569
1017
148
704
1059
148
747
1160
168
715
1223
165
743
1002
174
519
1389
198
621
1134
141
549
1155
167
736
1480
187
792
1299
116
611
1010
183
785
1106
185
707
1046
103
618
1296
145
658
1400
182
771
1115
101
616
1144
104
756
1180
137
625
1031
192
575
1108
173
670
1152
114
655
1024
189
643
1058
114
519
1151
138
766
1054
195
622
1009
163
507
1174
155
649
1333
136
581
1019
131
502
1128
141
603
1105
179
684
1202
110
768
1221
175
682
1158
119
755
1086
109
554
1090
106
586
1219
105
603
1385
123
657
1180
175
585
1479
130
542
1198
191
533
1379
156
676
1348
118
535
1459
198
527
1369
185
672
1494
167
660
1139
104
513
1048
115
506
1379
159
685
1392
121
688
1294
199
583
1493
128
575
1349
150
799
1359
161
720
1332
124
761
1415
136
580
1234
107
621
1407
194
680
1029
199
594
1185
105
657
1451
171
551
1152
192
619
1497
157
661
1437
158
516
1066
123
660
1335
137
545
1465
193
769
1166
193
732
1357
168
569
1023
185
693
1113
176
529
1383
108
561
1127
118
643
1317
166
529
1200
115
616
1008
105
798
1234
191
798
1163
110
598
1080
177
698
1063
107
726
1032
159
639
1015
133
609
1009
135
505
1300
115
704
1134
198
637
1033
145
714
1052
102
528
1113
142
787
1123
158
611
1110
132
607
1320
128
670
1288
108
545
1436
113
595
1004
188
689
1045
135
764
1470
155
591
1067
145
780
1006
143
647
1359
123
654
1127
164
608
1047
140
782
1338
139
700
1400
145
561
1206
104
709
1209
156
612
1013
178
728
1410
117
641
1469
166
671
1111
108
613
1406
181
712
1399
147
711
1175
180
511
1438
198
728
1213
135
553
1444
108
667
1292
120
749
1397
147
607
1240
128
557
1490
139
624
1494
174
559
1485
109
652
1138
130
655
1030
191
648
1358
174
547
1239
112
619
1488
170
757
1381
153
545
1271
125
593
1112
150
537
1320
102
643
1482
134
540
1156
174
580
1297
124
521
1061
112
734
1073
146
537
1298
144
676
1003
139
518
1286
145
614
1262
125
522
1127
155
664
1216
123
773
1186
175
796
1018
192
585
1133
103
635
1379
132
722
1482
191
673
1292
171
667
1460
155
579
1264
192
620
1437
192
712
1425
121
800
1180
110
615
1448
124
595
1180
109
798
1175
174
569
1458
182
525
1117
126
766
1264
119
534
1115
180
538
1284
132
708
1025
118
741
1273
134
685
1076
150
585
1440
102
719
1196
195
723
1429
164
664
1346
169
711
1321
181
705
1381
125
683
1476
126
654
1457
128
786
1195
161
765
1327
106
644
1054
116
538
1459
101
599
1338
147
552
1264
134
709
1224
172
741
1147
104
534
1437
160
573
1124
194
760
1026
157
676
1426
154
512
1444
187
627
1287
100
557
1056
166
783
1432
155
523
1030
107
553
1447
141
704
1106
117
599
1437
112
798
1433
193
786
1244
172
758
1281
122
631
1041
161
755
1217
130
536
1488
180
773
1103
127
526
1334
156
603
1102
157
768
1281
132
752
1277
195
687
1429
128
520
1430
156
705
1028
164
625
1485
111
772
1204
166
659
1177
176
770
1210
140
748
1310
181
586
1293
103
742
1305
175
543
1171
104
645
1285
116
637
1114
114
646
1332
192
683
1357
142
578
1074
142
616
1034
133
590
1410
120
613
1215
130
653
1233
122
697
1130
115
597
1135
118
524
1274
149
773
1098
115
592
1473
127
621
1347
111
681
1215
189
584
1081
143
538
1133
171
648
1398
194
631
1286
143
545
1061
146
521
1498
110
788
1107
117
712
1247
155
731
1028
146
660
1262
107
521
1228
132
737
1325
144
718
1405
163
534
1402
121
735
1363
136
771
1027
173
657
1201
111
589
1040
119
739
1378
102
617
1076
191
501
1427
144
625
1408
158
627
1274
187
711
1410
122
700
1110
140
613
1376
162
529
1136
124
683
1217
127
756
1002
115
605
1139
141
788
1466
197
586
1470
179
705
1078
128
700
1078
157
621
1441
117
715
1254
175
524
1080
148
579
1052
171
711
1138
124
660
1332
110
656
1271
133
505
1256
200
609
1259
117
713
1146
107
525
1437
125
635
1301
156
501
1109
170
766
1386
182
660
1100
150
597
1209
186
628
1121
197
659
1173
165
509
1093
133
740
1079
116
534
1206
129
722
1418
114
602
1261
152
618
1191
107
546
1207
168
702
1408
122
751
1216
179
598
1134
170
563
1193
178
750
1066
166
688
1434
148
561
1420
147
716
1465
105
587
1198
114
773
1455
166
779
1408
105
519
1432
199
711
1453
147
634
1387
153
731
1413
101
660
1480
158
713
1453
157
582
1246
176
535
1124
155
592
1142
109
529
1439
157
776
1095
127
694
1404
159
713
1154
138
656
1453
117
679
1419
159
614
1430
195
503
1241
152
632
1386
190
722
1055
178
600
1110
108
562
1164
148
678
1229
121
701
1033
121
763
1068
199
507
1069
159
503
1281
121
772
1115
126
655
1221
124
533
1230
145
743
1217
162
739
1348
113
508
1439
136
690
1050
161
787
1266
141
615
1293
130
679
1243
107
780
1314
189
800
1041
148
751
1445
184
563
1490
183
748
1257
116
501
1187
158
734
1153
198
681
1433
160
704
1171
135
674
1057
128
704
1212
169
619
1420
128
600
1002
114
616
1303
117
690
1389
136
655
1178
127
690
1174
190
745
1013
182
781
1220
139
770
1331
193
726
1303
146
607
1435
137
759
1422
129
710
1446
168
582
1020
185
614
1216
111
548
1003
150
758
1407
143
700
1146
165
798
1406
181
716
1470
186
742
1411
188
668
1264
183
762
1287
191
735
1257
116
618
1052
116
772
1484
177
554
1153
188
510
1301
135
697
1301
176
519
1155
113
719
1444
107
750
1016
151
690
1177
194
642
1311
139
627
1210
127
738
1253
139
752
1147
193
781
1481
146
519
1239
131
715
1076
152
540
1043
134
541
1007
182
731
1178
173
592
1151
120
629
1222
187
553
1335
139
737
1468
199
609
1408
135
757
1473
150
505
1324
142
534
1232
192
709
1465
171
727
1334
195
657
1407
185
668
1089
112
693
1085
113
663
1114
158
548
1042
185
761
1152
104
706
1372
165
567
1412
113
658
1201
142
610
1171
187
758
1230
123
703
1453
135
536
1239
105
597
1157
153
694
1199
125
525
1471
145
658
1268
115
746
1449
152
716
1122
120
670
1300
137
539
1280
102
670
1150
136
514
1205
138
751
1271
191
782
1155
181
581
1114
181
669
1373
162
780
1178
198
507
1488
140
559
1285
116
741
1020
190
591
1010
143
525
1055
192
730
1318
136
798
1043
119
759
1347
105
760
1057
150
659
1123
160
754
1050
120
707
1388
145
706
1054
105
700
1306
104
775
1190
119
505
1475
148
581
1491
180
742
1017
121
787
1078
167
799
1000
198
645
1076
187
614
1030
120
752
1067
171
552
1160
112
667
1414
183
539
1224
187
758
1080
194
776
1266
167
625
1341
155
666
1378
105
773
1184
121
546
1063
164
680
1408
132
571
1379
109
680
1415
137
563
1071
174
795
1091
104
606
1037
163
772
1349
122
534
1212
149
509
1291
182
746
1205
181
676
1376
143
788
1254
128
680
1344
132
571
1019
129
746
1302
184
652
1196
193
505
1451
120
772
1288
176
586
1238
125
638
1237
175
697
1249
193
649
1089
126
797
1076
158
680
1226
167
562
1274
141
589
1480
165
603
1410
147
777
1320
191
544
1271
191
626
1324
146
663
1100
172
630
1219
109
648
1355
109
597
1337
158
583
1006
191
689
1422
108
675
1086
198
675
1247
173
516
1072
179
670
1038
144
762
1238
133
714
1281
193
511
1412
151
779
1143
102
556
1184
159
534
1427
166
778
1186
181
672
1329
116
685
1462
178
504
1006
113
755
1158
181
545
1005
163
644
1427
169
661
1163
136
627
1018
185
598
1178
143
524
1153
176
794
1431
118
651
1278
156
740
1065
109
695
1271
124
503
1473
114
552
1352
164
690
1337
107
556
1075
107
662
1066
126
754
1403
112
638
1381
118
657
1129
170
714
1348
102
617
1296
197
654
1239
142
679
1478
140
785
1120
107
552
1212
118
699
1140
178
605
1269
103
549
1189
159
517
1197
197
743
1201
130
593
1304
104
525
1060
185
609
1361
159
517
1476
114
569
1155
124
561
1427
197
655
1235
179
513
1224
172
571
1347
183
715
1097
105
506
1125
159
754
1184
155
504
1482
176
753
1403
193
651
1475
176
729
1155
190
604
1303
171
703
1062
165
669
1076
166
602
1094
122
518
1325
107
749
1217
105
692
1096
164
664
1484
115
623
1362
113
582
1269
115
759
1421
140
540
1363
115
716
1234
177
657
1054
123
695
1360
104
772
1497
196
776
1246
128
658
1158
179
768
1456
188
736
1357
146
535
1418
200
525
1384
128
507
1011
183
781
1178
150
750
1485
101
590
1200
142
525
1071
131
625
1155
160
702
1456
176
616
1272
183
528
1386
178
750
1382
177
548
1424
149
522
1243
179
516
1320
147
554
1146
165
768
1351
116
722
1163
185
592
1103
158
660
1499
127
752
1290
163
628
1365
134
682
1397
178
551
1262
173
520
1017
123
723
1067
198
511
1056
186
760
1292
158
614
1495
104
622
1365
167
679
1131
136
676
1216
184
636
1299
108
533
1357
157
741
1024
165
688
1491
200
570
1116
127
672
1270
117
574
1342
157
791
1468
179
568
1047
196
722
1117
136
787
1249
163
748
1017
150
703
1439
106
681
1414
110
578
1369
129
548
1145
151
725
1244
162
568
1389
166
744
1349
182
716
1367
136
750
1345
139
768
1100
132
797
1201
187
787
1048
126
739
1380
140
743
1349
134
761
1131
113
711
1059
175
780
1125
167
676
1065
153
530
1188
180
793
1092
108
734
1339
155
800
1238
166
513
1460
181
526
1433
111
705
1025
128
668
1026
113
793
1164
129
574
1430
173
714
1371
191
660
1472
114
585
1212
189
776
1205
108
683
1429
190
778
1224
141
701
1350
194
798
1232
158
507
1157
149
679
1241
112
521
1352
146
614
1027
135
605
1244
170
570
1175
197
700
1440
157
612
1182
168
690
1138
144
656
1181
187
629
1355
171
666
1428
105
771
1379
130
594
1003
111
627
1421
135
521
1192
155
683
1004
131
503
1004
155
634
1134
144
559
1188
195
687
1418
121
742
1102
164
797
1419
184
659
1198
187
644
1171
123
734
1054
154
792
1093
117
645
1358
133
641
1044
116
620
1378
135
595
1080
100
766
1496
168
655
1362
188
564
1273
108
621
1332
173
609
1045
147
569
1091
128
625
1306
143
533
1307
172
502
1426
164
737
1098
125
524
1243
137
744
1357
107
631
1373
192
799
1007
139
784
1097
197
721
1083
145
727
1412
105
590
1276
181
734
1477
160
794
1182
133
644
1195
146
586
1194
191
523
1126
116
571
1347
147
712
1160
107
660
1461
198
661
1457
175
596
1122
200
731
1066
119
677
1368
145
773
1299
130
684
1252
166
536
1485
127
502
1232
131
728
1237
182
581
1248
174
765
1218
103
673
1357
184
765
1222
157
669
1314
156
559
1175
109
717
1274
160
665
1128
167
592
1251
115
698
1102
189
790
1090
175
547
1084
166
765
1085
131
626
1272
186
635
1066
154
608
1432
188
732
1314
152
675
1420
171
572
1042
135
584
1107
135
680
1402
138
678
1317
173
567
1440
174
527
1421
102
579
1140
138
558
1021
147
785
1395
100
797
1249
129
530
1421
129
581
1135
154
577
1481
107
618
1357
198
646
1124
113
686
1374
134
565
1272
118
697
1463
178
540
1467
170
588
1335
109
594
1220
131
730
1384
155
792
1102
150
739
1416
108
728
1292
149
526
1481
103
697
1464
113
501
1410
138
581
1143
152
520
1202
137
744
1399
105
656
1388
196
742
1429
183
784
1115
174
570
1372
164
670
1449
123
735
1037
102
586
1379
197
725
1311
119
791
1230
117
646
1211
182
506
1377
145
649
1097
135
794
1033
160
716
1067
136
603
1099
182
566
1079
146
670
1348
183
767
1180
164
545
1142
102
655
1227
101
773
1179
111
678
1430
116
682
1396
130
582
1305
126
754
1458
169
528
1050
163
722
1035
120
535
1150
108
681
1190
169
595
1470
184
548
1480
198
650
1101
164
768
1098
151
570
1360
124
556
1383
182
663
1290
121
599
1230
167
538
1260
125
758
1287
192
695
1142
163
521
1149
160
628
1026
142
800
1395
185
646
1404
157
583
1419
154
569
1164
118
640
1318
193
640
1410
122
697
1009
146
510
1322
151
625
1329
174
774
1119
177
605
1241
116
730
1268
139
672
1059
175
609
1372
104
521
1145
172
743
1318
195
759
1333
124
636
1164
152
622
1100
130
774
1419
134
556
1074
144
754
1312
198
531
1047
119
551
1123
163
694
1002
176
502
1095
124
676
1299
165
699
1123
195
737
1125
148
723
1485
196
542
1173
166
610
1131
120
698
1162
124
729
1163
134
681
1199
168
657
1310
119
751
1008
115
790
1240
188
586
1435
134
543
1374
186
791
1170
153
658
1084
189
773
1155
197
735
1071
138
696
1075
111
653
1001
115
657
1085
143
674
1128
153
623
1463
116
697
1065
126
725
1283
172
733
1198
171
741
1113
175
512
1133
163
586
1456
100
567
1491
135
573
1047
128
755
1354
108
697
1487
136
586
1375
126
703
1468
139
754
1186
195
716
1208
189
645
1489
122
566
1122
125
502
1493
154
683
1473
138
746
1264
139
750
1344
193
655
1376
103
514
1291
171
733
1156
152
725
1475
125
680
1392
119
583
1374
104
585
1020
121
661
1500
109
644
1430
177
764
1155
145
684
1431
154
735
1163
148
703
1293
149
651
1257
118
783
1229
189
585
1399
116
774
1495
170
693
1358
106
798
1355
138
707
1084
103
751
1296
136
567
1306
145
518
1487
136
637
1051
122
737
1029
114
500
1190
155
639
1319
178
631
1492
175
773
1286
197
706
1490
144
640
1408
138
711
1293
196
685
1218
166
645
1395
117
556
1401
183
581
1497
178
589
1327
137
644
1002
120
700
1113
121
566
1179
192
586
1375
186
780
1094
175
572
1044
176
644
1471
110
699
1088
196
755
1263
148
736
1219
110
560
1167
116
791
1159
175
570
1077
106
770
1264
184
746
1344
165
565
1294
146
640
1311
106
631
1051
112
575
1448
154
670
1340
195
503
1324
120
634
1264
186
743
1150
114
639
1014
193
704
1328
135
787
1170
138
521
1092
121
522
1346
169
662
1416
188
784
1426
177
577
1174
191
704
1024
162
773
1486
176
613
1107
153
627
1105
189
651
1485
140
735
1010
109
691
1364
187
588
1476
181
734
1379
160
632
1112
128
734
1097
108
549
1225
119
778
1436
158
596
1196
183
522
1405
156
754
1174
187
529
1386
149
545
1265
145
566
1426
111
629
1348
160
754
1123
146
524
1394
199
721
1258
189
545
1266
150
535
1291
136
614
1086
176
583
1313
166
516
1180
198
581
1197
107
573
1408
186
642
1159
169
542
1437
106
548
1166
164
673
1140
143
731
1012
158
616
1493
120
529
1469
116
653
1233
108
780
1093
176
754
1369
153
776
1151
151
783
1469
150
551
1024
185
651
1238
149
701
1169
116
684
1281
192
663
1196
134
629
1401
179
598
1073
163
540
1148
121
790
1444
120
594
1061
103
629
1029
144
578
1268
163
585
1328
194
631
1179
101
627
1242
117
514
1238
161
532
1137
182
600
1259
110
743
1168
134
779
1004
170
763
1346
199
767
1309
133
786
1433
188
708
1033
190
505
1189
123
667
1379
157
592
1420
115
583
1491
107
539
1179
142
651
1053
139
727
1482
158
600
1092
141
704
1129
135
731
1461
181
736
1186
168
573
1393
122
703
1196
175
599
1383
112
644
1333
102
625
1115
122
688
1438
118
560
1041
166
705
1241
199
523
1238
187
672
1276
153
706
1489
107
523
1181
141
609
1059
118
651
1362
140
628
1309
160
695
1163
126
746
1217
171
576
1064
172
651
1120
146
730
1164
176
694
1402
182
667
1211
194
698
1263
119
668
1134
174
576
1385
114
761
1151
161
572
1178
106
506
1210
170
581
1471
167
509
1093
196
705
1195
159
738
1129
118
710
1144
198
557
1305
164
658
1188
134
539
1309
172
540
1456
184
532
1396
127
515
1191
114
565
1324
161
555
1466
181
625
1405
161
617
1343
169
545
1145
149
736
1274
130
621
1063
129
713
1354
177
605
1339
179
774
1312
167
611
1230
117
741
1266
167
561
1363
116
587
1263
187
785
1168
146
795
1262
107
562
1065
144
766
1026
152
616
1084
191
688
1418
105
568
1451
122
670
1168
187
774
1320
199
706
1015
195
644
1076
183
522
1045
123
736
1259
176
699
1147
111
555
1030
156
728
1030
143
797
1382
124
532
1066
160
617
1384
177
795
1464
181
507
1115
119
669
1101
194
779
1449
196
602
1015
121
700
1043
144
638
1076
153
646
1311
150
707
1423
189
738
1155
166
641
1195
147
622
1019
196
668
1127
115
739
1024
174
681
1292
164
529
1260
173
569
1445
136
730
1167
173
742
1120
131
513
1056
105
654
1443
195
518
1268
146
673
1085
119
604
1172
175
776
1266
112
542
1227
197
653
1380
145
756
1269
152
532
1308
103
671
1412
107
506
1340
170
593
1306
106
694
1451
188
784
1277
164
738
1010
193
738
1095
175
708
1323
175
551
1296
162
722
1017
162
508
1428
139
587
1473
171
638
1196
182
721
1367
134
624
1048
113
559
1322
190
781
1454
114
740
1078
158
591
1051
199
775
1443
139
796
1363
101
576
1322
160
576
1493
146
513
1439
156
662
1484
117
603
1123
126
720
1280
195
676
1432
101
508
1436
131
613
1213
188
706
1434
115
639
1170
141
629
1320
159
757
1266
127
764
1427
127
638
1362
151
744
1310
125
592
1149
126
566
1386
167
672
1001
127
555
1207
145
532
1033
125
561
1301
112
618
1388
134
632
1476
175
648
1193
180
715
1338
180
728
1064
146
544
1139
107
725
1387
140
764
1291
119
519
1421
137
669
1149
105
523
1137
178
575
1360
188
572
1183
182
751
1460
123
691
1134
170
555
1395
192
591
1308
121
582
1214
124
651
1010
118
545
1427
156
796
1096
128
792
1496
157
652
1391
134
600
1121
196
717
1044
157
535
1163
165
742
1212
117
798
1198
106
630
1379
148
528
1425
145
573
1161
196
501
1366
166
799
1175
175
525
1199
173
609
1076
135
547
1283
182
776
1236
156
515
1097
152
687
1195
164
757
1314
159
666
1097
113
723
1496
110
696
1241
189
561
1153
166
555
1164
127
541
1378
195
533
1192
144
556
1477
105
573
1220
128
780
1415
118
557
1302
133
570
1140
105
751
1133
125
729
1308
116
690
1019
107
555
1408
118
550
1105
194
660
1375
199
547
1201
135
666
1195
198
613
1415
111
578
1328
137
778
1061
197
612
1489
148
678
1251
188
575
1401
135
521
1309
159
702
1211
164
782
1116
174
645
1446
188
749
1252
127
613
1369
134
731
1440
121
594
1439
102
554
1082
134
529
1325
152
609
1415
170
605
1455
134
642
1157
192
794
1445
124
693
1249
136
791
1469
141
760
1004
129
711
1498
115
577
1371
104
757
1069
119
599
1390
153
724
1471
171
544
1054
148
785
1175
190
633
1040
180
723
1212
119
669
1275
175
626
1300
118
668
1025
104
529
1069
174
673
1427
142
738
1085
181
692
1270
113
776
1420
176
778
1064
173
792
1373
165
627
1433
160
621
1017
165
715
1449
121
776
1136
179
791
1427
181
664
1302
149
619
1013
108
648
1166
120
578
1381
200
608
1170
129
514
1255
192
781
1104
178
569
1014
108
531
1116
136
798
1453
123
728
1115
121
688
1219
183
548
1176
135
633
1060
169
571
1094
116
503
1060
175
583
1106
106
595
1143
149
622
1416
198
671
1159
134
788
1483
173
627
1214
162
689
1292
152
651
1438
173
555
1052
133
656
1302
156
629
1042
132
538
1061
147
719
1319
199
631
1433
144
649
1397
114
651
1112
135
593
1431
106
714
1435
181
620
1315
161
559
1168
170
768
1345
122
663
1457
114
776
1375
132
698
1256
111
783
1164
120
639
1274
128
707
1249
196
661
1007
137
704
1320
179
647
1084
163
772
1126
168
545
1141
184
515
1116
105
548
1470
180
619
1393
157
532
1228
187
535
1349
151
756
1012
132
583
1461
149
729
1015
119
614
1098
189
548
1277
127
580
1277
188
549
1433
140
547
1204
108
517
1439
104
686
1043
164
593
1095
151
658
1210
198
524
1375
168
776
1188
122
797
1356
117
547
1442
122
643
1057
129
622
1489
173
601
1129
191
781
1051
189
634
1427
103
594
1224
109
712
1318
122
569
1456
121
643
1242
199
783
1294
169
748
1431
137
532
1484
174
703
1113
164
520
1361
111
578
1344
197
552
1198
196
791
1356
180
518
1243
172
682
1437
144
527
1191
182
627
1486
157
662
1453
139
773
1424
134
697
1474
150
640
1060
168
616
1354
106
547
1395
185
545
1112
169
582
1093
176
600
1197
141
580
1135
124
588
1385
165
771
1272
104
524
1309
131
675
1287
180
792
1395
136
730
1444
179
632
1135
108
723
1120
136
589
1219
118
647
1004
101
508
1257
173
687
1402
157
718
1470
118
732
1011
153
553
1037
169
591
1136
192
713
1137
189
761
1293
134
760
1237
108
559
1084
184
728
1123
148
799
1069
189
573
1133
119
680
1049
120
757
1349
169
603
1416
102
596
1394
121
649
1354
136
754
1223
167
682
1378
191
693
1439
148
667
1346
178
552
1082
146
511
1025
112
687
1169
133
645
1104
173
579
1357
144
674
1497
169
613
1148
138
769
1145
120
653
1262
174
771
1179
175
731
1362
157
622
1479
152
521
1138
110
763
1027
125
792
1440
133
501
1316
152
756
1090
197
595
1084
138
545
1042
138
711
1350
126
776
1023
180
517
1202
192
670
1177
102
633
1094
164
797
1453
170
547
1474
141
543
1494
188
629
1142
132
638
1237
197
587
1485
124
672
1404
140
675
1456
144
514
1208
107
638
1456
122
540
1098
183
701
1332
195
532
1022
103
520
1176
166
566
1357
142
505
1131
149
589
1249
172
569
1096
111
610
1201
119
660
1360
116
735
1199
158
584
1172
129
697
1256
199
586
1075
183
732
1029
108
633
1276
141
765
1223
191
728
1141
191
720
1088
101
711
1267
179
597
1203
175
745
1142
108
711
1309
115
524
1042
151
735
1488
133
773
1205
132
537
1207
131
735
1078
109
583
1063
124
587
1281
162
792
1243
100
709
1495
132
594
1079
132
511
1248
178
763
1239
180
653
1220
128
711
1321
133
611
1238
109
609
1164
200
653
1417
193
777
1427
133
736
1252
130
636
1028
117
797
1045
142
611
1204
156
793
1338
107
557
1059
192
632
1330
139
652
1148
199
683
1311
166
740
1067
152
757
1112
106
591
1500
150
796
1333
103
504
1367
125
700
1265
132
579
1154
109
751
1194
148
690
1339
196
724
1352
167
578
1349
138
587
1259
192
794
1074
104
669
1398
184
507
1220
156
650
1429
182
520
1434
102
756
1337
133
555
1349
192
749
1256
106
526
1001
195
652
1424
163
627
1351
148
673
1455
181
675
1123
184
595
1181
110
762
1160
164
795
1095
141
589
1178
156
603
1419
133
504
1125
165
729
1119
131
639
1034
115
552
1386
176
577
1308
106
673
1285
110
777
1319
162
517
1241
193
776
1005
143
699
1230
166
743
1187
182
793
1195
104
699
1470
172
564
1119
130
555
1184
105
551
1068
136
569
1484
172
692
1189
198
703
1007
156
626
1150
191
630
1005
190
750
1452
194
766
1296
177
538
1159
104
709
1050
131
702
1371
106
778
1096
106
702
1381
138
576
1204
107
660
1103
146
515
1296
166
622
1159
161
773
1129
186
749
1008
196
764
1043
109
688
1069
171
515
1114
191
659
1209
105
786
1278
188
631
1425
108
562
1319
162
562
1037
170
547
1155
186
768
1041
117
734
1460
148
559
1124
169
714
1403
149
742
1133
189
698
1046
104
692
1118
155
623
1477
170
797
1112
122
632
1416
103
621
1183
179
508
1306
104
791
1135
197
567
1233
148
550
1302
177
654
1051
104
517
1485
182
599
1276
195
645
1242
137
552
1427
190
787
1074
111
502
1379
163
775
1477
191
696
1080
136
648
1356
140
571
1478
182
519
1023
173
750
1274
143
539
1126
157
709
1182
105
513
1255
186
798
1310
135
678
1140
188
616
1098
170
523
1398
141
784
1465
184
599
1378
171
507
1467
134
573
1018
195
650
1408
122
608
1032
136
650
1485
102
749
1388
106
688
1054
150
604
1420
176
772
1210
189
788
1432
108
613
1193
167
605
1153
112
768
1294
167
752
1345
106
693
1232
131
650
1068
196
559
1285
193
617
1399
177
585
1334
153
700
1097
128
535
1122
134
779
1021
121
502
1332
116
744
1015
147
510
1189
110
647
1409
131
728
1170
171
587
1156
142
597
1262
190
577
1250
118
562
1244
127
534
1474
132
786
1307
153
791
1211
132
634
1316
146
774
1415
154
667
1318
154
504
1257
101
783
1122
165
629
1005
142
684
1364
117
587
1140
200
695
1427
185
597
1154
187
602
1029
162
550
1341
182
659
1311
112
610
1376
110
631
1189
116
644
1206
132
580
1061
120
730
1438
157
613
1398
168
796
1369
100
510
1463
118
575
1257
162
593
1447
100
551
1040
191
552
1038
116
704
1296
188
619
1264
122
571
1125
126
589
1338
117
507
1068
121
611
1240
141
647
1065
103
742
1158
107
535
1300
176
742
1211
199
787
1022
110
607
1368
103
546
1058
118
755
1354
172
674
1449
108
511
1110
105
754
1146
128
666
1307
189
548
1358
106
702
1331
112
721
1111
152
663
1370
121
691
1086
148
508
1472
124
620
1353
181
761
1065
185
594
1183
141
582
1372
144
739
1351
148
511
1073
136
682
1255
162
586
1122
169
627
1099
169
704
1045
198
505
1304
119
550
1106
114
502
1352
116
520
1178
143
670
1495
129
670
1070
116
566
1429
129
721
1256
196
799
1344
149
541
1431
149
557
1257
191
648
1210
123
779
1149
136
728
1449
171
557
1166
196
752
1235
113
592
1296
115
688
1496
155
548
1490
124
782
1434
174
556
1395
143
708
1031
151
676
1292
141
502
1410
175
527
1261
139
588
1141
102
686
1316
164
506
1161
155
748
1039
174
627
1428
105
611
1258
188
587
1414
169
556
1265
112
501
1390
195
518
1168
179
647
1309
191
586
1039
124
569
1470
165
786
1486
139
520
1004
133
579
1456
152
800
1298
128
588
1303
147
688
1223
104
697
1299
109
506
1374
157
555
1058
119
747
1317
158
761
1229
182
540
1262
179
563
1484
187
648
1458
105
731
1112
103
656
1496
119
783
1259
141
506
1173
160
547
1081
184
598
1191
111
762
1178
113
563
1401
179
771
1057
104
684
1191
199
589
1247
137
750
1280
199
554
1288
161
657
1167
192
594
1359
165
551
1482
176
551
1385
195
535
1289
112
636
1456
174
552
1417
161
626
1204
187
722
1404
126
781
1328
130
735
1107
144
533
1055
140
655
1473
169
540
1024
160
737
1461
104
707
1203
119
506
1137
101
601
1243
141
743
1126
139
620
1082
144
599
1066
132
528
1251
185
690
1060
175
630
1031
129
643
1205
142
793
1015
189
717
1148
157
646
1207
124
532
1198
163
578
1075
144
756
1408
137
638
1113
151
606
1059
138
501
1053
162
655
1431
143
707
1214
103
697
1081
165
599
1487
140
600
1035
184
643
1056
181
560
1492
123
548
1175
182
630
1340
124
676
1279
170
620
1003
151
563
1432
167
516
1164
183
698
1177
166
736
1440
172
760
1136
157
672
1377
107
625
1115
165
794
1199
130
762
1184
165
667
1125
151
628
1474
192
715
1226
155
536
1027
195
615
1038
199
634
1489
114
722
1407
183
592
1050
176
667
1342
190
502
1032
104
506
1031
188
773
1461
121
775
1495
108
533
1478
198
648
1203
191
740
1124
124
646
1016
168
539
1321
101
759
1369
178
588
1222
192
605
1435
146
697
1157
151
508
1296
175
519
1287
128
635
1350
173
633
1145
171
624
1119
141
606
1382
194
536
1068
115
711
1020
156
775
1340
182
678
1118
135
586
1253
111
777
1081
127
634
1480
113
679
1345
110
607
1144
159
736
1277
158
521
1312
101
770
1156
167
685
1268
159
734
1102
198
773
1147
188
583
1035
130
591
1301
133
685
1315
193
648
1364
161
725
1218
158
696
1104
126
691
1390
173
733
1149
149
682
1386
169
787
1046
157
634
1272
146
606
1347
137
744
1275
190
719
1282
165
797
1152
121
527
1290
104
635
1024
157
788
1480
197
543
1128
178
623
1076
169
733
1204
113
746
1369
167
756
1320
106
688
1411
165
715
1393
164
548
1472
121
777
1468
170
523
1095
190
632
1494
165
687
1327
186
532
1051
138
526
1214
147
701
1103
163
796
1194
159
605
1425
166
635
1004
190
645
1055
158
673
1416
193
650
1338
111
655
1336
130
582
1325
116
559
1187
172
625
1021
199
529
1361
168
683
1345
153
759
1066
194
776
1351
153
521
1208
116
741
1010
103
723
1091
165
529
1383
158
716
1070
133
652
1277
176
634
1191
200
655
1088
162
574
1187
103
620
1328
188
732
1267
112
799
1343
166
692
1353
166
519
1384
185
624
1375
182
701
1181
143
538
1417
106
677
1077
122
595
1217
179
596
1485
194
712
1329
149
602
1175
164
543
1328
112
534
1167
109
554
1347
156
747
1080
148
522
1438
135
648
1496
133
708
1238
111
520
1369
190
564
1114
200
626
1462
159
516
1392
159
645
1105
173
765
1066
159
611
1329
109
748
1439
107
614
1379
171
784
1407
141
799
1146
122
773
1133
110
684
1261
199
671
1164
174
762
1196
108
715
1322
177
530
1002
162
751
1122
128
697
1412
172
519
1195
107
557
1478
107
514
1046
179
512
1127
134
794
1008
187
764
1450
162
673
1169
165
658
1244
138
574
1203
111
779
1045
185
763
1077
183
593
1322
183
524
1461
140
765
1241
161
605
1352
118
606
1387
110
502
1026
168
704
1104
121
766
1225
147
703
1203
147
659
1040
120
616
1156
166
563
1252
144
703
1401
119
598
1427
140
598
1430
123
695
1475
146
641
1340
128
687
1308
157
639
1471
140
506
1134
110
541
1035
170
521
1262
138
735
1000
106
707
1131
159
588
1437
133
737
1453
140
751
1491
173
765
1431
193
575
1086
165
701
1012
154
541
1454
103
670
1011
109
666
1450
177
593
1079
194
523
1038
158
743
1031
163
725
1483
159
654
1297
195
606
1407
159
510
1426
126
571
1004
167
711
1102
181
577
1440
152
653
1150
161
529
1204
171
772
1303
165
515
1359
109
787
1242
185
583
1032
133
639
1323
151
623
1371
173
761
1012
129
590
1244
174
785
1119
102
560
1056
190
637
1467
131
756
1423
140
619
1490
190
502
1090
198
644
1155
155
731
1348
117
706
1179
149
714
1149
188
631
1050
137
544
1024
186
750
1496
151
686
1395
160
680
1095
131
685
1172
136
505
1416
122
586
1492
178
690
1364
189
711
1345
182
552
1237
194
512
1398
197
757
1287
179
549
1307
110
693
1167
194
561
1393
160
799
1193
135
709
1252
133
529
1358
161
749
1104
177
681
1237
176
742
1115
189
598
1329
111
721
1350
132
680
1039
152
546
1027
153
788
1263
181
784
1212
183
657
1392
159
597
1270
150
563
1040
109
519
1283
142
714
1174
122
516
1014
132
624
1433
166
743
1467
134
671
1086
161
652
1313
175
705
1253
124
590
1250
119
603
1365
109
686
1470
131
727
1124
193
501
1389
150
547
1080
109
597
1393
115
797
1111
109
655
1134
130
663
1415
155
631
1082
121
718
1190
179
522
1023
123
569
1369
173
623
1082
137
795
1255
104
714
1143
108
622
1178
186
694
1206
164
550
1471
187
531
1307
146
601
1475
134
698
1184
108
772
1092
174
597
1306
107
509
1169
161
688
1185
105
618
1332
196
663
1193
121
611
1149
179
546
1218
108
731
1449
164
548
1290
144
613
1471
114
633
1022
192
775
1122
180
676
1214
139
657
1290
136
700
1364
151
505
1169
146
773
1452
156
675
1220
174
751
1222
101
519
1419
165
568
1359
146
793
1259
144
605
1416
154
707
1079
163
713
1075
125
627
1003
104
720
1304
195
705
1460
130
683
1383
146
780
1267
156
641
1365
114
648
1309
118
599
1140
139
518
1031
121
749
1155
120
593
1036
187
578
1074
192
797
1171
187
690
1062
155
714
1411
109
714
1080
122
586
1259
133
652
1439
143
760
1092
142
742
1249
125
736
1040
169
660
1315
133
799
1460
174
709
1159
111
717
1272
165
524
1084
182
674
1177
103
520
1420
110
780
1197
159
560
1182
192
604
1210
116
662
1380
180
675
1393
162
586
1110
122
631
1423
155
554
1071
112
537
1184
188
519
1061
152
739
1022
149
504
1020
145
698
1338
173
606
1354
195
782
1151
177
534
1409
116
608
1370
139
593
1380
183
664
1179
142
750
1415
109
616
1353
137
707
1110
171
698
1470
154
657
1256
112
582
1040
182
615
1379
186
741
1099
107
615
1368
107
634
1212
175
770
1044
161
725
1481
113
776
1300
156
706
1275
186
765
1285
116
558
1231
184
671
1492
157
754
1437
169
514
1402
122
580
1301
118
707
1103
145
610
1048
160
514
1008
179
760
1488
163
670
1085
141
757
1045
109
776
1151
159
639
1341
185
705
1041
166
540
1450
145
530
1346
135
639
1013
111
706
1445
155
698
1363
197
687
1488
148
503
1370
189
607
1109
150
734
1193
150
635
1430
134
788
1042
183
760
1427
188
781
1284
186
570
1379
131
723
1275
159
789
1242
135
677
1443
140
756
1234
141
573
1011
107
530
1377
143
720
1171
132
636
1445
119
634
1060
134
699
1168
172
617
1044
129
522
1391
135
655
1027
200
527
1257
165
734
1040
177
709
1404
118
708
1208
149
674
1026
145
629
1035
193
549
1412
189
554
1205
193
636
1394
166
700
1184
154
573
1272
138
684
1427
137
636
1035
188
577
1462
168
678
1123
113
773
1441
105
651
1344
197
650
1467
168
651
1231
128
629
1266
111
521
1308
113
617
1271
169
652
1102
142
737
1080
122
555
1387
167
612
1473
117
557
1239
173
703
1213
112
583
1224
158
764
1145
129
572
1454
155
738
1258
132
660
1282
139
606
1338
153
767
1333
135
590
1165
107
773
1332
143
670
1170
104
568
1365
111
768
1285
155
536
1002
123
540
1447
139
689
1482
126
704
1490
115
629
1302
145
719
1275
198
524
1364
109
559
1325
189
528
1183
117
534
1303
141
702
1283
101
622
1181
110
524
1146
134
533
1195
104
714
1035
109
539
1450
156
795
1180
100
732
1166
140
682
1293
166
503
1106
117
588
1355
196
712
1003
185
743
1281
158
516
1480
103
695
1029
192
796
1035
144
504
1114
186
690
1012
147
655
1012
156
547
1419
165
512
1344
108
565
1344
162
671
1239
169
649
1427
148
688
1467
123
592
1081
109
684
1099
136
666
1187
171
674
1127
195
766
1449
139
747
1082
169
718
1418
112
666
1230
153
734
1241
145
571
1222
132
793
1117
107
581
1156
174
756
1050
167
691
1074
128
516
1132
182
594
1445
108
541
1033
104
545
1329
183
747
1140
190
653
1134
167
758
1395
102
605
1001
155
536
1378
176
726
1395
194
676
1382
163
718
1409
131
591
1000
131
602
1363
180
581
1175
189
790
1105
167
526
1196
159
607
1338
163
740
1240
104
503
1194
191
668
1241
114
668
1268
163
585
1094
124
667
1336
163
525
1081
195
542
1316
185
791
1364
175
543
1436
104
539
1323
138
779
1185
164
680
1136
132
660
1381
189
575
1123
110
517
1051
109
592
1436
105
658
1060
127
532
1309
177
797
1481
143
714
1112
123
691
1132
104
672
1083
192
756
1265
188
784
1258
147
766
1410
166
654
1196
179
752
1404
185
658
1270
119
581
1445
106
734
1247
131
555
1013
177
641
1294
135
775
1481
116
595
1097
181
745
1341
120
689
1115
144
510
1412
124
722
1202
195
552
1332
186
733
1029
135
616
1064
144
509
1445
146
729
1023
126
767
1358
154
733
1322
191
520
1400
147
507
1061
158
719
1162
193
613
1420
155
765
1473
185
533
1400
184
667
1233
182
502
1064
140
631
1192
182
662
1385
175
721
1145
112
660
1329
111
624
1245
128
736
1272
143
739
1128
129
555
1427
177
734
1138
112
536
1024
119
703
1191
166
668
1320
158
591
1452
152
695
1247
103
589
1266
162
570
1382
176
577
1452
191
591
1249
146
619
1499
185
535
1463
118
750
1180
103
541
1055
178
632
1465
121
569
1388
189
508
1443
101
758
1254
154
698
1436
100
631
1166
153
573
1236
184
703
1290
129
609
1266
160
785
1246
114
524
1181
127
764
1065
130
719
1246
131
682
1429
118
644
1479
142
789
1042
118
792
1480
194
538
1292
138
779
1309
109
522
1208
181
729
1143
186
521
1204
149
547
1319
168
643
1432
153
569
1155
124
702
1433
113
538
1082
175
583
1424
197
800
1332
171
623
1070
105
717
1122
138
667
1449
163
502
1015
197
798
1195
156
724
1085
196
681
1484
139
697
1293
105
634
1241
150
671
1485
168
756
1200
142
529
1302
104
617
1311
136
738
1158
163
623
1062
119
565
1261
119
736
1071
105
716
1351
183
739
1054
123
732
1282
187
588
1447
112
527
1308
183
606
1432
182
523
1031
150
671
1089
139
628
1218
153
767
1246
139
525
1288
162
664
1156
182
756
1379
116
505
1105
150
503
1367
168
595
1153
180
587
1416
173
521
1346
198
628
1253
193
577
1421
123
678
1248
194
738
1316
140
638
1416
126
607
1023
191
626
1311
177
766
1333
101
680
1229
104
711
1243
198
654
1426
114
558
1481
132
684
1165
111
636
1048
134
633
1134
144
773
1298
184
626
1015
110
670
1004
188
529
1266
136
598
1046
131
673
1288
118
783
1112
121
716
1276
140
757
1489
146
567
1485
102
645
1411
163
759
1185
123
585
1135
172
570
1092
122
676
1320
129
635
1120
133
676
1496
124
757
1002
191
768
1438
190
506
1332
171
718
1227
176
614
1095
148
688
1401
173
781
1064
101
692
1347
131
716
1216
134
517
1226
191
778
1026
126
676
1493
184
502
1377
185
523
1085
180
782
1221
111
701
1415
168
696
1431
123
788
1468
139
549
1475
149
727
1189
160
634
1202
197
506
1491
177
584
1024
198
719
1137
117
524
1156
190
563
1083
181
675
1069
117
654
1091
156
675
1196
107
540
1331
147
671
1210
135
509
1276
141
780
1228
110
554
1307
161
602
1170
168
586
1346
173
699
1061
140
670
1139
144
665
1400
172
565
1005
181
661
1110
192
515
1203
160
559
1398
144
605
1300
120
555
1081
194
720
1140
125
753
1388
195
574
1021
102
753
1151
169
590
1484
185
748
1307
147
527
1007
122
637
1087
122
777
1039
116
776
1314
158
626
1047
115
605
1434
196
522
1050
147
766
1196
196
539
1356
131
754
1001
161
672
1122
195
532
1428
158
591
1305
153
760
1166
171
658
1138
175
669
1290
192
507
1194
109
648
1032
188
534
1377
160
639
1248
171
593
1393
193
615
1363
149
704
1148
102
678
1497
107
702
1454
189
700
1114
157
787
1254
196
793
1022
161
797
1325
116
659
1012
107
600
1057
140
603
1260
119
517
1423
185
784
1461
152
572
1327
133
646
1359
158
752
1351
112
740
1318
144
559
1243
144
752
1066
125
524
1193
122
569
1273
107
527
1368
148
561
1338
182
583
1219
104
737
1080
165
545
1162
135
540
1374
126
707
1328
175
506
1017
198
545
1465
153
740
1277
123
739
1412
110
716
1398
165
747
1155
116
770
1070
178
576
1204
175
643
1338
174
709
1242
164
540
1455
192
734
1398
187
784
1470
120
625
1242
183
661
1451
166
524
1175
154
616
1455
141
783
1051
121
543
1216
188
585
1155
126
647
1164
161
705
1157
115
590
1095
154
619
1090
189
678
1357
108
590
1414
115
653
1203
185
747
1391
189
523
1114
120
761
1401
199
722
1064
112
516
1320
103
752
1078
175
544
1370
167
660
1208
140
588
1487
130
699
1217
191
530
1255
142
548
1285
117
662
1090
113
648
1030
117
725
1328
197
563
1069
118
562
1227
123
768
1472
173
592
1175
184
530
1389
197
609
1350
150
653
1333
130
608
1034
139
701
1017
192
548
1356
130
738
1100
104
738
1035
102
703
1052
100
602
1463
128
620
1334
128
787
1211
174
593
1291
137
759
1366
192
784
1401
101
504
1341
107
734
1411
167
581
1222
162
584
1127
143
667
1127
147
562
1497
189
577
1333
152
739
1063
176
523
1389
112
526
1483
185
650
1002
198
574
1458
157
566
1104
169
768
1198
174
611
1214
181
710
1341
142
659
1261
152
746
1136
135
695
1436
129
740
1139
161
742
1012
127
717
1458
146
517
1382
185
646
1095
150
700
1473
132
611
1038
182
567
1032
145
766
1439
160
720
1062
113
776
1120
194
526
1111
200
701
1287
167
619
1305
178
778
1066
101
687
1412
150
508
1029
180
689
1291
170
721
1176
200
701
1428
148
698
1142
110
756
1194
131
620
1303
178
612
1293
189
728
1251
181
525
1065
115
770
1141
171
571
1382
153
755
1308
131
591
1365
109
641
1322
179
792
1042
146
538
1163
180
536
1494
189
604
1263
165
545
1040
101
517
1451
121
539
1231
113
681
1253
146
589
1446
152
708
1081
186
592
1070
167
558
1047
173
777
1204
122
758
1078
184
574
1453
145
793
1051
109
771
1438
102
623
1108
170
695
1486
160
574
1217
112
571
1022
135
574
1460
130
710
1403
192
626
1309
109
743
1269
149
737
1220
152
624
1321
108
764
1476
168
514
1268
196
798
1065
158
544
1222
175
727
1319
193
681
1165
179
519
1466
108
568
1223
167
501
1423
162
749
1320
159
670
1353
113
765
1293
178
563
1141
144
583
1340
181
716
1061
118
578
1006
123
711
1190
176
667
1355
170
644
1213
126
710
1207
155
561
1276
148
516
1080
112
701
1466
137
531
1064
127
640
1212
111
506
1142
146
624
1043
178
765
1097
198
545
1494
102
671
1246
188
706
1340
136
594
1307
150
628
1302
108
536
1249
172
785
1288
122
666
1096
119
740
1494
158
561
1082
105
547
1296
187
669
1203
139
698
1036
125
605
1491
100
515
1072
128
752
1152
160
584
1181
192
752
1054
163
529
1330
137
704
1083
159
510
1162
132
689
1154
195
680
1194
132
583
1013
135
748
1030
187
604
1479
134
791
1059
155
723
1403
192
638
1078
184
740
1390
149
688
1145
150
623
1057
182
688
1291
187
728
1258
192
540
1075
124
706
1338
122
656
1241
160
693
1388
134
757
1302
114
652
1104
177
760
1422
199
708
1074
138
757
1154
168
749
1292
142
537
1205
190
575
1117
161
713
1093
137
701
1225
125
501
1372
180
779
1318
175
610
1097
125
677
1498
143
586
1019
114
615
1154
123
661
1438
166
527
1279
195
780
1226
176
676
1398
122
537
1355
166
633
1356
185
687
1385
179
729
1339
191
686
1333
127
625
1352
165
706
1317
121
799
1381
176
549
1179
136
634
1363
147
685
1362
184
757
1466
118
617
1172
136
545
1298
148
574
1089
200
786
1075
139
741
1203
198
572
1478
112
648
1124
155
536
1463
171
541
1377
166
570
1134
115
750
1046
141
584
1139
142
583
1390
115
521
1133
155
674
1256
199
757
1464
127
602
1184
192
617
1095
113
734
1365
196
765
1047
182
776
1149
122
627
1451
194
703
1223
156
574
1157
111
589
1194
143
749
1090
194
550
1448
141
702
1429
174
541
1231
128
645
1239
193
671
1106
186
522
1391
176
750
1241
138
712
1027
191
611
1374
112
794
1458
169
772
1332
159
553
1169
139
502
1214
198
542
1399
113
641
1168
114
784
1408
151
749
1354
171
718
1423
106
647
1203
114
692
1246
180
592
1298
104
583
1335
173
671
1109
197
570
1348
172
637
1176
131
784
1458
126
700
1387
153
711
1263
107
702
1410
115
679
1143
104
614
1047
196
717
1041
172
513
1135
122
551
1200
190
543
1034
194
752
1158
172
649
1435
149
519
1105
127
566
1064
174
677
1015
110
575
1473
157
731
1347
175
580
1353
144
765
1379
141
626
1136
134
627
1409
191
697
1000
195
689
1495
144
652
1095
161
773
1232
123
629
1493
125
701
1262
182
693
1155
113
507
1353
108
708
1259
182
510
1199
172
600
1326
141
651
1355
135
750
1144
116
551
1332
124
561
1321
153
777
1243
148
770
1057
154
766
1330
112
548
1232
171
753
1223
199
708
1113
184
536
1124
194
693
1492
115
641
1368
140
646
1299
104
679
1383
103
586
1333
140
501
1499
126
764
1214
133
740
1363
145
620
1014
119
625
1191
155
626
1215
131
625
1345
139
782
1341
186
670
1290
169
553
1149
168
512
1056
129
778
1149
123
645
1234
180
647
1318
197
622
1384
108
610
1205
164
743
1471
118
795
1075
103
761
1243
101
648
1069
187
603
1463
191
712
1414
165
523
1380
115
726
1257
194
671
1323
149
743
1315
105
742
1230
127
502
1040
109
594
1372
180
664
1243
148
681
1051
156
574
1318
161
571
1238
187
587
1291
181
702
1061
132
679
1474
189
660
1289
161
788
1301
131
599
1078
151
767
1395
135
630
1119
179
762
1366
105
699
1488
174
521
1274
169
539
1059
112
608
1427
128
563
1372
117
620
1447
193
732
1391
183
602
1204
130
669
1274
131
500
1134
126
687
1465
117
507
1051
190
551
1077
115
504
1276
117
700
1296
109
754
1128
115
760
1003
135
522
1337
125
738
1084
184
555
1155
185
747
1122
117
517
1130
188
629
1377
144
571
1340
186
586
1025
117
638
1113
129
661
1163
156
720
1098
121
543
1401
142
648
1349
195
618
1147
110
526
1305
130
677
1184
168
706
1199
131
695
1295
158
542
1359
188
727
1365
183
681
1119
149
500
1135
123
711
1466
107
562
1280
179
754
1103
190
659
1050
107
629
1319
166
520
1023
158
655
1009
184
545
1045
101
613
1493
179
558
1322
193
695
1365
116
648
1131
117
787
1279
130
560
1191
139
668
1303
159
649
1153
196
598
1268
181
626
1278
180
724
1341
165
567
1427
145
779
1461
149
527
1180
104
555
1400
189
655
1375
119
551
1330
174
585
1350
163
644
1331
134
697
1098
174
519
1291
153
504
1420
174
676
1085
148
575
1245
160
565
1133
142
783
1179
150
629
1104
136
717
1227
164
793
1050
136
668
1127
169
545
1263
149
736
1230
114
580
1306
143
771
1033
199
638
1179
173
695
1053
105
621
1430
175
555
1463
141
796
1074
101
552
1219
106
597
1103
194
536
1322
111
595
1030
147
575
1010
193
754
1119
192
519
1387
117
510
1373
189
723
1291
135
644
1012
151
660
1288
129
736
1307
176
681
1197
126
788
1351
179
593
1006
170
791
1316
107
753
1398
154
699
1321
193
530
1370
140
525
1409
199
503
1109
181
522
1161
181
634
1214
121
522
1077
163
676
1134
142
784
1339
168
666
1269
187
528
1149
120
572
1401
143
633
1260
190
720
1347
180
701
1016
146
565
1257
156
780
1059
125
718
1191
162
630
1268
108
750
1050
131
546
1369
131
592
1181
120
784
1131
186
561
1263
125
529
1107
108
607
1347
107
645
1218
172
761
1349
187
611
1171
132
504
1482
182
551
1265
113
686
1226
161
701
1460
193
738
1043
159
771
1290
167
528
1080
149
574
1088
150
669
1255
162
606
1431
170
770
1264
189
503
1244
148
512
1017
151
760
1376
185
755
1484
152
719
1230
160
753
1390
189
501
1438
117
551
1318
182
769
1202
195
610
1455
154
629
1491
116
555
1490
192
780
1415
189
607
1247
173
660
1467
121
690
1028
174
629
1133
196
552
1264
153
685
1187
135
516
1466
142
520
1355
142
569
1178
152
621
1040
135
693
1187
113
665
1300
198
682
1450
126
761
1225
103
725
1129
110
614
1320
165
743
1071
137
674
1245
137
716
1262
165
642
1132
159
672
1366
137
546
1094
194
794
1341
188
704
1189
146
519
1139
178
649
1056
125
710
1123
175
629
1045
108
507
1481
132
555
1241
158
564
1314
156
554
1082
190
722
1202
199
766
1445
170
799
1376
152
701
1498
127
597
1448
143
657
1253
113
667
1069
142
585
1355
112
607
1385
129
549
1287
194
652
1223
163
762
1183
125
509
1107
132
748
1224
192
612
1209
142
738
1056
146
744
1175
158
676
1216
182
618
1193
106
510
1268
150
641
1388
141
594
1068
141
775
1416
102
731
1230
178
605
1427
174
707
1265
144
652
1030
145
529
1247
128
677
1342
160
600
1076
111
696
1296
195
599
1085
129
504
1126
198
719
1218
128
691
1244
170
676
1122
106
654
1210
161
739
1440
159
750
1134
100
745
1055
114
749
1192
106
563
1317
138
631
1183
105
745
1274
171
788
1315
194
652
1042
137
571
1413
117
615
1335
197
587
1338
154
527
1049
178
625
1229
189
547
1494
193
763
1454
110
723
1192
155
662
1343
169
662
1193
120
502
1097
166
583
1175
135
526
1232
179
633
1387
126
526
1167
109
660
1459
150
513
1315
129
751
1443
132
729
1447
116
782
1230
158
560
1190
129
579
1147
166
784
1175
169
512
1220
116
536
1484
160
575
1458
156
611
1324
144
775
1466
144
619
1068
152
799
1049
187
525
1039
174
755
1302
128
570
1174
176
700
1114
116
773
1309
110
658
1103
151
755
1057
129
522
1099
182
624
1214
184
532
1393
153
764
1013
196
662
1136
180
518
1355
184
621
1156
126
577
1495
141
628
1006
179
662
1126
184
644
1110
191
757
1340
182
662
1353
177
562
1408
145
690
1028
119
507
1117
177
512
1115
132
643
1344
144
631
1192
118
745
1234
182
680
1430
186
503
1329
191
788
1368
107
669
1312
191
752
1411
151
526
1061
160
726
1267
171
661
1439
197
699
1049
200
732
1207
199
648
1496
142
544
1249
199
685
1386
194
797
1116
170
711
1284
147
619
1386
167
625
1123
189
566
1385
190
710
1298
132
615
1199
199
770
1357
177
688
1127
140
782
1226
151
741
1348
134
599
1158
179
521
1398
107
563
1060
163
675
1163
167
624
1078
123
608
1495
173
585
1468
157
532
1486
146
711
1486
199
722
1266
145
799
1495
184
598
1097
130
644
1308
188
582
1093
192
510
1039
124
529
1166
198
640
1447
117
516
1129
106
536
1181
168
627
1390
188
763
1185
109
616
1359
192
505
1412
173
610
1253
139
607
1171
168
514
1218
107
532
1048
187
571
1103
160
784
1123
185
524
1086
110
789
1473
157
633
1304
124
743
1040
191
618
1320
162
549
1417
127
549
1093
137
548
1317
161
637
1494
104
547
1452
133
708
1041
110
773
1397
195
705
1280
146
678
1243
106
581
1250
171
595
1209
130
645
1136
133
664
1168
127
737
1156
164
649
1239
192
612
1330
148
718
1468
183
608
1334
197
630
1391
186
783
1493
113
542
1273
159
504
1385
173
579
1365
137
602
1235
130
695
1176
