154
123
183
192
158
194
109
160
124
204
157
123
122
183
139
165
167
139
208
187
144
143
150
156
170
132
207
193
140
215
168
159
216
149
231
166
220
162
181
152
189
190
165
219
183
233
242
230
150
168
160
205
188
203
195
190
224
186
215
248
192
250
204
259
230
261
260
236
256
203
175
215
222
262
234
268
244
259
200
252
215
242
185
183
222
213
237
216
209
204
257
258
196
283
234
268
248
220
214
278
277
257
229
251
222
220
279
208
235
264
276
261
247
282
261
245
276
232
269
302
295
224
262
229
240
292
297
316
297
259
251
258
255
289
264
267
281
233
275
263
257
304
297
329
306
272
247
293
284
334
294
318
265
317
263
281
338
338
339
353
310
353
344
294
323
302
267
294
342
309
299
342
309
315
324
297
288
288
134
361
309
351
285
313
370
305
328
319
361
387
376
357
340
364
327
313
321
364
366
339
302
376
393
386
356
333
326
347
331
363
407
381
370
408
377
337
373
390
338
412
323
361
336
348
384
365
401
345
373
335
401
427
389
388
343
381
338
362
353
399
355
386
389
422
392
431
377
359
362
378
437
377
444
416
443
440
421
369
379
416
374
372
449
397
395
399
412
430
439
130
460
429
389
436
400
406
404
436
403
380
424
413
473
411
443
387
431
373
396
459
417
412
490
487
449
403
433
451
411
487
444
416
408
489
481
435
480
438
413
509
419
453
460
451
464
465
418
504
509
441
466
449
423
470
464
507
518
453
442
460
528
462
475
466
522
500
535
486
523
535
537
443
475
488
489
477
495
514
510
491
526
463
502
502
500
457
472
527
471
520
544
528
500
543
516
522
497
566
537
497
545
506
477
537
557
505
512
479
568
488
488
493
564
582
489
556
525
545
548
564
504
551
588
583
543
542
560
524
557
512
580
585
561
539
596
533
527
573
589
599
565
563
542
528
569
579
545
551
522
577
595
603
561
608
623
572
602
570
611
583
620
553
557
615
604
589
593
610
556
577
579
578
587
623
643
627
547
601
643
550
413
621
633
638
589
581
622
618
612
599
577
578
588
569
661
627
650
571
602
580
577
640
623
593
593
601
582
641
659
614
652
644
623
587
605
641
636
595
664
626
609
620
615
617
601
656
691
670
634
622
640
642
624
629
610
621
658
689
679
617
688
697
710
666
685
652
658
633
623
674
688
668
635
651
665
631
673
685
636
710
657
644
636
662
638
731
644
647
706
706
667
644
702
652
733
697
735
726
689
660
721
696
742
692
710
708
693
732
740
710
705
677
688
720
714
737
675
753
760
713
729
738
718
738
762
747
770
762
299
718
729
699
734
767
770
782
730
716
743
759
766
716
781
695
739
794
733
710
786
791
784
787
724
748
709
709
764
772
728
757
727
805
758
761
750
761
746
751
795
752
805
774
804
773
790
781
735
756
784
754
806
791
772
777
823
789
799
803
785
742
791
834
765
808
782
805
825
806
787
756
774
780
809
828
795
840
799
831
827
844
813
799
813
847
811
772
853
855
789
814
815
775
786
849
797
803
814
854
815
839
839
833
862
810
846
861
816
809
844
831
819
806
819
826
846
879
894
871
982
801
881
815
803
876
868
853
758
901
832
813
877
859
883
856
902
823
828
901
850
904
875
852
865
838
832
865
907
872
881
271
895
868
912
908
876
886
849
900
920
905
883
878
895
878
881
869
928
930
907
899
882
918
929
904
856
856
909
887
950
917
871
946
906
939
963
953
877
945
917
920
899
925
939
949
942
973
909
933
882
905
883
904
886
888
980
909
930
939
981
942
957
894
904
962
906
918
929
982
985
926
909
990
961
909
964
926
954
997
983
933
917
954
927
980
998
1010
938
1001
994
971
922
1021
935
947
999
931
933
623
980
1005
950
995
933
1000
983
1009
1020
989
1007
1015
952
994
953
952
1022
968
949
954
982
1011
998
1026
1016
1046
982
1028
996
1043
1003
991
1010
995
1012
974
1031
979
993
1001
1004
1052
1041
1014
998
1072
1072
1048
1068
1043
1030
988
1060
1001
1002
1016
1048
1063
1027
1048
1053
1054
1083
1025
1016
1072
1025
1003
1067
998
1008
1070
1043
1071
1098
1059
1029
1046
1020
1015
1064
1082
1058
1044
1019
1077
1086
1049
1030
1087
1090
1073
1096
1102
1049
1104
1078
1030
1068
1120
1127
1101
1079
1107
1089
1083
1127
1095
1049
1057
1108
1131
1109
1118
1073
1079
1091
1086
1054
1061
1097
1055
1116
1116
1133
1121
1125
1152
1104
1155
1104
1079
1070
1129
1077
1096
1115
1095
1123
1089
1147
1119
1162
1149
1122
1111
1103
1134
1154
1096
1100
1119
1117
1134
1141
1103
1118
1093
1125
1108
1104
1162
1103
1191
1190
1134
1105
1118
1175
1122
1135
1106
1105
1188
1136
1110
1183
1172
1164
1174
1120
1177
1166
1132
1146
1154
1208
1184
1155
1142
1187
1172
1205
1217
1173
1174
1140
1199
1163
1200
1138
1162
1182
1222
1223
1232
1203
1181
1170
1227
1167
1210
1161
1188
1173
1160
1173
1225
1159
1230
1167
1176
1166
1158
1162
1184
1197
1189
1242
1181
1206
1208
1254
1231
1247
1177
1192
1235
1236
1189
1177
1214
1206
1180
1178
1211
1239
1212
1256
1231
1211
1197
1212
1271
1216
1238
1271
1247
1242
1203
1266
1235
1235
1227
1284
1237
1223
1273
1287
1220
1260
1293
1296
1237
1281
1282
1229
1286
1207
1261
1239
1239
1232
1259
1261
1311
1243
1277
1300
1257
1306
1258
1270
1234
1307
1320
1252
1242
1296
1279
1238
1235
1252
1276
1287
1305
1315
1257
1274
1255
1248
1267
1242
1242
1564
1255
1265
1286
1284
1342
1292
1333
1317
1271
1318
1330
1328
1303
1332
1316
1321
1323
1271
1324
1347
1347
1296
1315
1290
1293
1315
1325
1341
1285
1355
1320
1359
1373
1287
1325
1283
1376
1356
1340
1321
1310
1361
1288
1354
1323
1352
1332
1314
1362
1391
1369
1339
1308
1368
1301
1331
1354
1336
1351
1369
1365
1332
1397
1380
1366
1325
1317
1392
1317
1348
1327
1333
1329
1329
1323
1378
1379
1336
1415
1371
1401
1390
1329
1353
1401
1169
1394
1400
1335
1399
1419
1366
1340
1424
1408
1342
1388
1436
1354
1365
1367
1378
1422
1382
1394
1378
1402
1429
1375
1370
1431
1445
1373
1397
1367
1358
1441
1433
1455
1393
1419
1448
1420
1430
1395
1396
1416
1379
1452
1392
1436
1402
1410
1414
1404
1386
1461
1422
1458
1382
1446
1405
1442
1461
1455
1463
1414
1423
1487
1487
1446
1444
1461
1492
1443
1460
1399
1425
1451
1464
1486
1419
1467
1444
1425
1451
1455
1461
1437
1480
1501
1464
1444
1428
1469
1497
1446
1505
1439
1434
1489
1490
1427
1517
1445
1438
1445
1462
1531
1473
1499
1522
1457
1532
1515
1495
1483
1448
1482
1448
1452
1537
1461
1453
1467
1504
1469
1539
1493
1531
1489
1498
1545
1537
1552
1511
1508
1542
1516
1562
1546
1554
1470
1548
1522
1568
1474
1494
1482
1529
1502
1505
1528
1500
1561
1485
1528
1534
1527
1538
1504
1550
1510
1565
1554
1541
1491
1571
1561
1507
1516
1506
1579
1519
1527
1579
1549
1582
1569
1548
1586
1581
1544
1509
1607
1598
1509
1573
1536
1604
1565
1531
1577
1550
1597
1546
1544
1583
1611
1569
1562
1601
1591
1566
1589
1580
1620
1538
1578
1631
1629
1590
1554
1555
1630
1553
1543
1606
1600
1629
1598
1555
1571
1621
1633
1624
1560
1637
1627
1553
1573
1633
1566
1604
1649
1593
1638
1633
1658
1643
1576
1564
1638
1627
1654
1615
1617
1660
1576
1642
1585
1661
1619
1612
1650
1632
1677
1659
1611
1678
1615
1629
1677
1656
1662
1617
1643
1620
1674
1678
1678
1685
1682
1653
1640
1648
1605
1671
1696
1633
1646
1696
1632
1646
1615
1630
1661
1630
1701
1675
1626
1642
1674
1633
1690
1618
1636
1715
1665
1677
1659
1722
1638
1725
1638
1650
1690
1717
1730
1662
1667
1713
1713
1654
1718
1719
1670
1727
1721
1703
1710
1671
1665
1723
1717
1696
1742
1702
1696
1658
1708
1693
1701
1702
1748
1667
1749
1758
1745
1672
1729
1692
1686
1742
1717
1737
1682
1713
1709
1725
1772
1747
1762
1733
1696
1763
1738
1708
1764
1720
1706
1692
1729
1690
1748
1714
1704
1712
1752
1730
1703
1697
1777
1726
1762
1752
1718
1735
1728
1716
1796
1804
1756
1718
1795
1801
1711
1726
1749
1776
1721
1743
1745
1806
1792
1721
1723
1791
1746
1726
1821
1766
1796
1777
1739
1815
1730
1811
1798
1830
1814
1762
1751
1789
1785
1372
1752
1811
1790
1750
1773
1774
1775
1845
1751
1783
1806
1793
1805
1765
1852
1823
1776
1830
1790
1823
1769
1839
1827
1828
1816
1858
1839
1776
1795
1829
1810
1773
1861
1815
1851
1843
1777
1808
1775
1859
1822
2024
1789
1861
1811
1825
1803
1849
1810
1882
1795
1868
1827
1798
1793
1800
1849
1822
1835
1878
1890
1843
1888
1813
1850
1835
1848
1855
1838
1894
1816
1889
1885
1854
1855
1832
1849
1820
1891
1905
1825
1871
1853
1915
1968
1834
1914
1915
1846
1919
1876
1901
1849
1834
1932
1844
1925
1936
1886
1925
1840
1917
1901
1899
1901
1893
1906
1901
1915
1848
1922
1941
1918
1863
1885
1944
1918
1915
1871
1912
1862
1888
1870
1863
1962
1938
1886
1930
1903
1948
1874
1913
1874
1967
1947
1953
1957
1949
1969
1955
1931
1884
1883
1915
1918
1977
1984
1925
1960
1952
1983
1937
1964
1959
1897
1956
1934
1934
1925
1899
1975
2278
1929
1905
1945
1981
1979
1949
1939
1969
1950
1997
1962
1994
1976
2000
2001
1957
1996
1972
1976
1939
1941
1982
2022
1941
1989
1958
1968
1946
1963
1970
1965
1960
1990
1947
1946
2009
1962
1990
1958
1950
2014
2007
1957
2019
1986
2028
2029
1953
2012
2017
1983
2013
2001
2044
1958
2035
1770
1978
2054
2060
1985
2040
2022
2042
2022
2006
2029
2027
1977
2001
2035
1978
2043
2022
1976
2050
1985
1990
1989
2001
2050
2016
2026
2020
2059
2048
2082
1990
2010
2074
2080
2057
2072
2033
2079
2040
2089
2007
2064
2051
2096
2013
2060
2020
2054
2048
2100
2025
2027
2065
2091
2019
2035
2015
2107
2060
2113
2044
2101
2076
2044
2110
2031
2075
2062
2115
2076
2127
2059
2056
2053
2050
2064
2088
2050
2128
2081
2064
2109
2127
2088
2044
2124
2068
2094
2099
2109
2138
2093
2053
2137
2138
2105
2110
2093
2132
2119
2132
2119
2102
2132
2105
2088
2081
2101
2159
2122
2087
2110
2149
2085
2135
2149
1512
2145
2131
2154
2112
2102
2161
2164
2099
2155
2098
2107
2130
2106
2096
2152
2177
2181
2138
1732
2143
2121
2151
2197
2099
2162
2164
2168
2184
2136
2160
2165
2112
2164
2137
2124
2127
2165
2120
2166
2119
2122
2153
2177
2187
2142
2219
2164
2155
2176
2172
2161
2168
2191
2173
2168
2168
2217
2170
2220
2221
2179
2217
2154
2202
2239
2174
2237
2184
2157
2236
2176
2206
2189
2153
2238
2232
2205
2180
2237
2164
2162
2247
2237
2168
2195
2182
2179
2221
2256
2171
2197
2200
2183
2204
2203
2228
2242
2217
2203
2265
2227
2214
2266
2217
2200
2212
2204
2234
2220
2273
2275
2229
2190
2287
2220
2195
2252
2193
2213
2238
2276
2284
2229
2242
2285
2215
2212
2235
2228
2301
2235
2222
2241
2300
2245
2296
2226
2246
2120
2238
2253
2277
2309
2246
2304
2308
2260
2297
2298
2318
2258
2230
2296
2318
2326
2258
2233
2264
2256
2309
2267
2253
2245
2264
2286
2249
2305
1775
2257
2274
2341
2341
2281
2331
2338
2257
2294
2317
2289
2275
2257
2331
2355
2300
2293
2310
2337
2350
2351
2270
2271
2314
2318
2341
2341
2367
2331
2287
2333
2304
2300
2344
2333
2290
2320
2375
2354
2348
2382
2343
2363
2321
2300
2374
2299
2371
2375
2335
2308
2352
2300
2319
2332
2342
2365
2310
2317
2697
2364
2326
2385
2317
2308
2324
2315
2380
2334
2395
2377
2366
2403
2378
2367
2351
2354
2326
2323
2331
2409
2413
2358
2395
2359
2365
2405
2400
2372
2385
2351
2397
2369
2380
2398
2363
2429
2349
2363
2426
2344
2426
2430
2358
2365
2390
2377
2399
2433
2450
2392
2385
2366
2423
2427
2430
2428
2425
2425
2373
2414
2440
2418
2393
2444
2416
2465
2397
2378
2470
2464
2470
2420
2416
2390
2462
2392
2466
2458
2448
2456
2424
2424
2406
2426
2435
2475
2408
2439
2416
2421
2447
2428
2396
2425
2423
2461
2428
2433
2434
2439
2455
2504
2502
2436
2444
2472
2474
2420
2507
2424
2465
2491
2454
2462
2497
2460
2478
2438
2491
2473
2479
2450
2483
2474
2514
2491
2461
2528
2463
2497
2495
2456
2493
2460
2502
2461
2499
2486
2454
2469
2491
2505
2464
2537
2543
2455
2528
2453
2515
2503
2549
2548
2468
2501
2499
2531
2523
2475
2485
2554
2541
2469
2518
2562
2480
2482
2485
2547
2530
2569
2539
2573
2514
2478
2575
2521
2481
2561
2579
2577
2491
2561
2520
2549
2570
2509
2579
2543
2516
2548
2549
2536
2550
2583
2513
2514
2533
2524
2526
2530
2560
2590
2590
2548
2523
2533
2525
2518
2556
2584
2562
2566
2533
2617
2583
2551
2537
2524
2528
2524
2569
2559
2547
2624
2552
2595
2629
2587
2535
2543
2612
2623
2624
2634
2586
2543
2573
2592
2549
2617
2627
2584
2598
2550
2575
2577
2568
2627
2574
2637
2604
2577
2587
2562
2596
2561
2646
2641
2632
2622
2594
2630
2634
2624
2583
2666
2653
2587
2665
2642
2582
2667
2619
2655
2617
2603
2653
2614
2664
2613
2233
2632
2599
2629
2640
2662
2686
2629
2683
2629
2618
2687
2650
2652
2656
2680
2625
2619
2660
2642
2615
2699
2664
2674
2608
2614
2680
2678
2677
2696
2692
2714
2635
2703
2655
2643
2655
2632
2623
2640
2699
2689
2662
2703
2669
2722
2665
2693
2658
2651
2649
2687
2734
2733
2709
2709
2683
2641
2684
2738
2660
2696
2729
2700
2689
2704
2664
2711
2752
2700
2731
2692
2727
2723
2663
2735
2722
2743
2722
2699
2671
2681
2738
2717
2761
2709
2732
2736
2735
2723
2687
2681
2700
2709
2776
2725
2779
2765
2755
2768
2734
2730
2781
2764
2720
2722
2724
2750
2720
2754
2707
2757
2697
2760
2787
2726
2704
2769
2736
2787
2733
2787
2793
2791
2776
2783
2789
2758
2715
2750
2803
2787
2754
2723
2743
2220
2743
2725
2796
2782
2823
2817
2792
2775
2742
2742
2801
2800
2774
2809
2787
2777
2748
2790
2765
2802
2789
2747
2779
2792
2756
2805
2810
2824
2759
2751
2786
2777
2798
2833
2822
2756
2326
2804
2825
2853
2835
2779
2812
2832
2826
2844
2774
2777
2847
2778
2811
2786
2831
2845
2861
2871
2829
2779
2866
2807
2817
2820
2843
2870
2841
2786
2856
2822
2831
2851
2837
2817
2864
2846
2845
2880
2870
2828
2856
2875
2842
2875
2831
2832
2855
2807
2832
2845
2884
2832
2821
2858
2881
2892
2887
2816
2849
2900
2902
2820
2859
2842
2871
2916
2892
2850
2864
2901
2903
2900
2867
2888
2919
2857
2918
2920
2840
2915
2934
2901
2915
2884
2876
2938
2862
2895
2880
2903
2914
2936
2929
2903
2862
2865
3199
2939
2953
2954
2868
2887
2903
2948
2906
2869
2940
2891
2929
2914
2961
2931
2886
2922
2873
2941
2925
2916
2901
2943
2906
2912
2881
2918
2901
2915
2960
2902
2892
2976
2966
2971
2912
2916
2917
2926
2902
2981
2923
2908
2939
2914
2954
2923
2974
2938
2992
2936
2973
2940
2999
2988
2994
2951
2921
2958
2993
2994
3007
3011
2959
2984
2988
2955
2960
2986
2963
2977
2961
3023
3005
2938
2941
2935
2947
3008
2941
3011
2975
3015
3000
2940
2995
3013
2959
3031
2973
3020
2959
2950
3011
2958
3025
3049
2986
3022
3047
2965
2967
3006
2979
3017
3048
2989
3019
2986
3015
2973
3014
3061
2978
3004
3057
2986
3056
3047
3009
3020
3022
3011
2996
3060
3014
3073
3042
3018
3028
3062
3033
3008
3006
3002
3029
3040
3045
3019
3016
3089
3076
3058
3062
3077
3053
3006
3012
3037
3068
3039
3022
3071
3107
3031
3089
3095
3052
3054
3072
2655
3091
3109
3043
3097
3065
3041
3090
3059
3088
3044
3126
3103
3104
3110
3073
3059
3049
3127
3074
3123
3128
3098
3135
3079
3105
3121
3090
3087
3117
3115
3131
3089
3146
3085
3105
3125
3081
3116
3141
3104
3101
3106
3081
3146
3126
3132
3112
3129
3154
3090
3103
3158
3075
3123
3140
3074
3111
3152
3164
3162
3077
3141
3124
3148
3141
3148
3134
3140
3126
3147
3180
3124
3122
3117
3136
3184
3108
3103
3126
3128
3109
3186
3104
3138
3161
3126
3143
3154
3127
3184
3172
3175
3201
3192
3161
3159
3162
3141
3171
3177
3215
3194
3153
3145
3182
3218
3200
3192
3175
3146
3224
3144
3138
3134
3145
3181
3184
3160
3167
3170
3204
3206
3182
3216
3192
3167
3152
3197
3243
3210
3148
3151
3204
3182
3167
3209
3189
3170
3226
3176
3207
3215
3169
3242
3179
3190
3250
3242
3227
3197
3264
3236
3172
3255
3203
3171
3254
3205
3222
3218
3221
3274
3271
3217
3238
3222
3281
3263
3234
3187
3274
3272
3237
3218
3258
3251
3270
3206
3218
3266
3203
3246
3265
3295
3287
3268
3228
3238
3294
3246
3224
3296
3209
3255
3301
3280
3217
3262
3233
3225
3267
3291
3276
3252
3280
3250
3282
3237
3230
3231
3274
3288
3241
3278
3316
3305
3296
3328
3252
3261
3239
3254
3258
3249
3254
3321
3245
3245
3339
3314
3299
3305
3281
3253
3262
3267
3338
3313
3315
3316
3333
3348
3328
3263
3335
3306
3290
3328
3325
3301
3361
3302
3304
3271
3281
3312
3272
3339
3276
3365
3293
3329
3342
3357
3323
3292
3317
3298
3371
3302
3330
3379
3303
3350
3361
3345
3345
3355
3361
3362
3388
3380
3377
3347
3380
3341
3350
3341
3306
3318
3177
3386
3388
3345
3325
3399
3388
3355
3409
3414
3338
3369
3346
3329
3335
3371
3365
3354
3394
3358
3367
3355
3415
3361
3382
3387
3378
3404
3431
3397
3405
3372
3366
3394
3435
3361
3378
3343
3036
3430
3413
3355
3400
3405
3394
3444
3447
3364
3386
3374
3363
3449
3454
3360
3394
3454
3453
3451
3405
3437
3414
3443
3415
3452
3372
3440
3395
3462
3426
3425
3417
3397
3450
3391
3478
3428
3469
3467
3463
3387
3400
3480
3483
3401
3476
3443
3089
3434
3470
3430
3482
3481
3419
3416
3461
3491
3413
3485
3482
3452
3413
3491
3491
3444
2901
3434
3433
3419
3458
3425
3479
3502
3430
3457
3435
3519
3427
3512
3521
3473
3507
3447
3493
3497
3526
3487
3530
3495
3442
3457
3510
3498
3506
3466
3449
3524
3468
3526
3470
3517
3465
3490
3486
3462
3537
3461
3507
3500
3488
3505
3493
3497
3511
3539
3548
3504
3496
3549
3516
3469
3472
3524
3539
3541
3536
3502
3520
3498
3510
3529
3563
3573
3519
3578
3501
3539
3557
3509
3521
3579
3553
3564
3503
3564
3519
3502
3523
3569
3507
3548
3567
3555
3506
3522
3564
3519
3556
3563
3520
3544
3541
3521
3593
3516
3560
3584
3607
3592
3553
3567
3542
3598
3591
3612
3600
3536
3573
3581
3583
3583
3578
3529
3571
3605
3807
3582
3601
3602
3588
3558
3580
3605
3612
3562
3612
3573
3616
3575
3574
3597
3597
3598
3617
3583
3584
3569
3607
3586
3573
3613
3562
3623
3559
3605
3565
3631
3653
3584
3579
3633
3663
3577
3626
3635
3593
3654
3649
3631
3668
3609
3578
3629
3656
3634
3663
3663
3647
3606
3606
3647
3598
3609
3650
3661
3627
3623
3593
3630
3606
3660
3624
3644
3679
3690
3632
3660
3636
3675
3620
3654
3668
3691
3636
3709
3691
3635
3675
3661
3710
3696
3653
3680
3626
3657
3688
3666
3647
3643
3668
3648
3641
3666
3654
3673
3704
3681
3732
3686
3670
3720
3708
3717
3658
3700
3674
3669
3729
3730
3645
3705
4019
3730
3719
3694
3740
3686
3707
3712
3728
3717
3754
3744
3692
3747
3678
3751
3704
3664
3707
3705
3751
3749
3703
3696
3734
3726
3756
3713
3694
3746
3726
3743
3721
3761
3706
3753
3701
3749
3931
3759
3742
3707
3722
3771
3777
3692
3772
3783
3740
3760
3789
3715
3769
3773
3760
3795
3794
3751
3771
3729
3767
3719
3491
3754
3727
3810
3717
3765
3733
3797
3721
3789
3783
3781
3740
3814
3792
3747
3792
3725
3773
3741
3800
3774
3780
3802
3790
3825
3742
3823
3835
3816
3823
3750
3819
3772
3756
3802
3762
3841
3833
3754
3797
3778
3812
3754
3824
3830
3754
3851
3758
3785
3847
3823
3860
3855
3832
3816
3784
3837
3822
3854
3843
3816
3827
3848
3860
3805
3864
3849
3846
3820
3825
3861
3872
3846
3786
3807
3810
3884
3827
3854
3865
3848
3826
3803
3816
3881
3879
3829
3632
3834
3852
3849
3862
3812
3869
3898
3843
3860
3894
3864
3853
3907
3863
3839
3865
3864
3896
3883
3910
3881
3741
3819
3897
3825
3879
3880
3878
3877
3829
3855
3920
3846
3890
3870
3913
3861
3862
3923
3850
3851
3839
3892
3883
3919
3880
3909
3934
3853
3917
3848
3907
3880
3925
3863
3857
3944
3919
3898
3918
3910
3909
3923
3864
3961
3914
3926
3933
3889
3966
3888
3907
3937
3925
3944
3877
3877
3889
3903
3931
3907
3956
3930
3948
3888
3894
3914
3942
3911
3984
3919
3925
3903
3915
3902
3925
3916
3966
3926
3956
3986
3998
3905
3933
3949
3919
3968
3994
3988
3981
3964
3988
3949
3936
3924
3976
3971
3995
3932
3965
3981
3957
3943
3949
3952
4141
4005
3988
4020
3959
3937
4001
3942
4001
3941
4008
3944
3978
4004
4014
3990
4030
4013
4033
3963
4005
3970
3992
4031
4008
4030
4045
3975
4000
3961
3975
3924
4014
3972
3987
4051
4004
4049
4011
3974
3966
4062
4001
4027
3978
4063
3981
3974
4007
3993
4064
4027
4057
4061
4032
4065
4077
4015
4042
4070
4081
4066
3991
4006
4027
4034
4023
4067
4035
4041
4047
4055
4004
4029
4015
4025
4010
4037
4033
4047
4044
4071
4027
4035
4099
4100
4026
4014
4014
4076
4085
4020
4107
4038
4034
4057
4052
4090
4041
4048
4092
4033
4047
4113
4044
4061
4029
4056
4055
4042
4116
4123
4115
4057
4118
4067
4054
4130
4091
4090
4085
4115
4080
4125
4054
4145
4131
4110
4051
4077
4074
4119
4148
4118
4148
4105
4150
4089
4159
4078
4162
4154
4076
4149
4117
4076
4104
4116
4075
4140
4109
4156
4134
4168
4175
4143
4148
4178
4134
4157
4152
4129
4155
4182
4167
4172
4108
4106
4160
4121
4162
4154
4106
4104
4101
4108
4159
4158
4148
4108
4197
4049
4137
4159
4127
4204
4208
4120
4165
4176
4125
4147
4191
4157
4182
4146
4199
4154
4184
4204
4145
4220
4180
4192
4204
4192
4215
4218
4161
4148
4221
4172
4160
4155
4198
4224
4228
4224
4203
4202
4149
4219
4166
4216
4150
4233
4240
4155
4165
4174
4176
4194
4163
4186
4172
4248
4223
4173
4188
3786
4168
4198
4235
4238
4205
4226
4172
4221
4242
4187
4173
4174
4249
4272
4220
4250
4263
4187
4235
4259
4210
4249
4196
4225
4207
4285
4237
4277
4197
4267
4280
4228
4223
4260
4212
4246
4232
4258
4258
4229
4269
4245
4253
4218
4242
4270
4303
4228
4257
4278
4299
4282
4303
4237
4304
4276
4317
4220
4253
4230
4265
4313
4272
4264
4322
4312
4233
4327
4252
4232
4239
4208
4260
4250
4292
4241
4255
4267
4296
4284
4283
4263
4252
4280
4253
4258
4300
4310
4273
4255
4306
4284
4337
4268
4264
4318
4324
4317
4331
4338
4276
4314
4280
4344
4297
4299
4357
4322
4362
4309
4282
4372
4287
4283
4279
4293
4301
4282
4334
4358
4377
4380
4368
4322
4334
4372
4309
4323
4374
4309
4326
4346
4342
4305
4356
4312
4339
4335
4363
4315
4370
4321
4367
4350
4330
4334
4372
4404
4392
4372
4374
4382
4342
4390
4352
4345
4415
4342
4362
4399
4362
4350
4417
4404
4398
4397
4420
4377
4030
4367
4394
4414
4375
4401
4430
4374
4414
4427
4438
4375
4388
4358
4365
4355
4372
4385
4398
4432
4391
4414
4430
4366
4445
4433
4437
4411
4426
4398
4367
4414
4399
4439
4404
4405
4409
4419
4400
4427
4410
4467
4424
4399
4377
4389
4440
4461
4432
4435
4387
4400
4384
4425
4426
4415
4403
4479
4400
4398
4442
4475
4456
4462
4453
4417
4452
4406
4489
4418
4479
4474
4467
4406
4451
4498
4472
4414
4459
4473
4476
4442
4450
4441
4431
4507
4420
4429
4420
4444
4479
4463
4509
4512
4499
4463
4517
4441
4519
4442
4449
4508
4435
4520
4520
4480
4516
4533
4468
4497
4472
4465
4470
4489
4528
4486
4544
4532
4478
4492
4507
4477
4540
4479
4500
4547
4457
4536
4473
4528
4513
4461
4503
4540
4538
4486
4562
4523
4546
4471
4553
4495
4302
4516
4528
4541
4511
4574
4483
4480
4480
4537
4508
4555
4538
4541
4557
4565
4587
4520
4529
4534
4527
4564
4568
4586
4565
4524
4578
4570
4524
4586
4559
4504
4597
4587
4526
4588
4518
4524
4599
4540
4550
4547
4596
4523
4555
4537
4581
4563
4572
4598
4529
4622
4592
4553
4576
4581
4600
4541
4611
4599
4572
4546
4552
4615
4625
4601
4630
4553
4618
4612
4578
4558
4591
4643
4591
4619
4630
4641
4555
4624
4638
4619
4603
4638
4594
4606
4656
4622
4576
4588
4609
4650
4599
4616
4614
4633
4630
4580
4663
4666
4622
4640
4635
4649
4649
4611
4641
4584
4657
4649
4675
4609
4628
4673
4660
4614
4683
4675
4614
4594
4687
4691
4631
4635
4675
4631
4614
4640
4681
4615
4613
4647
4679
4692
4612
4704
4653
4694
4655
4652
4687
4070
4699
4707
4628
4633
4645
4650
4622
4672
4703
4677
4635
4688
4676
4656
4649
4641
4677
4688
4689
4684
4641
4666
4685
4686
4697
4669
4656
4697
4741
4702
4672
4724
4666
4739
4661
4718
4678
4681
4724
4749
4727
4717
4723
4738
4736
4710
4721
4735
4695
4728
4762
4667
4684
4766
4762
4718
4723
4697
4691
4746
4754
4773
4733
4712
4680
4748
4716
4765
4708
4769
4731
4748
4747
4777
4711
4696
4754
4751
4786
4771
4714
4791
4780
4788
4725
4705
4736
4714
4783
4760
4803
4778
4762
4759
4749
4755
4785
4729
4809
4771
4741
4810
4791
4755
4799
4729
4766
4722
4785
4765
4756
4776
4821
4771
4822
4755
4772
4733
4746
4773
4791
4790
4801
4771
4833
4749
4769
4793
4775
4804
4843
4814
4777
4763
4832
4750
4776
4771
4764
4835
4814
4853
4844
4842
4815
4832
4847
4775
4775
4775
4823
4843
4818
4807
4837
4828
4833
4781
4863
4819
4781
4787
4778
4832
4876
4806
4817
4833
4852
4794
4877
4830
4796
4798
4840
4813
4853
4838
4884
4838
4822
4883
4882
4824
4856
4824
4897
4866
4873
4805
4838
4899
4879
4671
4839
4825
4874
4862
4834
4882
4894
4858
4836
4885
4881
4899
4908
4841
5023
4898
4854
4921
4871
4857
4922
4863
4902
4897
4918
4872
4861
4934
4907
4885
4926
4907
4867
4888
4849
4851
4901
4907
4847
4946
4935
4909
4883
4878
4894
4944
4937
4899
4882
4933
4939
4860
4930
4919
4905
4875
4935
4949
4938
4903
4960
4943
4952
4877
4863
4940
4927
4891
4961
4903
4956
4880
4905
4945
4942
4968
4894
4899
4895
4936
4895
4941
4979
4968
4903
4938
4980
4971
4951
4946
4953
4961
4908
4908
4928
4924
4977
4994
4960
4912
4930
4919
4958
4946
4985
4917
5011
4935
4919
4974
4968
4959
4931
4923
4973
5008
4995
4960
4985
5008
5008
4949
4973
5026
4997
4943
4937
4977
4996
4953
4941
5002
4958
4991
5007
4954
4963
5038
4982
5001
4952
5014
5036
5000
5038
4971
4968
5025
4980
5027
4968
5006
4961
5005
5025
5014
5025
4998
5045
5035
4991
5059
4997
4999
5066
5066
5072
5033
5043
4996
5026
5063
4998
5029
5026
5054
5016
5015
5035
5028
5005
4993
5049
5032
5046
5029
5065
5031
5018
5093
5043
5002
5016
5030
4676
5094
5039
5072
5092
5011
5294
5017
5027
5012
5072
5024
5015
5050
5076
5036
5069
5108
5066
5105
5119
5040
5095
5050
5067
5090
5028
5056
5117
5040
5070
5090
5105
5037
5117
5123
5109
5117
5111
5128
5071
5135
5113
5102
5048
5103
5117
5142
5096
5114
5139
5088
5145
5146
5130
5119
5123
5137
5117
5076
5160
5139
5095
5079
5108
5138
5149
5115
5108
5099
5099
5114
5142
5145
5085
5115
5154
5117
5159
5101
5100
5125
5115
5155
5170
5150
5127
5103
5160
5170
5144
5154
5111
5194
5179
5123
5186
5185
5180
5194
5127
5177
5202
5157
5128
5125
5183
5134
5148
5185
5187
5167
5116
5199
5205
5186
5147
5201
5152
5200
5164
5193
5147
5178
5203
5183
5227
5156
5183
5136
5203
5154
5136
5203
5150
5198
5158
5150
5202
5195
5223
5162
5230
5147
5199
5182
5222
5208
5209
5207
5211
5168
5213
5237
5254
5166
5193
5181
5243
5230
5169
5251
5238
5263
5198
5251
5245
5261
5190
5210
5188
5220
5236
5272
5185
5189
5231
5276
5253
5262
5214
5211
5210
5284
5194
5203
5196
5286
5227
5271
5287
5205
5211
5284
5202
5254
5215
5200
5220
5274
5285
5238
5217
5215
5253
5239
5303
5232
5293
5309
5255
5214
5244
5312
5312
5307
5261
5262
5294
5237
5262
5280
5283
5270
5308
5293
5325
5238
5287
5248
5324
5290
5320
5284
5259
5321
5288
5319
5271
5281
5255
5307
5275
5322
5275
5260
5303
5337
5340
5284
5299
5293
5284
5278
5287
5286
5339
5347
5278
5321
5298
5291
5310
5288
5337
5274
5284
5360
5274
5277
5299
5346
5370
5355
5291
5323
5340
5284
5300
5348
5374
5364
5379
5381
5347
5324
5299
5356
5379
5351
5330
5360
5329
5307
5356
5334
5306
5394
5385
5317
5385
5321
5347
5336
5356
5333
5330
5342
5312
5313
5358
5343
5378
5360
5329
5356
5380
5348
5334
5379
5388
5421
5332
5352
5356
5339
5328
5343
5428
5405
5339
5424
5408
5371
5397
5407
5421
5380
5380
5414
5358
5420
5370
5395
5364
5358
5386
5374
5398
5375
5365
5369
5375
5373
5398
5374
5425
5397
5432
5409
5382
5422
5407
5451
5462
5386
5447
5415
5393
5399
5429
5393
5400
5385
5471
5378
5450
5199
5441
5428
5394
5434
5428
5408
5482
5444
5461
5412
5463
5427
5434
5440
5463
5448
5495
5486
5462
5454
5468
5426
5436
5447
5407
5468
5466
5443
5463
5507
5507
5499
5414
5473
5438
5500
5427
5516
5459
5438
5446
5488
5444
5439
5504
5684
5524
5474
5520
5505
5460
5525
5493
5457
5278
5522
5475
5478
5495
5456
5442
5502
5454
5487
5456
5524
5448
5535
5475
5503
5484
5494
5466
5491
5505
5470
5505
5484
5512
5485
5473
5547
5552
5485
5465
5468
5494
5468
5500
5518
5482
5536
5478
5558
5562
5559
5499
5509
5573
5535
5494
5502
5514
5577
5543
5531
5501
5520
5563
5497
5566
5512
5576
5509
5540
5496
5541
5540
5552
5538
5536
5599
5506
5503
5541
5553
5540
5531
5585
5545
5562
5568
5564
5566
5539
5717
5568
5590
5529
5587
5556
5533
5579
5611
5617
5526
5562
5591
5611
5608
5595
5581
5608
5605
5569
5628
5618
5572
5631
5579
5602
5621
5611
5596
5615
5582
5592
5555
5557
5634
5612
5589
5645
5580
5609
5571
5650
5613
5656
5645
5626
5659
5566
5619
5586
5661
5597
5614
5652
5643
5599
5659
5623
5659
5672
5643
5603
5596
5635
5677
5640
5673
5676
5583
5611
5659
5654
5612
5630
5656
5689
5618
5676
5673
5684
5636
5632
5664
5646
5676
5631
5631
5626
5687
5626
5702
5642
5701
5613
5675
5645
5684
5710
5618
5442
5622
5673
5681
5690
5695
5621
5661
5664
5629
5668
5705
5652
5627
5680
5657
5643
5636
5643
5680
5675
5675
5643
5687
5715
5676
5681
5726
5689
5673
5680
5677
5677
5739
5672
5696
5731
5658
5730
5740
5712
5716
5657
5698
5751
5702
5746
5714
5699
5729
5717
5683
5682
5713
5677
5763
5675
5710
5740
5717
5773
5725
5686
5699
5775
5699
5712
5729
5704
5715
5739
5758
5782
5710
5768
5697
5753
5712
5790
5749
5790
5765
5737
5791
5760
5766
5795
5801
5715
5739
5802
5744
5739
5755
5722
5731
5809
5722
6090
5727
5730
5782
5767
5782
5802
5781
5749
5738
5815
5818
5784
5805
5826
5763
5811
5789
5829
5760
5749
5791
5823
5827
5751
5738
5815
5802
5813
5776
5760
5755
5830
5787
5748
5786
5794
5832
5805
5823
5839
5817
5783
5849
5844
5769
5798
5832
5830
5790
5799
5839
5817
5829
5808
5852
5800
5868
5828
5865
5839
5784
5803
5831
5784
5864
5841
5836
5795
5952
5880
5790
5856
5823
5871
5861
5864
5805
5830
5868
5879
5833
5853
5862
5871
5804
5872
5888
5891
5831
5814
5856
5829
5808
5886
5819
5865
5811
5892
5833
5906
5902
5851
5824
5844
5893
5862
5900
5895
5913
5874
5917
5875
5844
5898
5896
5874
5851
5857
5914
5891
5864
5896
5886
5899
5892
5844
5881
5933
5867
5901
5875
5892
5926
5847
5884
5909
5904
5862
5873
5887
5873
5888
5867
5950
5859
5924
5931
5942
5886
5911
5916
5905
5925
5949
5934
5914
5896
5964
5901
5880
5958
5905
5935
5959
5892
5942
5974
5935
5942
5904
5954
5934
5927
5909
5961
5985
5933
5952
5953
5941
5674
5955
5916
5912
5936
5971
5997
5945
5960
5962
5949
5951
5954
5936
5991
5943
5909
5913
5992
5966
5953
5995
6012
5918
5930
5978
5999
5988
5968
5457
5969
6016
6267
5970
6009
6300
6027
6017
5948
6017
6025
5958
5983
5942
5989
5948
5665
5984
5984
6002
5996
6038
5975
5955
6023
5998
6021
5997
6008
6040
5988
6000
5996
6009
6049
5969
6011
6034
5991
6029
6055
5966
6046
6043
5970
5975
6052
6064
5997
6034
5973
6067
6045
6051
6036
6069
5993
6037
5995
6024
6049
5997
6007
5993
6055
6025
6059
6005
6041
6079
6032
6047
6069
6051
6023
6097
6023
6012
6001
6067
6038
6102
6026
6106
6106
6105
6034
6034
6066
6098
6071
6041
6040
6020
6079
6101
6034
6118
6095
6071
6059
6060
6078
6061
6046
6042
6101
6047
6087
6115
6123
6121
6081
6109
6122
6096
6048
6113
6126
6130
6122
6101
6087
6059
6067
6145
6066
6114
6137
6072
6074
6069
6110
6130
6123
6158
6074
6105
6161
6092
6136
6127
6139
6109
6100
6084
6166
6082
6125
6112
6103
6123
6137
6127
6132
6083
6106
6089
6083
6139
6099
6140
6101
6177
6095
6123
6100
6096
6162
6160
6137
6102
6175
6187
6171
6197
6144
6155
6177
6118
6124
6108
6107
6120
6141
6200
6193
6158
6149
6151
6481
6121
6204
6147
6179
6164
6183
6121
6192
6133
6168
6140
6213
6142
6190
6223
6149
6173
6199
6209
6179
6150
6181
6172
6154
5834
6192
6155
6181
6210
6210
6224
6191
6170
6218
6246
6190
6249
6183
6201
6182
6176
6200
6193
6232
6216
6165
6184
6230
6177
6207
6234
6175
6259
6257
6251
6173
6237
6188
6257
6214
6237
6227
6180
6246
6242
6276
6253
6188
6259
6215
6207
6238
6199
6212
6236
6263
6256
6197
6231
6278
6201
6255
6249
6289
6211
6217
6297
6224
6220
6275
6274
6263
6269
6286
6257
6224
6302
6227
6299
6269
6225
6312
6311
6231
6233
6257
6255
6260
6274
6275
6260
6275
6250
6250
6312
6263
6232
6290
6269
6319
6239
6263
6306
6240
6254
6250
6334
6339
6337
6264
6276
6322
6280
6325
6341
6302
6556
6321
6275
6011
6299
6330
6270
6341
6323
6335
6329
6342
6301
6320
6285
6346
6357
6351
6325
6314
6363
6294
6311
6287
6275
6286
6280
6356
6329
6289
6302
6286
6347
6358
6382
6327
6368
6363
6301
6336
6351
6371
6380
6356
6351
6355
6352
6352
6395
6385
6310
6316
6316
6365
6338
6353
6320
6380
6322
6322
6312
6380
6316
6365
6408
6317
6357
6393
6397
6398
6381
6414
6340
6390
6335
6382
6369
6337
6424
6402
6344
6349
6392
6386
6418
6414
6354
6353
6425
6415
6427
6361
6401
6372
6379
6381
6414
6351
6353
6409
6427
6379
6408
6390
6380
6416
6362
6445
6363
6411
6456
6412
6432
6385
6431
6398
6446
6392
6457
6378
6405
6437
6377
6449
6404
6425
6457
6444
6396
6454
6473
6478
6387
6399
6438
6429
6481
6485
6474
6428
6441
6434
6415
6419
6400
6418
6487
6401
6482
6459
6401
6407
6438
6413
6496
6425
6461
6446
6433
6445
6462
6505
6450
6475
6478
6416
6419
6435
6429
6446
6458
6511
6479
6476
6499
6436
6459
6517
6456
6513
6455
6490
6471
6463
6480
6497
6496
6504
6488
6499
6449
6447
6490
6516
6464
6479
6495
6523
6492
6540
6544
6500
6544
6519
6465
6507
6499
6719
6485
6466
6539
6538
6471
6559
6502
6482
6546
6566
6516
6492
6532
6515
6557
6516
6488
6513
6529
6556
6542
6562
6530
6512
6581
6494
6570
6543
6547
6528
6512
6547
6500
6521
6540
6561
6591
6572
6524
6537
6564
6548
6522
6571
6517
6580
6527
6566
6546
6532
6585
6568
6565
6564
6565
6596
6527
6602
6546
6545
6582
6583
6536
6562
6530
6588
6564
6543
6619
6604
6608
6597
6552
6602
6576
6544
6535
6617
6592
6602
6608
6547
6639
6542
6598
6615
6567
6585
6574
6622
6582
6616
6619
6611
6605
6651
6641
6648
6638
6644
6631
6612
6621
6632
6632
6588
6568
6637
6570
6576
6626
6645
6656
6587
6619
6642
6588
6657
6857
6637
6676
6638
6598
6653
6642
6591
6619
6631
6086
6687
6617
6604
6611
6614
6597
6677
6664
6605
6687
6682
6668
6636
6644
6659
6606
6675
6656
6649
6639
6616
6615
6616
6695
6675
6667
6634
6696
6649
6715
6689
6648
6666
6653
6660
6664
6681
6667
6698
6668
6707
6668
6676
6662
6717
6716
6637
6524
6644
6654
6664
6707
6699
6684
6704
6690
6644
6703
6713
6682
6745
6653
6749
6711
6679
6715
6702
6656
6715
6677
6733
6660
6668
6682
6754
6667
6746
6712
6676
6713
6705
6766
6691
6695
6692
6676
6740
6765
6690
6761
6717
6775
6684
6760
6755
6745
6756
6746
6727
6699
6747
6722
6700
6784
6720
6777
6783
6780
6751
6772
6776
6723
6762
6777
6717
6747
6747
6779
6713
6806
6775
6728
6802
6727
6799
6735
6767
6732
6775
6726
6732
6719
6722
6767
6756
6797
6769
6738
6781
6762
6774
6816
6789
6795
6732
6818
6814
6756
6493
6808
6827
6803
6834
6812
6779
6789
6748
6801
6788
6811
6812
6790
6776
6817
6799
6808
6757
6853
6837
6765
6777
6799
6846
6832
6828
6817
6800
6848
6862
6803
6785
6853
6866
6790
6848
6791
6830
6863
6864
6781
6800
6836
6848
6863
6835
6815
6829
6798
6834
6820
6869
6817
6812
6835
6880
6822
6826
6858
6818
6845
6808
6813
6846
6833
6811
6844
6813
6807
6821
6904
6850
6896
6833
6824
6847
6828
6913
6816
6835
6909
6894
6859
6865
6870
6881
6871
6899
6916
6893
6882
6891
6900
6849
6860
6928
6867
6880
6890
6927
6872
6906
6915
6904
6909
6868
6890
6941
6870
6858
6846
6886
6886
6924
6900
6939
6926
6891
6887
6947
6870
6911
6947
6952
6871
6954
6952
6877
6876
6915
6875
6927
6965
6935
6965
6907
6942
6942
6973
6939
6959
6914
6932
6978
6958
6925
6927
6957
6959
6899
6914
6961
6892
6914
6979
6981
6979
6965
6994
6961
6953
6962
6952
6902
6971
6961
6967
6990
6970
6922
6928
7001
6964
6981
6984
6931
6972
7005
6971
6956
6934
6958
6927
6925
7007
6936
6943
6964
6976
6991
7004
7011
6952
6991
6997
6962
7004
7019
6956
6941
6988
6988
6943
6999
6965
6950
6971
6981
6958
7000
7019
7003
6954
7024
6990
7044
6952
7031
7033
6997
7050
6973
7032
6979
6960
6988
7028
6983
6975
6967
6994
6993
7035
7066
6981
7033
7052
7006
7008
6983
7057
7049
7001
7028
7070
7021
7064
7028
6999
7058
7068
7026
7030
7084
7067
7063
7072
7019
7075
7007
7047
7021
7013
7043
7087
7091
7039
7092
7082
7012
7085
7018
7077
7029
7084
7082
7026
7107
7015
7109
7080
7079
7071
7102
7021
7065
7042
7120
7103
7030
7091
7093
7048
7066
7088
7037
7054
7077
7075
7071
7119
7074
7063
7097
7131
7071
7138
7046
7084
7052
7118
7065
7129
7145
7112
7072
7095
7103
7091
7138
7076
7105
7087
7125
7123
7098
7117
7152
7108
7111
7126
7132
7111
7114
7126
7112
7126
7147
7113
7121
7133
7120
7176
7099
7123
7161
7122
7151
7111
7109
7109
7229
7119
7133
7120
7131
7170
7137
7171
7133
7107
7172
7168
7149
7110
7193
7143
7121
7113
7144
7119
7175
7122
7146
7128
7205
7120
7209
7199
7199
7159
7208
7158
7207
7152
7158
7132
7212
7210
7212
7212
7159
7204
7135
7223
7208
7178
7187
7168
7195
7177
7144
7230
7203
7229
7190
7227
7169
7180
7203
7165
7200
7247
7179
7197
7173
7215
7192
7237
7219
7226
7231
7208
7215
7202
7208
7189
7248
7190
7260
7171
7194
7220
7173
7222
7198
7263
7178
7272
7273
7274
7214
7262
7270
7184
7225
7239
7259
7231
7197
7246
7274
7251
7284
7275
7288
7204
7246
7208
7205
7236
7220
7296
7225
7289
7229
7237
7267
7251
7272
7305
7260
7301
7288
7292
7242
7283
7296
7218
7287
7278
7315
7289
7299
7224
7271
7278
7319
7320
7310
7227
7313
7315
7280
7255
7262
7306
7250
7315
7321
7265
7259
7245
7240
7274
7243
7248
7278
7249
7292
7286
7312
7304
7283
7266
7330
7275
7299
7319
7336
7290
7275
7272
7285
7315
7343
7301
7303
7302
7357
7363
7331
7332
7360
7316
7366
7281
7283
7305
7369
7360
7297
7177
7282
7302
7318
7363
7296
7365
7336
7305
7382
7333
7325
7312
7374
7344
7322
7296
7365
7382
7337
7341
7342
7352
7396
7323
7367
7381
7391
7369
7319
7363
7373
7341
7321
7397
7322
7397
7371
7331
7376
7384
7347
7371
7415
7417
7401
7335
7402
7404
7356
7391
7412
7422
7386
7360
7386
7353
7356
7355
7428
7422
7394
7362
7341
7422
7349
7436
7382
7420
7395
7401
7423
7418
7391
7447
7452
7442
7413
7431
7381
7421
7454
7406
7374
7449
7397
7398
7458
7401
7387
7460
7395
7461
7398
7393
7435
7444
7409
7455
7475
7390
7427
7392
7389
7404
7384
7478
7427
7450
7454
7461
7429
7470
7491
7421
7450
7457
7438
7478
7485
7418
7434
7438
7429
7477
7470
7426
7500
7473
7486
7425
7492
7456
7477
7457
7482
7509
7482
7510
7423
7478
7457
7494
7472
7453
7465
7506
7498
7473
7511
7483
7494
7482
7496
7530
7517
7487
7471
7463
7470
7499
7539
7484
7463
7444
7448
7538
7531
7492
7532
7544
7523
7516
7542
7472
7521
7498
7501
7469
7502
7552
7481
7520
7547
7560
7553
7529
7479
7521
7557
7483
7510
7518
7568
7478
7550
7555
7527
7527
7576
7553
7534
7503
7486
7559
7563
7582
7494
7556
7551
7575
7574
7519
7533
7501
7514
7517
7585
7572
7584
7535
7531
7505
7521
7528
7540
7567
7520
7549
7593
7582
7513
7565
7578
7538
7515
7600
7548
7550
7518
7609
7615
7591
7563
7614
7605
7572
7610
7585
7535
7585
7563
7534
7577
7538
7617
7567
7617
7617
7619
7586
7576
7629
7577
7618
7624
7611
7615
7607
7591
7600
7625
7647
7592
7641
7607
7574
7566
7571
7627
7602
7639
7573
7582
7588
7657
7589
7593
7626
7624
7580
7573
7634
7588
7649
7662
7645
7664
7651
7670
7661
7581
7604
7639
7657
7654
7645
7621
7663
7661
7634
7657
7626
7687
7605
7656
7664
7670
7677
7681
7691
7646
7694
7682
7615
7676
7641
7660
7676
7703
7656
7629
7694
7615
7654
7685
7656
7671
7658
7665
7643
7670
7643
7680
7699
7637
7686
7655
7655
7697
7630
7721
7703
7724
7694
7713
7684
7646
7707
7723
7701
7676
7738
7700
7711
7680
7716
7720
7739
7707
7648
7726
7713
7740
7659
7744
7676
7724
7727
7719
7851
7739
7670
7745
7692
7699
7724
7739
7726
7766
7706
7717
7750
7733
7733
7680
7743
7749
7483
7754
7741
7740
7760
7780
7765
7726
7702
7690
7714
7758
7717
7781
7725
7716
7774
7721
7707
7747
7729
7777
7739
7728
7781
7713
7715
7760
7719
7707
7781
7775
7787
7785
7808
7746
7770
7748
7784
7800
7773
7782
7753
7737
7751
7760
7814
7812
7726
7749
7770
7795
7806
7742
7756
7738
7811
7752
7827
7767
7789
7796
7822
7766
7819
7804
7784
7788
7806
7833
7767
7759
7802
7826
7829
7798
7831
7771
7770
7765
7817
7762
7787
7761
7831
7816
7855
7833
7805
7276
7804
7833
7844
7855
7823
7828
7776
7725
7866
7791
7809
7869
7841
7848
7827
7815
7851
7856
7858
7840
7855
7805
7799
7846
7833
7835
7811
7836
7831
7874
7893
7800
7815
7846
7891
7845
7878
7871
7848
7853
7812
7839
7880
7883
7891
7909
7814
7874
7894
7836
7864
7896
7852
7847
7826
7879
7885
7923
7868
7905
7908
7890
7831
7894
7918
7852
7890
7835
7840
7931
7883
7854
7925
7931
7935
7899
7892
7887
7847
7937
7905
7932
7879
7880
7865
7874
7877
7937
7943
7925
7862
7894
7895
7875
7897
7883
7947
7876
7879
7902
7957
7892
7924
7933
7924
7936
7879
7890
7883
7952
7877
7939
7898
7942
7960
7900
7931
7953
7926
7915
7925
7937
7930
7901
7929
7895
7968
7916
7931
7990
7937
7976
7976
7940
7989
7936
7949
7993
7993
7971
7944
7933
7948
7972
7989
7990
7920
7995
7956
7970
7963
7921
7966
8017
7943
8004
7976
7985
7936
7374
7971
7956
8022
8008
7942
7981
8020
7962
8018
8023
7953
7975
8002
8003
7958
7946
7963
8001
8000
7957
8000
8010
7977
7967
8033
8046
8033
8036
7973
7987
8005
8053
8011
7962
7992
7975
7985
7965
8048
8055
8018
8047
8037
8060
8023
8070
7981
8051
8068
7992
8039
8023
8073
8056
7980
8023
8025
8079
7996
8032
7994
8080
7992
8004
8032
8088
7441
8078
8040
7996
8068
8024
8085
8020
8055
8033
8086
8030
8057
8090
8039
8062
8044
8080
8011
8101
8087
8097
8083
8016
8083
8026
8067
8111
8030
8115
8065
8037
8084
8052
8045
8084
8061
8123
8051
8112
8057
8060
8070
8075
8062
8057
8083
8129
8097
8131
8058
8071
8136
8088
8061
8145
8054
8124
8073
8098
8079
8142
8152
8063
8140
8068
8132
8129
8066
8124
8110
8146
8104
8145
8082
8080
8116
8095
8083
8078
8139
8163
8101
8143
8169
8103
8176
8163
8130
8171
8121
8177
8139
8160
8089
8186
8128
8097
8178
8182
8149
8107
8099
8126
8111
8179
8145
8193
8170
8161
8200
8171
8132
8203
8170
8133
8140
8120
8193
8157
8140
8190
8123
8204
8159
8216
8145
8187
8197
8187
8185
8202
8131
8152
8196
8144
8172
8204
8209
8183
8195
8230
8183
8204
8235
8224
8209
8212
8229
8151
8187
8238
8230
8238
8210
8163
8204
8231
8176
8232
8167
8181
7676
8185
8161
8196
8207
8227
8252
8203
8206
8245
8242
8234
8184
8247
8185
8185
8227
8208
8254
8180
8215
8208
8227
8216
8196
8223
8212
8244
8258
8249
8257
8244
8252
8231
8276
8221
8192
8210
8200
8256
8254
8215
8234
8197
8288
8217
8209
8230
8267
8286
8228
8290
8286
8286
8307
8251
8270
8278
8262
8274
8283
8232
8223
8223
8240
8257
8263
8224
8275
8266
8260
8300
8302
8239
8272
8251
8245
8267
8313
8282
8334
8282
8245
8275
8325
8338
8331
8257
8263
8337
8340
8325
8258
8282
8289
8268
8260
7941
8261
8325
8287
8265
8316
8345
8353
8297
8302
8321
8362
8347
8357
8355
8354
8299
8304
8302
8319
8315
8327
8371
8336
8374
8359
8348
8316
8299
8290
8326
8295
8379
8327
8375
8312
8363
8371
8338
8348
8361
8351
8343
8296
8346
8329
8357
8379
8395
8307
8394
8304
7893
8320
8307
8359
8310
8335
8384
8345
8335
8335
8331
8390
8316
8333
8408
8407
8338
8404
8343
8356
8332
8366
8345
8410
7757
8418
8418
8348
8363
8358
8336
8335
8394
8411
8345
8414
8375
8389
8436
8387
8358
8416
8381
8364
8390
8446
8441
8439
8379
8391
8400
8442
8374
8426
8418
8382
8419
8234
8378
8377
8422
8405
8452
8455
8376
8407
8376
8382
8465
8449
8408
8444
8398
8419
8458
8382
8474
8450
8413
8444
8424
8462
8473
8423
8442
8416
8462
8457
8396
8402
8478
8404
8417
8397
8438
8495
8416
8471
8484
8446
8496
8419
8430
8412
8409
8459
8421
8436
8428
8473
8512
8448
8421
8476
8467
8476
8465
8506
8501
8444
8514
8507
8454
8426
8512
8644
8452
8447
8512
8606
8525
8474
8444
8519
8438
8453
8452
8467
8467
8456
8457
8536
8538
8509
8498
8528
8482
8493
8458
8534
8551
8464
8491
8521
8518
8499
8460
8472
8531
8530
8557
8529
8547
8563
8473
8529
8518
8484
8501
8526
8537
8558
8500
8516
8498
8493
8546
8484
8575
8502
8502
8502
8561
8517
8568
8510
8560
8577
8561
8561
8586
8548
8535
8544
8584
8591
8505
8512
8551
8550
8597
8546
8506
8583
8564
8546
8537
8511
8605
8574
8570
8568
8565
8579
8522
8557
8537
8536
8549
8621
8536
8544
8525
8605
8615
8599
8532
8564
8616
8572
8568
8598
8587
8603
8554
8595
8541
8629
8631
8633
8595
8582
8562
8625
8623
8614
8591
8622
8560
8638
8636
8628
8563
8589
8614
8632
8625
8577
8594
8648
8649
8631
8571
8652
8595
8624
8588
8581
8589
8585
8666
8596
8599
8595
8004
8658
8660
8583
8648
8667
8590
8660
8650
8679
8672
8599
8687
8668
8628
8619
8630
8640
8610
8959
8661
8695
8630
8667
8698
8680
8624
8628
8660
8636
8675
8664
8706
8693
8630
8669
8680
8648
8624
8632
8629
8686
8707
8622
8706
8715
8684
8668
8704
8673
8673
8642
8712
8714
8648
8677
8713
8667
8696
8728
8718
8699
8658
8666
8715
8670
8655
8727
8646
8665
8679
8710
8671
8681
8746
8703
8750
8724
8709
8673
8752
8734
8688
8696
8716
8695
8699
8725
8758
8704
8732
8684
8711
8768
8696
8770
8722
8719
8708
8730
8761
8686
8715
8772
8722
8701
8781
8697
8715
8783
8742
8768
8749
8756
8774
8745
8702
8756
8781
8791
8732
8742
8725
8782
8762
8714
8710
8752
8720
8730
8752
8756
8782
8718
8744
8809
8796
8727
8726
8769
8808
8740
8735
8733
8722
8724
8762
8727
8808
8818
8804
8753
8759
8803
8749
8830
8779
8747
8796
8764
8766
8757
8811
8742
8791
8745
8841
8785
8765
8782
8769
8827
8784
8797
8788
8795
8795
8801
8771
8774
8820
8793
8829
8761
8837
8817
8773
8942
8827
8814
8787
8773
8772
8848
8773
8843
8871
8863
8799
8797
8795
8859
8793
8788
8852
8817
8814
8857
8857
8836
8865
8852
8831
8884
8883
8855
8805
8838
8865
8844
8801
8832
8890
8819
8865
8815
8826
8837
8899
8848
8898
8863
8830
8848
8881
8883
8901
8911
8892
8875
8854
8857
8892
8866
8834
8889
8862
8889
8910
8891
8869
8888
8864
8898
8899
8887
8926
8842
8841
8927
8897
8921
8919
8914
8904
8854
8893
8887
8873
8914
8873
8932
8868
8930
8931
8917
8864
8880
8936
8896
8941
8929
8862
8272
8906
8876
8919
8879
8899
8935
8918
8938
8936
8941
8920
8898
8930
8877
8920
8889
8909
8900
8970
8919
8920
8887
8889
8977
8946
8963
8930
8965
8949
8987
8939
8961
8935
8985
8918
8977
8912
8925
8956
8948
8972
8956
8932
8976
8997
8987
8924
8973
8939
8968
8993
8993
8931
8973
9001
8959
8954
8981
8961
8922
8957
8924
8999
8997
9024
8973
8952
8967
9005
9012
8997
9019
8986
8983
8942
8982
8984
9033
9000
8994
8995
8971
9000
8955
9002
8988
9037
8976
8968
8974
9012
8977
9002
8966
8977
8988
8981
8970
8979
8983
8999
9009
9058
8993
9050
9006
9115
8997
9058
8971
9003
9015
9016
9025
8985
9057
9029
9069
9014
8986
8999
9034
9053
8999
9009
9017
9002
9070
9013
8995
9019
9072
9021
9046
9058
9013
9030
9052
9076
9014
9074
9047
9026
9081
9053
9031
9059
9070
9082
9058
9091
9068
9086
9063
9069
9083
9099
9057
9057
9029
9116
9067
9108
9057
9114
9069
9074
9118
9104
9125
9112
9061
9071
9111
9085
9039
9046
9115
9087
9062
9141
9127
9086
9139
9074
9073
9050
9065
9135
9095
9079
9104
9082
9088
9115
9150
9102
9088
9110
9090
9157
9063
9104
9146
9145
9163
9108
9070
9145
9116
9124
9087
9173
9132
9144
9085
9176
9162
9175
9102
9086
9166
9163
9107
9109
9127
9176
9174
9115
9134
9130
9108
9101
9096
9114
9107
9166
9122
9147
9119
9180
9105
9104
9110
9191
9163
9122
9108
9197
9193
9168
9127
9158
9178
9155
9186
9191
9143
9164
9212
9221
9197
9196
9223
9204
9147
9223
9193
9218
9142
9196
9200
9196
9218
9226
9182
9147
9195
9142
9149
9193
9215
9210
9205
9211
9218
9241
9165
9157
9198
9166
9230
9176
9181
9217
9205
9172
9169
9248
9192
9240
9254
9231
9226
9207
9188
9247
9244
9185
9219
9269
9181
9212
9216
9253
9207
9234
9193
9238
9255
9257
9191
9185
9210
9267
9279
9254
9249
9212
9260
9289
9239
9262
9280
9279
9280
9252
9271
9249
9215
9254
9238
9301
9288
9259
9280
9268
9236
9281
9298
9253
9278
9301
9314
9244
9233
9291
9234
9228
9272
9243
9313
9240
9253
9236
9249
9236
9276
9242
9284
9292
9268
9281
9322
9309
9313
9318
9311
9325
9291
9294
9340
9265
9332
9335
9251
9286
9256
9267
9337
9311
9263
9261
9290
9318
9298
9288
9358
9328
9304
9265
9325
9301
9316
9328
9291
9342
9293
9289
9346
9295
9368
9352
9333
9347
9366
9356
9324
9352
9280
9298
9318
9298
9302
9375
9312
9325
9306
9315
9320
9324
9299
9375
9376
9380
9364
9309
9368
9318
9310
9312
9362
9321
9373
9357
9336
9377
9381
9316
9347
9332
9371
9380
9364
9336
9342
9368
9331
9403
9396
9368
9326
9395
9417
9383
9413
9414
9335
9356
9353
9407
9403
9408
9406
9356
9393
9359
9423
9438
9350
9347
9406
9394
9390
9435
9364
9353
9392
9371
9438
9413
9358
9369
9400
9388
9374
9371
9401
9442
9403
9441
9395
9373
9403
9384
9455
9446
9368
9405
9436
9469
9403
9404
9420
9453
9413
9385
9388
9421
9429
9471
9479
9449
9481
9462
9391
9474
9478
9398
9451
9478
9453
9424
9445
9483
9405
9454
9420
9460
9476
9468
9495
9500
9502
9504
9447
9422
9438
9455
9456
9415
9467
9468
9505
9474
9456
9453
9434
9463
9502
9509
9484
9441
9433
9439
9452
9434
9465
9462
9438
9437
9483
9520
9469
9458
9471
9482
9460
9484
9479
9448
9450
9444
9533
9479
9447
9516
9536
9523
9496
9498
9486
9511
9550
9501
9527
9482
9504
9550
9527
9509
9527
9465
9522
9503
9555
9566
9564
9520
9491
9496
9499
9564
9543
9537
9554
9511
9545
9566
9497
9529
9517
9524
9525
9510
9492
9533
9530
9573
9515
9560
9561
9587
9529
9520
9514
9566
9528
9504
9587
9520
9554
9530
9517
9550
9517
9568
9515
9556
9584
9542
9595
9530
9516
9600
9542
9558
9603
9540
9542
9604
9603
9609
9576
9580
9575
9603
9600
9603
9583
9544
9606
9563
9595
9622
9555
9552
9635
9563
9603
9575
9562
9628
9605
9547
9588
9573
9578
9578
9585
9557
9630
9586
9652
9622
9606
9563
9619
9638
9606
9648
9578
9639
9659
9652
9588
9584
9595
9624
9626
9579
9628
9581
9591
9638
9631
9656
9660
9640
9603
9587
9621
9662
9668
9613
9642
9640
9611
9634
9684
9676
9668
9608
9624
9687
9648
9615
9687
9696
9637
9635
9657
9692
9628
9697
9612
9617
9681
9638
9676
9646
9673
9647
9696
9710
9626
9709
9675
9715
9666
9708
9713
9687
9634
9709
9676
9638
9700
9677
9692
9673
9653
9684
9671
9686
9703
9602
9728
9674
9658
9726
9715
9737
9674
9736
9703
9664
9746
9729
9690
9705
9665
9662
9727
9735
9678
9727
9739
9480
9718
9672
9751
9714
9672
9735
9731
9752
9672
9752
9741
9761
9679
9679
9682
9774
9703
9685
9695
9714
9773
9696
9712
9702
9783
9747
9712
9755
9695
9739
9774
9735
9722
9739
9742
9738
9738
9735
9741
9774
9773
9756
9790
9715
9761
9743
9747
9737
9753
9753
9785
9777
9778
9738
9728
9810
9806
9814
9743
9761
9819
9764
9771
9758
9784
9742
9753
9776
9740
9774
9810
9750
9751
9780
9768
9751
9798
9824
9770
9781
9812
9807
9772
9789
9792
9815
9746
9771
9819
9752
9759
9805
9827
9850
9847
9838
9837
9826
9828
9792
9856
9761
9775
9842
9794
9841
9772
9821
9600
9776
9822
9779
9789
9774
9784
9838
9863
9826
9863
9787
9847
9835
9792
9861
9882
9808
9813
9866
9800
9807
9847
9862
9841
9840
9871
9811
9828
9860
9825
9801
9832
9851
9846
9890
9804
9900
9899
9840
9862
9813
9839
9855
9824
9901
9872
9876
9892
9869
9895
9917
9868
9908
9830
9843
9861
9881
9912
9855
9839
9878
9854
9833
9865
9900
9916
9874
9888
9873
9891
9845
9895
9903
9863
9938
9874
9872
9933
9942
9931
9890
9863
9921
9887
9881
9863
9891
9888
9947
9948
9884
9942
9951
9864
9908
9874
9889
9901
9919
9929
9896
9954
9928
9890
9906
9884
9909
9948
9962
9911
9895
9891
9946
9934
9933
9950
9970
9903
9916
9916
9933
9963
9897
9941
9930
9973
9940
9958
9950
9921
9995
9929
9995
9919
9957
9958
9983
9995
10004
9972
10006
9952
9993
9977
9970
9923
9988
10010
9922
9968
9997
9968
9926
9942
9967
10006
10018
9929
10025
9953
9991
9930
9985
9952
9951
9979
9946
9952
9942
9990
9999
10009
10039
10001
9977
10005
9965
9976
10013
10006
10009
10046
9990
9994
9953
10003
9998
10046
10043
10018
10055
10043
10018
9989
10037
9969
10023
9997
10000
10023
9506
10064
9990
10017
10006
10037
10016
10002
10014
10040
10034
10038
9982
10025
10080
10071
10054
10000
9896
10020
10058
10052
10047
10031
10054
10091
10095
10034
10039
10187
10051
10060
10030
10016
10068
10048
10053
10097
10030
10034
10028
10035
10066
10105
10055
10061
10026
10045
10111
10095
10027
10066
10064
10050
10069
9495
10042
10105
10033
10088
10072
10082
10087
10131
10083
10072
10064
10108
10137
10132
10072
10126
10046
10123
10123
10052
10076
10068
10142
10142
10096
10066
10100
10092
10083
10137
10064
9515
10067
10069
10144
10120
10111
10119
10064
10077
10144
10078
10071
10158
10104
10079
10096
10170
10075
10098
10146
10174
10145
10090
10126
10138
10147
10088
10150
10124
10172
10148
10113
10142
10154
10110
10110
10127
10128
10134
10164
10105
10138
10135
10123
10107
10117
10146
10115
10203
10183
10160
10169
10141
10137
10146
10187
10130
10150
10171
10212
10168
10168
10175
10208
10210
10124
10221
10211
10149
10142
10219
10136
10128
10184
10210
10204
10191
10158
10150
10170
10236
10221
10162
10144
10142
10201
10178
10207
10243
10201
10177
10218
10229
10222
10180
10210
10172
10173
10240
10245
10200
10253
10224
10218
10230
10193
10238
10164
10246
10209
10197
10180
10227
10249
10173
10177
10192
10200
10240
10257
10219
10237
10248
10187
10233
10272
10220
10186
10252
10201
10224
10198
10231
10271
10265
10251
10242
10272
10262
10241
10224
10227
10203
10205
10219
10224
10262
10235
10231
10297
10263
10216
10291
10281
10297
10231
10310
10232
10282
10241
10233
10267
9732
10307
10274
10311
10263
10240
10296
10266
10229
10256
10279
10320
10316
10239
10244
10292
10275
10323
10326
10291
10328
10329
10268
10296
10332
10273
10343
10286
10290
10299
10343
10266
10316
10285
10261
10267
10266
10283
10316
10336
10297
10269
10294
10334
10348
10357
10274
10330
10314
10301
10214
10358
10273
10340
10296
10321
10366
10367
10354
10306
10343
10359
10356
10366
10294
10291
10300
10338
10361
10314
10289
10371
10350
10332
10356
10379
10340
10361
10311
10378
10382
10309
10340
10343
10367
10367
10386
10319
10327
10341
10319
10316
10337
10386
10400
10372
10340
10370
10342
10407
10342
10393
10340
10267
10407
10387
10384
10376
10404
10415
10369
10350
10342
10431
10379
10356
10412
10416
10356
10357
10400
10421
10349
10383
10386
10361
10440
10371
10351
10426
10361
10409
10445
10445
10401
10393
10448
10429
10432
10359
10362
10397
10457
10433
10413
10381
10405
10401
10438
10442
10403
10451
10385
10401
10432
10382
10425
10420
10404
10425
10416
10468
10430
10472
10455
10423
10457
10477
10462
10436
10477
10434
10426
10413
10466
10450
10427
10464
10447
10447
10415
10425
10451
10450
10405
10497
10462
10490
10472
10447
10446
10440
10490
10445
10476
10445
10470
10425
10492
10489
10516
10447
10519
10520
10484
10453
10501
10507
10489
10481
10439
10484
10487
10511
10516
10436
10473
10442
10476
10479
10771
10469
10516
10463
10535
10528
10541
10479
10449
10506
10526
10521
10505
10465
10548
10499
10492
10521
10517
10463
10461
10540
10506
10520
10552
10550
10526
10484
10476
10556
10505
10527
10534
10515
10569
10548
10497
10545
10526
10567
10530
10567
10565
10482
10493
10572
10526
10537
10513
10511
10556
10503
10579
10532
10507
10583
10561
10554
10562
10502
10535
10580
10540
10568
10587
10518
10589
10547
10562
10603
10572
10590
10574
10516
10525
10612
10556
10613
10558
10547
10611
10571
10552
10539
10560
10206
10571
10555
10594
10581
10628
10611
10619
10536
10607
10579
10578
10576
10608
10583
10555
10585
10564
10546
10604
10595
10574
10645
10612
10575
10613
10573
10600
10555
10560
10565
10648
10563
10586
10598
10618
10615
10571
10634
10656
10646
10601
10604
10648
10645
10613
10650
10627
10577
10572
10616
10621
10607
10610
10660
10639
10587
10590
10670
10608
10679
10683
10587
10620
10658
10658
10611
10669
10654
10617
10661
10616
10614
10676
10696
10636
10671
10694
10683
10675
10691
10701
10696
10610
10641
10660
10662
10646
10633
10670
10695
10633
10712
10658
10682
10677
10658
10634
10700
10661
10668
10709
10662
10725
10657
10670
10639
10719
10655
10635
10661
10713
10681
10639
10700
10721
10647
10693
10672
10673
10706
10699
10679
10691
10693
10704
10733
10678
10705
10715
10689
10671
10675
10676
10733
10699
10676
10681
10712
10725
10747
10756
10723
10698
10740
10736
10737
10761
10753
10676
10727
10681
10691
10773
10743
10749
10697
10734
10711
10690
10727
10726
10724
10777
10725
10738
10752
10715
10783
10704
10781
10769
10708
10746
10789
10743
10705
10765
10748
10714
10802
10785
10738
10731
10781
10731
10806
10757
10732
10738
10735
10407
10758
10774
10760
10751
10814
10732
10742
10800
10756
10739
10765
10776
10813
10805
10753
10735
10815
10744
10778
10797
10825
10795
10830
10797
10743
10790
10774
10798
10823
10748
10814
10773
10770
10812
10822
10785
10778
10785
10824
10804
10758
10757
10774
10799
10845
10761
10821
10826
10788
10844
10837
10865
10828
10840
10802
10832
10816
10862
10840
10815
10814
10845
10778
10816
10780
10870
10870
10825
10806
10854
10815
10829
10876
10792
10829
10874
10321
10855
10839
10880
10869
10821
10810
10819
10840
10829
10819
10854
10850
10854
10854
10845
10832
10899
10810
10886
10852
11144
10867
10853
10832
10860
10850
10821
10852
10843
10857
10834
10823
10869
10907
10902
10916
10908
10841
10911
10912
10836
10903
10893
10878
10857
10926
10892
10934
10873
10927
10880
10902
10849
10929
10900
10920
10855
10939
10873
10859
10922
10887
10877
10932
10908
10924
10940
10880
10898
10884
10946
10941
10883
10913
10924
10930
10953
10895
10889
10910
10874
10876
10922
10908
11276
10939
10917
10922
10945
10941
10953
10923
10929
10969
10958
10956
10913
10898
10958
10975
10958
10954
10985
10953
10904
10978
10943
10926
11000
10956
10998
10960
10919
10907
10923
10924
10588
10987
10955
10982
10954
10927
10948
10962
10945
10934
10946
10989
11016
10989
11014
10977
10926
10932
11017
10950
11020
10984
10991
10954
10949
10960
11023
10959
10989
11029
10997
10947
11001
10952
10982
10980
10966
11016
11153
10948
11031
11046
11009
11023
10989
11038
10991
11004
11003
11056
11018
11053
10999
11042
11006
11058
11027
11045
11063
11036
11040
11000
11017
10987
11058
10984
11035
11070
10977
11064
11067
11064
11080
11063
10983
11082
11049
11066
11064
10988
11075
11042
11004
11007
11036
11027
11092
11043
11035
11005
11076
11012
11065
11032
11091
11039
11084
11007
11079
11105
11068
11054
11100
11039
11082
11055
11059
11034
11051
11036
11077
11103
11045
11120
11022
11065
11070
11074
11037
11063
11077
11094
11035
11084
11058
11115
11093
11097
11125
11066
11137
11119
11054
11139
11135
11043
11103
11050
11057
11146
11128
11098
11086
11121
11053
11152
11121
11083
11145
11136
11120
11070
11111
11090
11090
11097
11158
11134
11158
11122
11109
11137
11140
11106
11108
11100
11099
11173
11146
11117
11094
11088
11173
11181
11159
11093
11113
11156
11128
11126
11149
11187
11106
11154
11122
11187
11181
11103
11106
11139
11118
11160
11124
11131
11171
11103
11161
11114
11115
11156
11166
11152
11112
11154
11151
11171
11155
11124
11204
11204
11137
11186
11168
11134
11204
11216
11163
11194
11156
11160
11194
11204
11190
11222
11175
11135
11222
11167
11187
11163
11232
11199
11142
11201
11171
11155
11226
11245
11168
11207
11151
11195
11186
11246
11163
11226
11228
11195
11252
11195
11192
11198
11259
11238
11199
11206
11228
11248
11202
11220
11180
11186
11203
11176
11209
11240
11259
11230
11179
11250
11191
11278
11251
11235
11206
11237
11190
11255
11248
11208
11260
11246
11213
11221
11201
11196
11256
11268
11212
11287
11226
11228
11219
11212
11244
11257
11282
11278
11264
11218
11270
11261
11240
11308
11213
11224
11232
11304
11224
11229
11293
11316
11239
11287
11321
11254
11261
11268
11302
11254
11312
11318
11296
11259
11270
11257
11253
11326
11298
11287
11241
11320
11305
11279
11320
11245
11288
11331
11303
11277
11346
11331
11261
11289
11275
11352
11344
11320
11270
11305
11327
11273
11343
11322
11275
11345
11318
11324
11318
11269
11340
11340
11312
11363
11328
11353
11311
11312
11328
11319
11336
11375
11298
11281
11320
11374
11369
11363
11294
11385
11303
11371
11352
11381
11384
11313
11309
11331
11342
11346
11356
11316
11386
11307
11393
11402
11375
11329
11377
11363
11384
11312
11330
11362
11320
11343
11379
11347
11350
11375
11399
11328
11358
11393
11362
11406
11411
11352
11363
11331
11419
11400
11331
11405
11339
11353
11379
11433
11393
11421
11372
11417
11390
11394
11436
11365
11354
11371
11404
11359
11421
11357
11425
11387
11414
11408
11428
11397
11357
11449
11363
11394
11431
11438
11425
11450
11403
11445
11429
11444
11431
11465
11401
11421
11411
11433
11456
11438
11399
11470
11429
11394
11464
11389
11394
11480
11460
11453
11400
11398
11389
11420
11396
11396
11413
11491
11489
11450
11472
11484
11421
11419
11429
11484
11429
11449
11476
11486
11494
11443
11475
11411
11439
11501
11483
11443
11439
11492
11490
11421
11511
11518
11504
11442
11452
11476
11485
11520
11458
11479
11485
11467
11475
11443
11483
11507
11519
11436
11436
11519
11475
11494
11458
11524
11488
11473
11513
11499
11464
11480
11470
11510
11480
11491
11496
11535
11549
11477
11135
11544
11498
11519
11511
11495
11508
11495
11524
11522
11503
11550
11532
11485
11568
11503
11495
11570
11546
11523
11509
11561
11567
11525
11511
11570
11580
11556
11496
11554
11509
11564
11545
11569
11530
11492
11500
11527
11507
11515
11522
11504
11570
11590
11570
11528
11522
11544
11585
11564
11539
11523
11548
11540
11595
11571
11591
11515
11597
11602
11543
11519
11612
11616
11555
11544
11578
11585
11530
11546
11559
11570
11580
11532
11578
11561
11594
11542
11540
11616
11624
11554
11586
11559
11571
11617
11611
11613
11591
11546
11623
11638
11604
11572
11633
11574
11585
11638
11560
11577
11616
11568
11606
11654
11651
11620
11577
11656
11590
11572
11590
11575
11611
11594
11588
11617
11640
11631
11625
11537
11595
11663
11579
11602
11676
11593
11611
11678
11675
11635
11614
11630
11642
11653
11607
11649
11674
11633
11655
11680
11618
11653
11672
11652
11675
11605
11620
11672
11616
11653
11669
11633
11666
11642
11289
11623
11688
11703
11638
11651
11635
11704
11657
11670
11665
11707
11666
11651
11698
11715
11650
11673
11722
11658
11691
11706
11643
11640
11719
11657
11661
11704
11660
11673
11670
11656
11710
11701
11707
11659
11728
11719
11666
11735
11699
11652
11670
11654
11677
11708
11741
11752
11700
11717
11707
11749
11673
11763
11677
11742
11761
11736
11702
11690
11734
11715
11733
11682
11675
11695
11681
11705
11730
11702
11775
11761
11764
11693
11690
11752
11741
11717
11689
11746
11708
11695
11766
11698
11793
11731
11770
11795
11706
11775
11740
11763
11762
11794
11753
11741
11802
11766
11711
11779
11757
11784
11718
11748
11793
11811
11783
11729
11741
11720
11772
11789
11781
11808
11819
11739
11740
11761
11800
11774
11761
11819
11739
11807
11770
11746
11783
11794
11836
11766
11741
11841
11800
11829
11765
11805
11844
11843
11424
11828
11778
11811
11782
11777
11802
11767
11769
11824
11854
11797
11842
11844
11859
11806
11809
11846
11772
11779
11793
11863
11822
11778
11781
11843
11780
11842
11857
11830
11809
11829
11841
11800
11827
11863
11834
11837
11798
11882
11809
11817
11792
11791
11810
11872
11816
11811
11803
11853
11838
11875
11849
11802
11849
11859
11889
11889
11859
11863
11863
11885
11900
11869
11861
11824
11891
11910
11897
11855
11844
11883
11914
11853
11920
11853
11869
11852
11894
11895
11828
11840
11878
11839
11904
11919
11834
11858
11876
11853
11918
11883
11862
11858
11924
11898
11866
11901
11876
11911
11918
11904
11926
11941
11900
11866
11887
11938
11890
11863
11907
11887
11907
11938
11871
11907
11866
11886
11883
11931
11947
11963
11892
11889
11894
11925
11939
11956
11938
11967
11908
11977
11943
11917
11946
11973
11952
11927
11946
11917
11916
11964
11945
11970
11938
11960
11949
11977
11923
11897
11989
11972
11901
11940
11907
11939
11911
11958
11949
11914
11954
11967
11989
11994
11992
11920
11930
11957
11958
11950
11934
11944
11940
12009
11973
11989
12020
11928
11946
12000
11968
11966
12027
11988
11974
11980
11963
12003
11997
11949
12007
11942
11956
11941
11949
11982
11961
11966
12036
12025
12018
11989
11977
11987
11992
12027
11979
12000
12008
12012
11982
12000
11974
12060
12033
12017
11989
12049
12000
11983
11983
12005
12015
12044
12022
11998
12009
12001
12075
11996
11985
12002
12012
12030
12063
11997
12033
12000
12020
12002
12031
12087
12008
12073
12022
12041
12046
12018
12091
11444
12001
12017
12066
12062
12062
12021
12076
12036
12060
12040
12025
12020
12085
12070
12036
12073
12091
12042
12099
12081
12035
12083
12049
12040
12089
12094
12084
12073
12043
12037
12047
12044
12064
12079
12040
12111
12131
12035
12066
12103
12061
12116
12062
12075
12084
12109
12118
12096
12135
12067
12080
12055
12093
12070
12129
12143
12108
12074
12070
12101
12141
12093
12099
12131
12153
12110
12137
12075
12084
12102
12146
12070
12156
12075
12154
12145
12149
12104
12108
12137
12153
12096
12108
12142
12169
12120
12182
12095
12175
12146
12148
12096
12102
12186
12094
12099
12170
12158
12148
12177
12186
12115
12197
12138
12165
12198
12124
12109
12109
12205
12195
12154
12349
12179
12199
12172
12122
12135
12151
12152
12194
12166
12139
12198
12140
12148
12171
12172
12163
12210
12206
12133
12203
12175
12147
12174
12215
12171
12168
12234
12204
12155
12227
12201
12191
12184
12182
12217
12192
12154
12178
12242
12224
12237
12221
12225
12198
12202
12249
12221
12186
12171
12217
12204
12209
12177
12227
12201
12193
12198
12189
12199
12252
12271
12266
12271
12189
12265
12257
12241
12213
12269
12246
12237
12229
12184
12282
12261
12192
12188
12266
12218
12226
12289
12291
12202
12431
12223
12244
12263
12260
12254
12196
12215
12269
12281
12224
12212
12291
12217
12284
12246
12276
12229
12236
12247
12219
12313
12222
12255
12223
12247
12262
12312
12267
12259
12281
12299
12264
12312
12292
12301
12299
12326
12260
12278
12243
12243
12306
12250
12276
12259
12285
12332
12313
12276
12295
12308
12331
12308
12316
12281
12282
12327
12331
12347
12297
12268
12258
12317
12291
12300
12358
12329
12325
12338
12320
12285
12292
12312
12291
12326
12293
12364
12326
12304
12299
12278
12297
12346
12312
12365
12326
12334
12309
12376
12295
12319
12328
12311
12294
12299
12305
12338
12385
12365
12323
12321
12382
12311
12301
12310
12342
12378
12364
12317
12313
12366
12356
12372
12404
12337
12405
12341
12387
12383
12369
12379
12377
12398
12328
12417
12385
12389
12474
12419
12413
12418
12417
12360
12396
12426
12416
12365
12383
12414
12373
12399
12406
12391
12415
12358
12396
12408
12431
12413
12422
12371
12399
12441
12440
12407
12425
12399
12369
12450
12452
12390
12378
12417
12377
12408
12379
12407
12434
12433
12435
12370
12424
12434
12386
12376
12418
12467
12379
12454
12380
12434
12403
12441
12158
12446
12437
12468
12411
12450
12395
12444
12419
12460
12459
12465
12448
12459
12422
12466
12432
12436
12431
12418
12488
12429
12470
12441
12431
12433
12456
12412
12453
12443
12490
12449
12471
12453
12429
12433
12477
12469
12448
12467
12422
12419
12469
12459
12487
12509
12459
12502
12442
12440
12448
12487
12501
12502
12483
12501
12488
12499
12515
12453
12458
12496
12504
12490
12529
12471
12479
12500
12461
12498
12540
12458
12460
12536
12509
12487
12464
12513
12486
12513
12536
12475
12479
12466
12546
12515
12488
12549
12510
12485
12515
12483
12555
12491
12551
12560
12525
12534
12574
12569
12531
12530
12482
12535
12499
12565
12526
12566
12505
12493
12543
12549
12523
12520
12513
12554
12547
12515
12591
12576
12558
12538
12565
12591
12597
12596
12559
12529
12589
12544
12574
12517
12550
12605
12544
12587
12583
12612
12551
12543
12587
12549
12548
12584
12608
12588
12622
12567
12622
12539
12608
12626
12578
12628
12595
12553
12630
12570
12632
12570
12553
12567
12626
12563
12622
12639
12603
12639
12638
12590
12637
12558
12634
12579
12556
12578
12571
12610
12609
12630
12583
12560
12574
12617
12612
12618
12572
12616
12577
12606
12598
12573
12654
12607
12650
12605
12652
12661
12664
12672
12677
12671
12630
12676
12597
12636
12675
12610
12666
12677
12676
12636
12660
12672
12672
12628
12634
12634
12602
12658
12604
12609
