115
144
171
192
200
112
202
138
204
170
131
183
139
172
145
186
213
196
200
195
214
158
173
128
162
132
187
201
134
148
165
-214
222
202
154
222
154
155
177
185
226
159
148
150
174
241
244
164
202
188
157
248
208
163
174
253
195
248
255
175
223
245
201
248
240
219
185
255
259
227
178
225
270
206
246
243
247
223
244
265
247
199
267
250
219
257
217
283
-55
254
237
270
286
206
213
254
282
295
254
200
227
277
210
244
220
291
243
287
246
302
257
224
247
285
230
444
299
248
244
242
313
241
307
295
294
246
254
312
291
309
256
326
290
246
316
309
304
315
325
282
320
247
254
342
301
262
270
278
333
310
290
317
298
327
268
346
285
328
328
284
261
272
282
344
331
268
285
337
306
301
353
348
336
341
356
296
303
290
288
359
287
356
315
345
368
373
369
288
349
299
350
352
294
343
392
311
359
366
352
364
347
378
340
320
390
341
340
320
331
386
355
382
385
328
364
337
361
343
403
402
354
333
365
354
421
347
376
348
419
378
395
359
-86
379
390
357
363
343
405
352
430
349
391
375
422
364
444
388
352
359
424
360
368
405
374
451
361
452
405
397
365
398
453
414
365
413
379
416
390
461
440
438
10
396
447
392
417
456
403
447
410
455
396
472
404
453
386
460
486
474
458
459
413
437
466
399
469
433
444
452
494
487
482
442
413
484
413
438
458
425
453
487
454
476
494
426
509
-120
478
513
515
457
470
465
471
515
510
475
501
509
510
497
498
458
498
454
466
518
486
452
495
500
532
486
470
480
523
535
479
503
500
549
544
474
516
477
476
478
534
559
464
497
532
486
482
526
489
492
511
541
537
483
560
570
556
495
546
548
574
550
552
568
548
69
516
494
546
574
570
545
522
517
543
560
580
508
581
569
526
541
555
517
587
569
546
560
541
540
593
573
564
588
523
540
591
610
556
583
589
612
580
565
588
551
601
551
598
598
598
594
542
581
615
592
538
548
619
592
626
590
566
621
551
568
612
547
646
638
596
605
589
610
559
607
580
613
599
573
605
615
563
645
603
634
568
614
633
600
647
656
650
602
574
611
585
618
649
648
662
669
662
595
628
622
618
598
651
634
590
602
651
637
690
642
608
600
652
657
621
602
682
625
623
698
648
668
649
687
707
633
688
643
634
684
647
650
704
668
682
718
652
695
719
652
656
654
683
657
667
694
735
675
678
731
693
673
653
673
693
654
707
672
692
910
681
666
720
673
680
732
744
708
714
722
670
731
710
744
722
737
696
705
688
737
764
672
815
708
720
745
754
710
692
735
713
717
753
728
744
706
763
766
730
724
725
761
756
695
764
722
784
724
728
743
790
791
696
779
787
731
745
745
707
782
765
789
750
729
737
788
757
727
762
760
760
775
813
806
750
801
761
994
797
766
738
745
816
749
803
784
768
734
804
774
773
809
757
759
753
744
792
801
1097
761
771
801
840
839
822
768
830
784
841
810
808
851
849
847
759
837
764
766
800
854
787
846
816
790
769
771
785
864
782
846
853
783
852
788
824
822
871
874
846
873
786
813
829
872
888
870
825
885
822
841
800
803
871
321
814
831
870
813
890
811
809
886
817
850
866
836
871
857
900
833
869
890
904
862
880
880
879
905
914
867
897
924
920
909
910
892
840
893
914
922
920
880
910
879
842
927
901
929
874
910
871
870
931
866
913
869
943
934
876
949
940
1153
892
911
893
893
956
880
863
906
912
886
936
928
883
946
899
943
907
955
970
948
907
950
911
959
918
971
960
950
968
930
948
927
971
919
891
896
924
945
952
939
900
909
922
909
928
992
933
994
944
953
950
934
937
945
974
990
938
968
969
1002
980
947
955
930
975
992
1008
963
926
994
970
1006
929
1007
1013
972
1008
967
1010
994
945
1023
1012
956
951
957
972
1262
1026
1042
976
1041
1017
984
1035
959
973
964
1015
1046
964
1018
961
1038
1020
1059
1012
1056
997
976
995
1009
1013
1032
1038
985
1004
1055
1050
980
1009
1014
1050
1063
984
1013
1008
1007
1028
1053
1017
994
1057
1064
1089
1032
1070
1014
1003
1079
1020
1069
1050
1014
1100
1088
1064
1059
1016
1040
1070
1008
1038
1107
1099
1105
1108
1077
1055
1096
1109
1109
1110
1061
1057
1058
694
1029
1082
1066
1045
1121
1108
1048
1065
1120
1070
1089
1108
1060
1045
1087
1115
1080
1128
1093
1081
1099
1053
1075
1076
1143
1114
866
1057
1137
1141
1106
1094
1107
1100
1107
1134
1153
1099
1064
1118
1082
1079
1161
1121
1167
1088
1157
1093
1158
1079
1140
1092
1085
1129
1093
1170
1336
1089
1102
1153
1096
1165
1160
1160
1108
1150
1130
1176
1178
1165
1139
1161
1185
1181
1156
1167
1163
1190
1109
1162
1197
1127
1180
1111
1124
1201
1147
1196
1200
1136
1179
1115
1197
1129
1137
1132
1130
1135
1158
1175
1162
1194
1126
1204
1196
1220
1229
1192
1229
1179
1140
1191
1201
1222
1141
1149
1194
1224
1144
1201
1166
1241
1165
1223
1239
1191
1230
1210
1211
1177
1230
1232
1231
1223
1224
1216
1221
1162
1204
1217
1260
1241
1197
1219
1229
1213
1243
1227
1233
1260
1174
1201
1229
1260
1237
1273
1267
1219
1230
1200
1205
1219
1206
1279
1254
1284
1215
1206
1240
1275
1248
1276
1289
1216
1226
1246
1207
1299
1275
1299
1274
1241
1233
1286
1297
1242
1219
1239
1267
1293
1306
1226
1311
1269
1251
1224
1312
1285
1302
1302
1243
1320
1279
1296
1265
1257
1281
1459
1306
1274
1258
1254
1313
1329
1317
1266
1322
1310
1244
1292
1274
1285
1339
1321
1320
1294
1320
1311
1280
1332
1255
1317
1271
1296
1322
1356
1280
1277
1282
1274
1300
1342
1301
1354
1277
1270
1343
1329
1344
1342
1346
1350
1345
1322
1362
1279
1364
1324
1314
1336
1381
1331
1351
1320
1341
1343
1356
1318
1291
1386
1378
1336
1355
1347
1348
1361
1319
1301
1330
1389
1347
1336
1376
1348
1364
1324
1316
1360
1357
1338
1354
1379
1325
1373
1371
1368
1327
1368
1414
1329
1351
1342
1417
1333
1355
1421
1393
1334
1332
1364
1364
1365
1402
1422
1352
1409
1364
1382
1359
1381
1422
1387
1420
1421
1419
1439
1398
1442
1416
1382
1437
1365
1422
1399
1420
1382
1412
1446
1458
1383
1407
1464
1448
1411
1443
1424
1437
1458
1426
1380
1421
1446
1472
1387
1142
1460
1417
1469
1397
1423
1388
1475
1429
1399
1458
1455
1469
1466
1417
1404
1410
1478
1411
1398
1479
1479
1482
1411
1432
1501
1487
1470
1470
1493
1475
1466
1492
1453
1436
1506
1459
1499
1481
1430
1501
1435
1423
1427
1451
1431
1470
1429
1466
1510
1513
1516
1513
1527
1524
1520
1456
1511
1495
1458
1522
1532
1446
1532
1470
1471
1499
1515
1471
1534
1484
1533
1521
1541
1490
1506
1521
1518
1520
1459
1492
1496
1535
1492
1528
1500
1558
1562
1483
1517
1528
1567
1476
1470
1557
1535
1533
1541
1493
1496
1525
1494
1523
1577
1488
1502
1572
1566
1541
1506
1586
1523
1531
1571
1583
1523
1514
1528
1555
1565
1536
1501
1554
1501
1557
1515
1573
1529
1506
1511
1528
1538
1586
1584
1598
1590
1593
1574
1568
1591
1546
1529
1593
1584
1535
1601
1567
1624
1534
1555
1544
1603
1553
1577
1558
1628
1619
1566
1563
1563
1627
1571
1577
1573
1605
1632
1590
1617
1559
1643
1601
1619
1627
1602
1648
1556
1621
1611
1576
1610
1636
1603
1623
1621
1579
1589
1563
1584
1581
1630
1656
1653
1667
1614
1590
1643
1602
1610
1662
1616
1653
1636
1260
1608
1649
1681
1636
1658
1680
1591
1598
1636
1619
1602
1617
1616
1595
1598
1597
1663
1669
1663
1675
1602
1666
1618
1662
1661
1688
1698
1619
1630
1697
1654
1705
1641
1625
1670
1661
1673
1680
1693
1710
1670
1641
1693
1723
1634
1692
1718
1635
1712
1658
1685
1711
1690
1724
1685
1645
1640
1724
1715
1714
1699
1679
1695
1675
1725
1654
1681
1744
1650
1705
1718
1703
1658
1716
1723
1665
1748
1680
1739
1732
1708
1722
1727
1666
1763
1736
1763
1725
1707
1735
1718
1719
1722
1684
1773
1742
1738
1751
1688
1718
1730
1759
1712
1744
1738
1691
1757
1750
1784
1697
1719
1759
1745
1725
1778
1773
1715
1770
1709
1732
1750
1726
1761
1713
1771
1726
1763
1732
1720
1730
1722
1799
1781
1798
1772
1787
2063
1746
1773
1770
1770
1777
1784
1813
1801
1801
1814
1798
1746
1824
1776
1808
1789
1810
1774
1951
1831
1822
1789
1757
1786
1829
1825
1771
1842
1814
1785
1802
1804
1775
1794
1846
1815
1852
1824
1820
1768
1794
1781
1785
1855
1829
1829
1791
1822
1854
1801
1793
1841
1784
1843
1845
1835
1839
1819
1834
1810
1863
1826
1858
1810
1789
1848
1879
1845
1802
1857
1885
1855
1844
1873
1846
1852
1822
1816
1846
1798
1844
1799
1860
1844
1521
1887
1886
1886
1820
1868
1900
1870
1821
1895
1869
1910
1906
1849
1904
1896
1844
1850
1850
1896
1861
1883
1905
1844
1830
1827
1846
1852
1867
1884
1899
1850
1918
1931
1885
1856
1895
1850
1848
1868
1867
1864
1902
1880
1940
1886
1921
1867
1854
1882
1860
1861
1907
1882
1916
1882
1932
1889
1950
1871
1928
1899
1904
1948
1942
1918
1938
1883
1906
1954
2187
1882
1949
1880
1892
1923
1957
1903
1903
1917
1945
1958
1932
1932
1909
1977
1949
1904
1975
1947
1959
1958
1894
1947
1911
1946
1993
1921
1965
1933
1980
1925
1961
1933
1910
1933
1970
1996
1953
1945
1785
1957
2009
1946
1943
1971
2004
1963
1926
2011
1959
1968
1927
2009
1998
2006
1960
1986
1943
1996
1970
2028
2025
1973
1997
2013
2000
1974
2008
1941
1961
2035
1972
1960
1947
2044
1953
2042
1972
1978
2031
1963
1964
1966
1992
2055
2037
2015
2035
2019
1961
2014
2006
2048
1980
1984
2048
2035
2010
2059
1976
1987
1980
2049
2042
1988
1980
2062
1995
2049
2042
2007
2047
1987
2014
1987
2077
2037
2010
2078
2054
1993
2058
2070
2042
2071
2043
2031
2007
2032
2079
2079
2085
2063
2072
2099
2099
2102
2066
2048
2068
2108
2085
2029
2040
2085
2058
2055
2081
2050
2074
2038
2036
2085
2081
2036
2077
2073
2074
2050
2103
2037
2104
2090
2035
2079
2052
2098
2110
2108
2064
2139
2094
2083
2071
2065
2114
2130
2112
2056
2106
2128
2108
2083
2109
2107
2141
2117
2107
2072
2139
2128
2141
2142
2124
2124
2161
2094
2132
2123
2158
2136
2092
2141
2174
2152
2174
2109
2165
2170
2146
2158
2121
2114
2171
2108
2121
2100
2188
2104
2158
2162
2128
2172
2103
2103
2114
2132
2196
2190
2130
2180
2177
2134
2145
2203
2128
2150
2112
2179
2172
2295
2151
2152
2121
2206
2136
2178
2182
2194
2136
2218
2142
2129
2509
2165
2155
2141
2203
2208
2206
2180
2184
2190
2225
2192
2220
2210
2173
2192
2225
2235
2210
2191
2162
2233
2200
2246
2240
2188
2244
2234
2195
2209
2249
2237
2171
2209
2171
2234
2231
2244
2174
2257
2221
2201
2200
2221
2224
2204
2173
2199
2231
2260
2487
2216
2269
2246
2187
2275
2198
2194
2247
2209
2247
2215
2222
2223
2245
2211
2280
2275
2210
2251
2266
2248
2253
2205
2283
2209
2265
2518
2232
2299
2231
2300
2240
2260
2272
2307
2277
2233
2308
2285
2237
2269
2300
2255
2226
2235
2258
2226
2224
2266
2300
2237
2322
2231
2298
2262
2297
2327
2248
2318
2321
2330
2282
2337
2303
2274
2308
2259
2339
2280
2299
2252
2341
2264
2319
2349
2297
2348
2266
2271
2307
2354
2294
2330
2286
2296
2305
2263
2344
2301
2340
2302
2284
2310
2322
2305
2355
2288
2330
2370
2284
2358
2366
2367
2285
2340
2295
2293
2313
2327
2349
2368
2290
2307
2367
2376
2337
2298
2334
2317
2308
2360
2311
2306
2380
2301
2330
2376
2328
2369
2338
2364
2396
2379
2359
2368
2342
2366
2395
2399
2344
2367
2329
2318
2355
2327
2354
2389
2413
2380
2400
2409
2382
2370
2417
2399
2424
2427
2381
2392
2365
2340
2375
2359
2394
2401
2365
2405
2402
2362
2437
2379
2379
2422
2365
2422
2407
2379
2430
2431
2384
2445
2387
2446
2431
2374
2436
2380
2405
2393
2417
2397
2392
2452
2370
2399
2459
2414
2439
2401
2403
2403
2401
2391
2386
2389
2416
2430
2434
2451
2449
2410
2395
2397
2395
2479
2408
2462
2419
2453
2453
2493
2408
2488
2467
2454
2484
2487
2422
2448
2449
2411
2449
2436
2503
2415
2423
2413
2456
2514
2484
2447
2468
2479
2473
2510
2502
2425
2508
2452
2452
2473
2515
2499
2473
2508
2476
2438
2442
2513
2478
2494
2479
2530
2498
2455
2502
2481
2467
2469
2539
2532
2468
2483
2492
2479
2501
2540
2472
2526
2499
2518
2482
2557
2468
2489
2531
2464
2470
2525
2479
2482
2551
2518
2516
2521
2483
2547
2517
2504
2492
2508
2503
2485
2551
2510
2481
2484
2541
2488
2544
2539
2586
2531
2533
2556
2565
2562
2590
2520
2522
2522
2559
2528
2562
2504
2556
2510
2559
2581
2567
2506
2521
2522
2574
2559
2581
2527
2551
2538
2547
2537
2601
2560
2542
2531
2595
2579
2588
2535
2582
2614
2586
2562
2533
2570
2613
2630
2564
2633
2583
2613
2626
2596
2573
2582
2617
2560
2637
2602
2610
2559
2583
2616
2580
2612
2580
2597
2615
2640
2638
2621
2613
2584
2596
2602
2603
2565
2436
2651
2620
2659
2580
2227
2619
2627
2623
2667
2644
2613
2597
2603
2668
2609
2657
2670
2628
2596
2677
2607
2672
2622
2666
2671
2683
2639
2637
2623
2628
2672
2628
2669
2610
2680
2642
2617
2603
2623
2628
2630
2704
2620
2682
2662
2623
2642
2662
2705
2643
2625
2677
2625
2689
2651
2644
2675
2696
2629
2650
2645
2718
2684
2702
2718
2706
2708
2655
2640
2666
2697
2640
2733
2730
2670
2682
2737
2648
2649
2688
2709
2649
2716
2674
2708
2689
2699
2663
2703
2749
2690
2718
2693
2681
2663
2727
2680
2739
2726
2726
2691
2681
2739
2699
2739
2688
2767
2678
2672
2734
2751
2771
2722
2688
2681
2756
2713
2686
2708
2726
2759
2734
2688
2704
2779
2757
2788
2724
2693
2763
2750
2789
2731
2705
2700
2734
2736
2785
2777
2779
2715
2771
2786
2804
2716
2762
2295
2731
2740
2752
2759
2720
2792
2812
2759
2795
2787
2762
2800
2759
2741
2758
2812
2805
2811
2822
2791
2735
2794
2768
2785
2740
2813
2829
2773
2830
2809
2764
2753
2820
2817
2751
2765
2784
2801
2823
2828
2818
2755
2814
2754
2855
2799
2795
2788
2794
2847
2844
2777
2784
2827
2854
2794
2825
2787
2864
2825
2861
2830
2871
2865
2795
2851
2818
2877
2871
2789
2840
2791
2878
2802
2874
2868
2848
2825
2873
2831
2807
2815
2759
2850
2834
2848
2854
2874
2857
2881
2834
2859
2896
2805
2871
2830
2833
2816
2826
2893
2826
2908
2905
2894
2838
2894
2829
2869
2825
2826
2890
2874
2874
2865
2907
2901
2842
2863
2835
2926
2877
2833
2860
2853
2847
2899
2857
2926
2901
2914
2800
2940
2894
2882
2889
2855
2872
2873
2904
2899
2891
2863
2886
2919
2899
2931
2920
2902
2918
2866
2931
2934
2942
2867
2878
2927
2544
2938
2968
2871
2941
2890
2945
2923
2916
2896
2387
2958
2906
2925
2935
2914
2946
2922
2968
2922
2895
2921
2949
2924
2944
2954
2898
2966
2946
2991
2948
2981
2936
2900
2998
2911
2960
2968
2961
2916
2960
2976
3002
2997
3009
2945
2934
2993
3012
2917
3003
2996
2961
2982
2948
2924
3022
2969
2966
3018
2990
2961
2975
3008
2935
2960
3016
3007
2974
2939
2979
3014
2974
3037
3028
2953
2945
2952
3040
3007
3041
2950
2455
3031
3021
3052
3005
2995
2600
2994
3044
2960
2974
2983
3043
3004
3039
3012
3052
3056
2978
3050
3009
2991
3040
3036
3047
3067
3048
3010
3061
3066
3056
3006
3021
3045
3048
3062
3009
3052
3055
3033
3012
2990
3066
3061
3023
2996
3032
3021
3064
3018
3093
3009
3023
3009
3014
3072
3034
3082
3091
3071
3062
3047
3033
3056
3051
3096
3024
3108
3071
3059
3033
3067
3068
3070
3109
3064
3033
3056
3055
3128
3121
3042
3112
3069
3112
3096
3053
3131
3067
3097
3087
3044
3086
3092
3113
3100
3111
3122
3052
3120
3058
3067
3075
3126
3068
3092
3093
3143
3059
3129
3099
3063
3127
3111
3083
3104
3163
3114
3155
3070
3164
3149
3101
3129
3130
3085
3165
3109
3152
3172
3132
3091
3137
3092
3098
3169
3122
3152
3124
3162
3146
3107
3142
3184
3097
3159
3143
3186
3197
3140
3121
3107
3200
3151
3120
3113
3172
3198
3189
3157
3139
3116
3150
3212
3114
3178
3140
3145
3150
3140
3122
3163
3169
3179
3176
3199
3142
3194
3204
3198
3173
3153
3161
3195
3208
3171
3190
3171
3218
3165
3174
3156
3202
3143
3206
3216
3194
3201
3148
3215
3218
3243
3240
3218
3252
3183
3191
3187
3181
3249
3248
3200
3247
3197
3240
3221
3201
3224
3201
3221
3171
3190
3177
3270
3236
3272
3254
3257
3248
3213
3202
3225
3231
3281
3201
3261
3255
3284
3252
3262
2809
3233
3242
3290
3210
3238
3245
3219
3203
3256
3264
3064
3204
3279
3253
3301
3261
3301
3226
3297
3250
3265
3307
3220
3234
3264
3310
3309
3269
3238
3250
3228
3259
3294
2865
3270
3234
3303
3298
3232
3314
3311
3239
3332
3263
3303
3293
3293
3294
3263
3334
3279
3250
3244
3322
3255
3267
3335
3317
3336
3346
3331
3276
3322
3308
3272
3324
3305
3262
3313
3312
3330
3343
3318
3356
3316
3304
3357
3302
3361
3285
3346
3323
3303
3312
3295
3322
3333
3359
3362
3314
3294
3287
3370
3301
3372
3345
3374
3341
3307
3327
3315
3360
3318
3372
3374
3318
3311
3377
3305
3358
3340
3371
3365
3306
3348
3379
3309
3390
3357
3317
3402
3387
3347
3377
3351
3411
3397
3378
3351
3414
3345
3374
3334
3409
3393
2766
3415
3376
3341
3346
3430
3406
3337
3420
3428
3412
3348
3355
3423
3389
3403
3436
3357
3419
3427
3445
3357
3368
3370
3354
3433
3364
3362
3445
3388
3392
3418
3388
3451
3406
3367
3457
3395
3411
3369
3441
3405
3428
3432
3402
3428
3386
3387
3437
3471
3396
3425
3385
3475
3399
3443
3438
3424
3400
3473
3456
3456
3477
3484
3455
3483
3416
3468
3483
3398
3415
3454
3431
3459
3403
3498
3496
3455
3456
3478
3499
3454
3474
3446
3452
3503
3451
3464
3504
3511
3512
3418
3471
3495
3464
3426
3474
3493
3442
3459
3464
3468
3464
3461
3523
3500
3437
3510
3453
3531
3440
3462
3478
3492
3446
3460
3447
3481
3450
3448
3476
3505
3531
3496
3460
3472
3523
3535
3506
3465
3513
3530
3469
3515
3517
3482
3517
3555
3562
3483
3490
3515
3508
3565
3540
3472
3562
3556
3535
3547
3547
3562
3549
3541
3482
3566
3580
3563
3555
3572
3500
3555
3586
3576
3548
3546
3536
3576
3591
3522
3554
3587
3572
3566
3543
3507
3539
3566
3546
3514
3548
3557
3525
3596
3602
3555
3540
3543
3564
3565
3614
3540
3546
3594
3607
3589
3532
3574
3616
3596
3541
3624
3626
3543
3533
3542
3532
3541
3604
3623
3555
3566
3561
3610
3608
3545
3541
3625
3582
3629
3590
3578
3590
3624
3578
3588
3575
3629
3650
3578
3576
3560
3572
3652
3630
3589
3643
3623
3613
3638
3605
3662
3661
3622
3640
3574
3580
3625
3618
3593
3589
3639
3673
3672
3609
3668
3645
3640
3657
3678
3647
3616
3643
3620
3602
3686
3613
3638
3675
3601
3659
3680
3691
3686
3647
3640
3650
3611
3635
3636
3613
3683
3687
3660
3625
3648
3650
3624
3636
3620
3631
3617
3640
3662
3625
3711
3637
3686
3719
3678
3721
3627
3684
3649
3708
3669
3654
3669
3725
3684
3714
3724
3717
3714
3702
3673
3653
3705
3690
3682
3728
3728
3742
3733
3749
3657
3736
3685
3722
3712
3682
3687
3722
3705
3681
3678
3690
3762
3683
3693
3725
3737
3676
3675
3738
3686
3712
3718
3761
3723
3749
3759
3770
3771
3690
3724
3771
3750
3727
3698
3714
3768
3773
3726
3719
3693
3751
3791
3723
3728
3704
3759
3732
3729
3793
3718
3737
3736
3729
3770
3761
3806
3798
3730
3767
3783
3724
3784
3714
3788
3740
3815
3809
3723
3767
3755
3792
3747
3782
3781
3742
3771
3814
3737
3783
3791
3778
3754
3761
3749
3803
3780
3740
3823
3828
3782
3796
3745
3760
3824
3821
3778
3750
3787
3750
3795
3775
3819
3826
3757
3781
3789
3843
3795
3780
3859
3797
3789
3776
3830
3818
3782
3783
3831
3863
3772
3851
3780
3780
3818
3813
3855
3799
3858
3788
3781
3870
3876
3828
3871
3832
3872
3787
3813
3799
3837
3848
3824
3877
3820
3819
3895
3844
3801
3873
3840
3898
3892
3865
3900
3814
3826
3884
3838
3836
3814
3851
3882
3823
3899
3850
3832
3835
3872
3824
3891
3861
3847
3824
3866
3881
3919
3848
3891
3881
3887
3894
3873
3902
3868
3878
3848
3919
3879
3907
3930
3886
3935
3861
3870
3858
3938
3854
3859
3892
3859
3911
3936
3870
3904
3910
3941
3948
3896
3924
3901
3893
3957
3963
3953
3920
3943
3953
3938
3926
3890
3916
3876
3919
3877
3950
3949
3915
3968
3945
3880
3973
3963
3914
3913
3960
3900
3892
3929
3908
3927
3944
3908
3896
3898
3929
3980
3963
3989
3903
3915
3954
3981
3965
3982
3919
3989
3921
3963
3956
3963
3916
3998
3981
3932
3976
3996
3941
3959
3976
4016
3943
3999
4022
3940
3994
3936
3950
3935
4026
3999
3998
3961
3998
3940
3938
3983
3977
3951
4023
4008
3998
3944
3959
3967
3988
4044
4009
4022
3999
4031
3994
4037
3963
3995
4055
4005
3967
4023
4028
4009
3984
4004
4040
3976
4012
4049
4000
4022
3991
4000
4043
4047
4033
4060
4026
3991
4066
4073
4029
4028
4026
4041
3998
4000
4014
4060
4028
4077
4086
4038
4060
4088
4062
4048
4030
4011
4029
4070
4061
4056
4070
4048
4053
4037
4020
4059
4055
4073
4048
4087
4103
4025
4096
4070
4023
4046
4041
4036
4075
4088
4084
4026
4070
4080
4075
4060
4040
4061
4115
4105
4056
4043
4068
4078
4045
4039
4132
4125
4046
4050
4051
4069
4103
4108
4062
4096
4110
4063
4102
4131
4129
4054
4128
4142
4152
4107
4086
4096
4148
4142
4152
4150
4072
4077
4147
4079
4112
4099
4109
4149
4077
4084
4088
4091
4130
4132
4105
4114
4166
4097
4119
4099
4166
4182
4121
4110
4131
4185
4096
4100
4094
4109
4111
4141
4164
4178
4196
4160
4125
4150
4127
4145
4196
4121
4151
4171
4137
4177
4199
4131
4131
4194
4158
4142
4211
4180
4165
4207
4154
4158
4162
4212
4196
4204
4205
4149
4208
4216
4142
4203
4193
4153
4150
4165
4198
4148
4220
4184
4203
4145
4151
4231
4159
4217
4232
4174
4174
4200
4248
4191
4152
4188
4187
4197
4242
4182
4202
4165
4219
4196
4236
4191
4178
4168
4186
4264
4232
4171
4184
4179
4188
4181
4184
4236
4179
4199
4194
4194
4205
4190
4194
4270
4186
4248
4268
4244
4207
4190
4256
4258
4203
4281
4273
4210
4229
4253
4248
4231
4235
4254
4202
4279
4362
4296
4254
4281
4306
4279
4302
4261
4269
4246
4234
4219
4311
4265
4257
4309
4297
4248
4233
4292
4297
4253
4281
4286
4306
4313
4312
4329
4235
4236
4249
4328
4241
4328
4327
4306
4289
4312
4261
4269
4250
4294
4298
4293
4285
4319
4313
4324
4289
4263
4335
4277
4267
4326
4289
4355
4302
4334
4290
4302
4335
4296
4273
4299
4276
4295
4353
4338
4333
4364
4362
4353
4300
4357
4311
4325
4355
4362
4378
4345
4361
4304
4319
4326
4287
4382
4346
4380
4382
4386
4344
4355
4296
4322
4357
4302
4314
4366
4306
4367
4344
4316
4327
4405
4307
4378
4381
4372
4343
4326
4334
4378
4324
4323
4414
4326
4408
4333
4383
4397
4350
4344
4418
4347
4417
4345
4428
4420
4402
4409
4355
4343
4369
4363
4356
4411
4410
4369
4363
4391
4432
4420
4434
4435
4375
4418
4418
4406
4406
4426
4414
4423
4401
4432
4381
4364
4380
4417
4428
4363
4406
4422
4449
4446
4394
4423
4375
4397
4383
4374
4425
4387
4386
4468
4465
4433
4407
4404
4442
4437
4442
4416
4450
4393
4459
4487
4484
4485
4417
4459
4485
4404
4419
4409
4447
4460
4440
4483
4461
4466
4441
4412
4503
4461
4489
4411
4424
4418
4496
4459
4510
4473
4471
4473
4474
4501
4429
4493
4512
4447
4473
4433
4517
4508
4459
4467
4513
4487
4433
4517
4497
4485
4456
4448
4529
4460
4482
4530
4530
4503
4522
4523
4504
4478
4466
4484
4478
4468
4466
4509
4539
4521
4533
4551
4520
4508
4460
4462
4547
4546
4489
4513
4496
4535
4508
4547
4481
4496
4563
4525
4523
4481
4500
4538
4576
4565
4564
4538
4487
4513
4521
4513
4583
4493
4519
4582
4524
4515
4506
4571
4517
4509
4595
4510
4595
4516
4550
4531
4538
4571
4593
4530
4588
4595
4585
4554
4577
4579
4515
4543
4577
4610
4586
4561
4524
4557
4605
4572
4593
4554
4610
4598
4600
4612
4585
4560
4566
4530
4570
4576
4564
4618
4550
4565
4621
4603
4620
4604
4552
4610
4552
4639
4642
4606
4552
4621
4617
4579
4637
4634
4643
4603
4633
4620
4598
4574
4648
4636
4620
4611
4657
4567
4615
4620
4579
4615
4577
4664
4666
4631
4642
4651
4639
4588
4591
4623
4613
4616
4658
4402
4623
4646
4622
4604
4591
4597
4641
4619
4650
4675
4608
4605
4656
4627
4667
4604
4616
4670
4626
4673
4644
4641
4656
4608
4631
4696
4675
4644
4614
4671
4647
4642
4685
4712
4714
4718
4671
4622
4653
4669
4684
4966
4641
4724
4683
4675
4716
4703
4703
4674
4718
4734
4667
4649
4703
4653
4702
4662
4696
4717
4692
4649
4662
4687
4729
4726
4684
4665
4654
4724
4707
4701
4686
4694
4725
4715
4711
4739
4677
4703
4732
4761
4764
4765
4726
4691
4731
4691
4770
4728
4696
4735
4715
4701
4682
4765
4681
4745
4702
4700
4757
4711
4773
4774
4768
4767
4706
4711
4732
4711
4706
4754
4786
4557
4721
4725
4728
4704
4712
4771
4744
4767
4760
4770
4722
4736
4765
4785
4738
4730
4728
4764
4750
4720
4815
4789
4739
4791
4798
4786
4727
4736
4783
4790
4747
4755
4806
4749
4758
4809
4786
4831
4800
4793
4773
4759
4814
4808
4803
4778
4808
4753
4772
4836
4777
4796
4797
4816
4773
4192
4779
4755
4819
4838
4842
4837
4852
4777
4824
4766
4783
4802
4857
4774
4801
4775
4790
4821
4784
4826
4843
4859
4838
4864
4785
4861
4810
4820
4781
4880
4787
4785
4793
4829
4821
4875
4811
4818
4803
4863
4821
4797
4886
4811
4855
4887
4820
4814
4807
4855
4805
4813
4893
4820
4881
4872
4909
4846
4842
4845
4844
4888
4884
4852
4883
4865
4822
4878
4853
4899
4904
4893
4885
4873
4896
4913
4844
4886
4917
4882
4897
4923
4862
4877
4934
4842
4894
4872
4894
4933
4932
4927
4942
4858
4937
4946
4865
4870
4916
4935
4854
4900
4876
4944
4900
4953
4946
4880
4939
4914
4919
4868
4928
4959
4935
4909
4909
4937
4879
4899
4941
4930
4947
4961
4953
4925
4950
4974
4942
4968
4941
4918
4961
4909
4953
4960
4917
4964
4935
4963
4989
4988
4942
4906
4952
4981
4968
4976
4975
4969
4912
4913
4995
4979
4975
4988
5006
4973
4945
4998
4949
4947
5003
4991
4944
4962
4977
4985
5103
4990
4987
4939
4971
4999
4953
5047
5009
4964
4947
5026
5001
4996
4994
4937
4992
5025
4985
5039
5025
4993
4971
5005
5006
5009
5025
4961
5009
4980
4996
4973
4971
4995
4987
5031
5013
5008
5052
4972
5008
4975
4977
5014
5065
4977
4999
4981
4992
5037
4979
5068
5033
5007
5013
5050
5042
5043
4721
4988
5028
5010
4990
5040
5033
5066
5076
5042
5038
5013
5081
5028
5086
5066
5009
5026
5094
5091
5082
5050
5014
5012
5021
5037
5056
5095
5085
5055
5042
5090
5017
5078
5051
5031
5025
5109
5050
5061
5087
5087
5094
5107
5036
5068
5119
5116
5082
5071
5082
5120
5066
5064
5075
5097
5135
5128
5039
5071
5047
5133
5077
5131
5084
5103
5131
5108
5102
5054
5124
5065
5111
5133
5123
5085
5065
5104
5150
5118
5086
5111
5101
5160
5128
5150
5149
5120
5070
5120
5074
5162
5164
5110
5145
5108
5080
5094
5129
5096
5127
5085
5090
5175
5141
5149
5132
5181
5427
5148
5095
5167
5154
5188
5185
5177
5140
5159
5145
5117
5152
5147
5148
5141
5167
5185
5188
5146
5163
5115
5145
5166
5191
5181
5160
5127
5148
5216
5206
5205
5215
5140
5148
5191
5210
5184
5158
5148
5151
5131
5205
5208
5159
5225
5165
5153
5175
5174
5185
5199
5194
5172
5218
5178
5232
5164
5173
5176
5209
5157
5200
5150
5209
5236
5233
5206
5177
5204
5223
5245
5166
5167
5175
5190
5210
5242
5236
5220
5260
5218
5232
5188
5237
5238
5267
5247
5224
5225
5198
5230
5270
5217
5242
5228
5189
5266
5263
5267
5271
5211
5253
5207
5233
5239
5250
5224
5275
5256
5264
5263
5215
5296
5225
5203
5268
5303
5258
5240
5254
5233
5212
5308
5284
5276
5298
5291
5277
5256
5303
5310
5277
5273
5237
5237
5233
5229
5257
5317
5280
5313
5256
5241
5305
5268
5233
5333
5302
5260
5240
5321
5330
5355
5299
5286
5299
5319
5340
5284
5272
5336
5262
4896
5286
5269
5352
5262
5335
5279
5328
5310
5319
5335
5340
5313
5348
5345
5358
5298
5275
5283
5293
5307
5300
5345
5311
5368
5350
5345
5315
5376
5289
5306
5331
5285
5346
5294
5292
5300
5302
5324
5306
5350
5359
5345
5387
5344
5308
5396
5348
5339
5383
5396
5362
5344
5377
5700
5317
5316
5357
5340
5344
5375
5344
5359
5322
5336
5354
5328
5370
5662
5324
5321
5353
5368
5386
5409
5357
5364
5345
5389
5375
5352
5421
5403
5352
5432
5411
5397
5435
5391
5388
5341
5387
5428
5437
5400
5400
5427
5387
5433
5369
5389
5449
5426
5443
5437
5436
5441
5436
5402
5410
5425
5364
5394
5403
5380
5455
5430
5450
5431
5420
5468
5397
5459
5377
5408
5401
5444
5405
5408
5400
5439
5444
5474
5481
5388
5450
5414
5416
5455
5466
5458
5395
5448
5415
5460
5481
5470
5420
5445
5451
5420
5459
5435
5479
5450
5448
5415
5492
5428
5489
5189
5497
5451
5507
5456
5463
5458
5446
5481
4936
5450
5423
5520
5517
5463
5472
5472
5438
5441
5474
5483
5458
5498
5520
5532
5475
5487
5500
5451
5459
5497
5487
5539
5522
5512
5472
5521
5532
5498
5547
5494
5456
5543
5487
5484
5516
5499
5545
5498
5471
5493
5519
5519
5504
5563
5526
5561
5500
5524
5547
5562
5552
5496
5567
5571
5536
5508
5549
5525
5525
5556
5485
5504
5574
5578
5520
5511
5562
5563
5522
5496
5556
5494
5532
5536
5536
5505
5586
5531
5553
5567
5539
5582
5526
5590
5516
5585
5520
5542
5568
5566
5542
5551
5584
5573
5581
5522
5591
5525
5557
5552
5564
5568
5579
5555
5580
5586
5598
5533
5583
5585
5583
5535
5620
5540
5539
5593
5611
5548
5574
5603
5595
5627
5636
5569
5620
5615
5577
5583
5647
5632
5604
5609
5577
5635
5635
5557
5614
5597
5562
5610
5563
5569
5567
5633
5579
5653
5609
5646
5649
5588
5622
5669
5594
5604
5578
5675
5654
5666
5595
5655
5639
5634
5641
5676
5621
5625
5620
5644
5593
5649
5656
5657
5646
5607
5669
5606
5663
5667
5625
5695
5695
5622
5700
5644
5701
5646
5641
5738
5616
5617
5614
5679
5640
5690
5656
5694
5696
5716
5706
5698
5685
5632
5717
5703
5662
5659
5682
5672
5661
5681
5731
5647
5696
5640
5677
5636
5710
5727
5707
5734
5731
5657
5668
5651
5657
5738
5700
5667
5701
5672
5673
5692
5710
5703
5710
5727
5702
5674
5661
5757
5717
5727
5695
5711
5757
5704
5725
5742
5745
5722
5712
5771
5685
5724
5738
5722
5718
5727
5703
5714
5769
5748
5753
5783
5689
5755
5690
5778
5717
5760
5766
5642
5722
5793
5759
5794
5778
5702
5750
5793
5707
5777
5706
5747
5744
5780
5774
5795
5803
5726
5779
5769
5764
5763
5744
5727
5757
5771
5756
5801
5767
5752
5819
5775
5808
5758
5731
5732
5734
5787
5772
5764
5745
5771
5766
5762
5764
5758
5830
5761
5800
5745
5830
5781
5816
5819
5833
5757
5750
5825
5838
5806
5845
5792
5838
5846
5775
5791
5760
5775
5836
5842
5799
5828
5786
5823
5815
5816
5822
5868
5832
5870
5790
5859
5821
5806
5799
5814
5877
5851
5800
5839
5825
5815
5787
5870
5847
5796
5877
5871
5841
5850
5836
5882
5847
5877
5821
5803
5869
5843
5857
5856
5893
5868
5887
5858
5864
5876
5876
5880
5841
5816
5866
5850
5872
5843
5841
5857
5898
5867
5827
5823
5845
5919
5825
5910
5834
5845
5835
5910
5922
5913
5846
5922
5848
5874
5852
5936
5881
5856
5903
5869
5887
5867
5925
5862
5913
5925
5889
5867
5927
5883
5941
5886
5907
5909
5863
5948
5955
5891
5929
5938
5888
5895
5942
5913
5876
5940
5895
5872
5944
5962
5905
5889
5947
5936
5902
5883
5964
5909
5920
5942
5910
5884
5944
5981
5986
5945
5913
5906
5931
5957
5935
5935
5971
5897
5969
5903
5916
5572
5928
5945
5961
5933
5982
5941
5957
5971
5934
5925
5918
5934
5983
5932
5961
5922
5986
5983
5927
5997
6005
6000
5989
5927
5970
5997
5963
5966
5959
5975
5965
5993
6024
6022
6031
6015
5969
6017
6016
5998
5989
5986
6019
6000
5982
5998
5951
6001
6166
5984
5953
6023
6021
6028
6008
6041
6025
6047
5972
6001
6031
6016
5978
6001
5973
6009
5981
5984
5984
6012
6008
6039
6071
6007
6020
6064
6000
6045
6019
6050
6025
5988
6026
5999
6063
5993
6052
6054
6039
6041
6066
6011
6014
5998
5999
6033
6092
6050
6046
6037
6037
6011
6053
6058
6096
6030
6039
6037
6011
6010
6110
6078
6101
6064
6090
6075
6107
6032
6073
6111
6030
6034
6117
6074
6030
6077
6074
6100
6092
6124
6057
6082
6041
6035
6042
6049
6065
6115
6139
6056
6106
6076
6124
6075
6046
6141
6124
6104
6086
6111
6094
6097
6114
6108
6092
6143
6091
6381
6083
6146
6071
6142
6123
6130
6119
6157
6130
6071
6087
6120
6117
6124
6137
6162
6122
6105
6080
6097
6099
6140
6154
6123
6138
6131
6096
6156
6175
6127
6146
6092
6134
6174
6189
6170
6185
6165
6128
6176
6156
6107
6128
6140
6169
6202
6115
6188
6140
6152
6208
6181
6157
6170
6185
6213
6173
6168
6167
6125
6136
6210
6199
6190
6150
6140
6158
6154
6164
6213
6140
6149
6198
6176
6218
6141
6215
6231
6216
6232
6209
6217
6157
6186
6240
6178
6159
6208
6162
6213
6192
6210
6195
6162
6203
6173
6219
6217
6165
6226
6259
6188
6260
6236
6256
6174
6250
6249
6216
6262
6195
6208
6204
6180
6262
6206
6239
6198
6273
6223
6274
6264
6183
6242
6237
6280
6282
6237
6266
6207
6192
6200
6264
6224
6216
6267
6276
6207
6226
6257
6274
6246
6298
6253
6243
6268
6269
6293
6258
6287
6259
6260
6295
6218
6259
6261
6230
6240
6222
6279
6315
6233
6227
6273
6285
6289
6234
6285
6280
6235
6252
6290
6286
6263
6272
6316
6296
6308
6281
6304
6267
6290
6334
6309
6330
6329
6262
6325
6280
6290
6306
6301
6347
6328
6283
6322
6285
6257
6334
6330
6313
6261
6359
6320
6356
6283
6322
6307
6289
6307
6326
6279
6304
6367
6302
6325
6324
6355
6368
6374
6357
6368
6359
6302
6304
6382
6320
6365
6299
6330
6369
6361
6371
6304
6299
6304
6346
6383
6314
6377
6377
6300
6384
6302
6305
6373
6404
6383
6364
6372
6392
6333
6350
6343
6404
6324
6381
6319
6343
6318
6405
6414
6414
6384
6333
6366
6366
6371
6418
6375
6378
6354
6405
6353
6378
6400
6355
6432
6379
6356
6406
6368
6367
6436
6399
6366
6404
6421
6379
6422
6377
6360
6434
6381
6383
6381
6361
6449
6412
6457
6377
6437
6377
6454
6461
6453
6397
6418
6372
6447
6457
6420
6439
6458
6396
6412
6393
6453
6380
6432
6462
6479
6404
6481
6403
6412
6428
6400
6473
6476
6449
6438
6460
6411
6406
6411
6418
6481
6494
6439
6454
6410
6494
6466
6409
6481
6467
6430
6408
6499
6443
6451
6414
6499
6438
6461
6435
6425
6460
6438
6460
6494
6486
6466
6490
6522
6441
6466
6508
6431
6490
6518
6496
6457
6480
6515
6531
6459
6484
6445
6486
6446
6532
6486
6537
6534
6459
6538
6459
6482
6492
6526
6512
6478
6524
6504
6489
6480
6460
6547
6511
6487
6557
6510
6557
6553
6542
6554
6534
6470
6550
6493
6568
6487
6523
6555
6540
6538
6481
6553
6493
6543
6482
6495
6553
6504
6581
6561
6506
6562
6515
6523
6572
6562
6513
6524
6556
6582
6536
6594
6523
6584
6566
6537
6568
6523
6554
6537
6542
6551
6524
6543
6554
6531
6596
6552
6603
6608
6601
6597
6554
6611
6550
6562
6532
6563
6583
6564
6610
6584
6566
6547
6618
6575
6631
6538
6596
6605
6547
6587
6541
6612
6560
6580
6546
6607
6569
6597
6609
6567
6624
6619
6618
6584
6640
6651
6577
6595
6616
6629
6566
6644
6600
6580
6604
6583
6630
6599
6588
6660
6626
6656
6646
6613
6612
6592
6652
6625
6676
6677
6647
6619
6612
6665
6653
6586
6623
6609
6667
6620
6681
6629
6613
6679
6687
6691
6694
6610
6633
6645
6652
6618
6604
6660
6636
6628
6691
6670
6676
6631
6660
6649
6686
6704
6643
6680
6626
6679
6635
6638
6663
6689
6661
6671
6654
6677
6634
6718
6632
6724
6656
6667
6706
6670
6685
6732
6681
6647
6673
6664
6701
6684
6676
6680
6697
6670
6680
6700
6692
6677
6686
6731
6699
6697
6683
6716
6670
6680
6749
6680
6753
6719
6756
6759
6722
6684
6696
6752
6700
6716
6717
6671
6743
6716
6693
6675
6718
6774
6727
6731
6744
6709
6758
6752
6706
6723
6696
6765
6750
6740
6728
6703
6751
6702
6757
6734
6761
6701
6746
6721
6762
6755
6710
6739
6798
6716
6770
6765
6781
6803
6729
6735
6723
6784
6778
6738
6770
6811
6665
6747
6723
6762
6756
6748
6808
6727
6768
6737
6776
6746
6781
6751
6774
6817
6795
6753
6804
6803
6760
6783
6761
6745
6787
6815
6743
6841
6752
6762
6824
6766
6812
6789
6836
6815
6840
6851
6838
6768
6816
6815
6785
6789
6775
6847
6794
6861
6796
6825
6848
6842
6781
6817
6789
6787
6872
6827
6863
6818
6814
6851
6808
6829
6833
6785
6792
6790
6878
6829
6823
6822
6810
6884
6868
6803
6826
6838
6831
6829
6883
6870
6800
6805
6884
6833
6870
6837
6870
6814
6875
6822
6860
6825
6847
6826
6830
6862
6819
6910
6909
6819
6874
6898
6855
6911
6826
6886
6904
6920
6899
6925
6847
6881
6882
6906
6905
6881
6889
6897
6876
6913
6873
6920
6936
6873
6888
6841
6942
6898
6879
6905
6948
6885
6865
6916
6887
6932
6913
6883
6931
6878
6930
6926
6864
6904
6871
6921
6954
6925
6869
6900
6960
6926
6918
6946
6940
6926
6918
6924
6935
6947
6935
6895
6966
6922
6891
6918
6936
6901
6969
6974
6984
6915
6918
6963
6984
6940
6897
6979
6904
6974
6997
6970
6943
6932
6988
6991
6996
6933
6977
6953
6966
6914
6987
6996
6976
6966
6960
6989
6934
6964
6978
6941
6974
6948
6990
7012
7009
6982
7023
7009
6953
6954
6932
7011
6984
6954
7006
6945
6956
6977
7035
6950
7040
6963
6980
6951
6981
6953
7018
7030
7042
7037
7050
7037
6995
7041
7049
6987
6992
6993
7027
6963
6990
7037
7036
7008
6968
7058
7042
6985
7010
7028
6981
7061
7003
7032
7031
7073
7019
7055
7029
7006
7000
7016
7003
7079
7054
7016
7038
7016
7054
7089
7060
7016
7076
7056
7062
7071
7045
7091
7080
7078
7024
7089
7063
7100
7030
7069
7067
7087
7099
7013
7021
7047
7113
7061
7074
7051
7057
7114
7033
7037
7105
7097
7068
7070
7076
7047
7074
7097
7030
7092
7068
7110
7072
7082
7120
7039
7058
7097
7096
7113
7097
7088
7047
7125
7139
7051
7134
7114
7072
7129
7107
7134
7146
7096
7143
7152
7090
7142
7096
7089
7108
7083
7098
7074
7082
7109
7117
7166
7159
7130
7097
7122
7099
7106
7151
7127
7123
7141
7087
7175
7088
7090
7110
7117
7136
7144
7103
7120
7178
7139
7184
7153
7132
7175
7160
7116
7101
7131
7151
7106
7173
7114
7119
7107
7148
7125
7147
7181
7122
7196
7180
7168
7206
7195
7133
7203
7134
7132
7181
7135
7186
7172
7144
7124
7174
7179
7160
7211
7218
7197
7167
7226
7134
7152
7198
7190
7208
7211
7229
7187
7235
7206
7185
7155
7201
7161
7217
7238
7225
7162
7203
7165
7217
7207
7179
7164
7198
7244
7201
7179
7163
7165
7223
7254
7198
7201
7240
7239
7241
7218
7184
7235
7239
7194
7233
7272
7276
7228
7267
7184
7245
7212
7217
7223
7196
7198
7260
7188
7275
7237
7248
7200
7203
7204
7232
7196
7287
7261
7259
7217
7252
7267
7221
7212
7298
7268
7252
7217
7237
7280
7262
7311
7239
7275
7291
7263
7232
7252
7260
7314
7321
7315
7223
7277
7298
7297
7305
7324
7239
7232
7244
7325
7318
7314
7332
7269
7303
7252
7318
7320
7317
7268
7325
7282
7291
7304
7333
7259
7270
7306
7267
7289
7344
7328
7353
7275
7281
7314
7359
7273
7334
7265
7293
7305
7334
7278
7273
7333
7336
7287
7295
7278
7344
7303
7295
7317
7291
7370
7350
7349
7289
7289
7383
7299
7342
7351
7296
7340
7384
7359
7372
7389
7344
7387
7359
7368
7362
7322
7333
7308
7378
7344
7307
7313
7318
7349
7382
7341
7321
7396
7317
7338
7320
7374
7407
7388
7348
7381
7384
7413
7321
7343
7391
7332
7408
7376
7384
7383
7393
7385
7377
7335
7380
7431
7432
7423
7386
7345
7412
7392
7439
7345
7348
7408
7406
7383
7444
7394
7384
7370
7385
7359
7401
7382
7367
7387
7403
7454
7448
7425
7416
7406
7447
7437
7433
7414
7448
7458
7385
7455
7374
7423
7435
7418
7423
7461
7383
7455
7426
7461
7387
7466
7463
7476
7430
7469
7433
7440
7433
7442
7417
7457
7436
7413
7468
7465
7397
7496
7439
7406
7482
7461
7500
7461
7449
7439
7425
7434
7447
7508
7434
7468
7497
7416
7508
7449
7462
7517
7505
7494
7473
7512
7459
7465
7483
7056
7430
7473
7454
7441
7467
7506
7455
7499
7154
7513
7457
7449
7525
7512
7466
7447
7462
7508
7507
7469
7515
7485
7520
7464
7455
7533
7550
7507
7472
7542
7504
7555
7489
7461
7472
7466
7490
7511
7485
7557
7514
7527
7482
7508
7501
7480
7544
7512
7574
7494
7490
7539
7556
7484
7537
7538
7489
7503
7486
7545
7562
7496
7583
7522
7552
7517
7549
7543
7589
7498
7591
7591
7531
7261
7557
7560
7591
7509
7543
7576
7529
7548
7598
7571
7543
7534
7554
7538
7542
7615
7519
7608
7613
7521
7613
7530
7623
7593
7570
7527
7593
7539
7551
7578
7630
7534
7569
7597
7567
7636
7623
7631
7550
7576
7555
7581
7601
7564
7551
7630
7633
7612
7564
7614
7626
7588
7580
7563
7646
7589
7630
7635
7613
7576
7636
7648
7575
7612
7656
7598
7652
7571
7665
7631
7610
7657
7586
7665
7590
7643
7664
7611
7585
7628
7676
7638
7632
7644
7625
7598
7631
7615
7673
7653
7592
7683
7650
7636
7692
7652
7692
7641
7683
7631
7664
7613
7609
7654
7643
7642
7614
7677
7646
7613
7622
7613
7657
7676
7642
7706
7713
7703
7704
7700
7685
7669
7655
7722
7641
7703
7643
7713
7682
7711
7731
7688
7729
7725
7667
7672
7732
7724
7715
7640
7736
7711
7732
7661
7724
7655
7679
7673
7703
7691
7711
7682
7704
7684
7694
7718
7739
7696
7729
7748
7694
7708
7734
7726
7714
7709
7685
7697
7751
7686
7819
7681
7735
7746
7709
7678
7759
7696
7726
7780
7731
7688
7691
7729
7784
7752
7726
7727
7740
7714
7766
7712
7761
7756
7746
7762
7758
7766
7792
7731
7800
7722
7754
7778
7761
7760
7792
7783
7749
7730
7712
7800
7732
7779
7783
7722
7748
7768
7743
7730
7753
7741
7726
7790
7729
7741
7799
7789
7774
7750
7748
7831
7768
7739
7781
7748
7767
7788
7744
7804
7792
7831
7835
7843
7792
7792
7763
7848
7811
7761
7813
7797
7822
7760
7826
7854
7835
7794
7763
7822
7861
7789
7796
7798
7769
7860
7810
7818
7791
7857
7812
7791
7796
7815
7819
7872
7868
7792
7847
7871
7794
7849
7836
7868
7814
7834
7862
7869
7792
7873
7652
7812
7885
7885
7833
7852
7819
7871
7810
7844
7811
7841
7891
7903
7876
7829
7905
7906
7869
7898
7837
7905
7887
7855
7898
7861
7906
7872
7832
7917
7912
7825
7859
7871
7854
7889
7927
7854
7861
7876
7882
7865
7848
7869
7874
7910
7885
7875
7921
7866
7844
7849
7939
7873
7905
7906
7944
7898
7890
7874
7887
7932
7937
7872
7939
7860
7897
7894
7899
7913
7881
7957
7949
7940
7889
7926
7935
7895
7942
7967
7907
7934
7933
7942
7923
7897
7932
7907
7889
7938
7962
7944
7950
7973
7899
7951
7959
7940
7943
7964
7904
7894
7986
7922
7943
7922
7947
7981
7957
7917
7977
7938
7997
7979
7991
7981
7988
7961
7976
7979
7960
7951
7919
7916
8002
7983
7963
7958
7936
8006
7976
7934
7991
7953
7938
7968
7935
7986
7987
7954
7992
7951
7946
8024
7970
7967
8016
8000
8033
8019
8023
7990
8016
7985
8036
7974
8036
8034
7969
8009
8001
8026
8044
8001
7975
7993
7959
8026
8043
7984
8045
8037
8013
7992
8015
7979
7978
7975
8008
8064
8003
7982
8022
7981
8016
8016
7994
8020
8036
8056
8078
7993
7998
8020
8067
8015
8032
8027
8071
8023
8059
8084
8043
8059
8005
8041
8086
8020
8013
8045
8006
8021
8055
8013
8018
8014
8054
8077
8105
8016
8019
8042
8090
8109
8081
8116
8078
8075
8113
8025
8114
8081
8043
8092
8068
8084
8054
8060
8048
8127
8113
8108
8123
8057
8123
8059
8082
8070
8096
8043
8044
8052
8071
8127
8100
8113
8068
8076
8144
8138
8074
8117
8105
8083
8082
8152
8153
8060
8071
8135
8098
8111
8097
8072
8090
8091
8134
8139
8137
8135
8131
8102
8116
8167
8116
8166
8161
8142
8104
8166
8107
8112
8156
8164
8156
8170
8160
8114
8092
8171
8146
8132
8174
8162
8191
8111
8136
8171
8193
8144
8137
8108
8139
8192
8143
8163
8155
8156
8160
8183
8171
8160
8171
8171
8137
8139
8149
8166
8132
8124
7934
8176
8127
8155
8132
8214
8192
8140
8214
8228
8224
8221
8147
8234
8171
8136
8168
8197
8203
8227
8205
8147
8213
8210
8239
8207
8153
8237
8216
8231
8188
8184
8185
8178
8179
8343
8244
8182
8174
8232
8073
8260
8235
8237
8201
8265
8206
8175
8208
8213
8179
8193
8271
8177
8223
8221
8219
8256
8230
8209
8276
8248
8209
8234
8249
8195
8189
8229
8238
8216
8219
8234
8220
8225
8244
8268
8243
8242
8260
8224
8222
8207
8282
8249
8212
8214
8288
8280
8229
8278
8261
8307
8236
8226
8281
8219
8255
8268
8311
8309
8231
8307
8228
7815
8310
8239
8266
8293
8247
8305
8294
8277
8305
8324
8296
8288
8243
8307
8243
8251
8325
8289
8246
8261
8288
8313
8265
8304
8323
8289
8288
8258
8304
8258
8285
8354
8332
8287
8306
8301
8267
8328
8329
8357
8304
8296
8337
8315
8334
8342
8274
8347
8344
8350
8291
8333
8286
8359
8289
8323
8353
8313
8306
8364
8181
8379
8330
8372
8380
8321
8312
8382
8327
8340
8307
8317
8356
8379
8385
8431
8342
8373
8308
8373
8340
8371
8377
8355
8370
8339
8375
8355
8334
8328
8394
8361
8398
8369
8396
8390
8399
8365
8387
8385
8415
8360
8392
8342
8343
8377
8341
8403
8373
8339
8339
8395
8381
8436
8393
8422
8430
8399
8364
8378
8422
8433
8348
8436
8439
8420
8431
8397
8387
8419
8377
8439
8413
8408
8374
8366
8420
8418
8417
8386
8366
8377
8431
8430
8437
8463
8389
8396
8443
8420
8379
8465
8440
8439
8462
8419
8424
8443
8477
8429
8452
8481
8416
8439
8393
8400
8465
8469
8417
8414
8438
8453
8476
8468
8053
8450
8420
8494
8407
8450
8460
8452
8477
8470
8426
8501
8503
8460
8489
8470
8444
8476
8497
8510
8432
8483
8515
8007
8517
8485
8438
8499
8470
8511
8506
8467
8504
8491
8494
8462
8483
8525
8459
8518
8452
8465
8530
8473
8535
8539
8539
8460
8541
8499
8508
8468
8533
8533
8539
8477
8500
8537
8490
8557
8484
8542
8481
8489
8490
8478
8549
8554
8478
8468
8517
8530
8564
8504
8528
8501
8558
8544
8533
8490
8489
8532
8509
8569
8664
8531
8516
8565
8575
8561
8525
8519
8493
8567
8496
8539
8570
8576
8594
8514
8524
8561
8527
8583
8588
8574
8599
8600
8578
8604
8562
8522
8581
8607
8580
7954
8560
8526
8549
8610
8600
8585
8559
8598
8582
8552
8602
8609
8546
8534
8558
8547
8542
8585
8591
8582
8589
8554
8588
8543
8556
8602
8596
8558
8585
8577
8629
8621
8572
8582
8574
8605
8559
8583
8562
8602
8558
8656
8632
8566
8580
8592
8613
8576
8616
8597
8610
8589
8577
8620
8617
8656
8660
8609
8587
8628
8642
8607
8606
8592
8666
8628
8607
8651
8618
8614
8664
8669
8645
8605
8662
8689
8613
8671
8643
8597
8675
8680
8655
8688
8623
8638
8610
8638
8611
8649
8661
8611
8675
8637
8691
8649
8667
8700
8706
8690
8683
8661
8642
8643
8660
8717
8641
8646
8635
8626
8660
8697
8642
8712
8642
8710
8681
8713
8724
8674
8692
8699
8693
8653
8733
8718
8646
8653
8695
8719
8719
8689
8698
8731
8730
8664
8721
8657
8687
8695
8693
8743
8710
8720
8660
8758
8673
8688
8701
8692
8723
8718
8730
8717
8471
8688
8757
8682
8750
8689
8755
8723
8724
8729
8709
8744
8688
8765
8695
8757
8703
8730
8729
8701
8764
8692
8778
8765
8736
8773
8775
8778
8774
8749
8776
8782
8755
8722
8793
8778
8796
8726
8751
8723
8796
8723
8783
8738
8804
8790
8748
8793
8783
8802
8773
8796
8762
8728
8727
8754
8768
8786
8744
8825
8736
8784
8808
8755
8763
8818
8766
8816
8764
8774
8831
8747
8816
8842
8751
8823
8843
8783
8839
8800
8809
8807
8841
8761
8827
8782
8818
8838
8794
8801
8776
8843
8837
8823
8800
8764
8788
8816
8858
8824
8817
8824
8810
8790
8824
8850
8849
8819
8831
8792
8849
8859
8792
8860
8881
8823
8844
8796
8790
8843
8834
8837
8842
8852
8844
8855
8864
8859
8865
8870
8883
8864
8896
8816
8872
8863
8878
8904
8902
8821
8827
8878
8841
8838
8842
8816
8829
8882
8821
8823
8824
8835
8833
8898
8895
8917
8867
8871
8896
8911
8862
8921
8878
8838
8883
8858
8863
8483
8901
8848
8900
8858
8858
8940
8867
8884
8869
8880
8887
8859
8936
8856
8865
8948
8866
8872
8862
8882
8877
8937
8926
8943
8916
8941
8916
8948
8936
8901
8936
8928
8912
8906
8883
8893
8968
8893
8910
8900
8927
8961
8958
8883
8884
8945
8935
8890
8922
8923
8965
8892
8922
8963
8949
8942
8991
8989
8925
8936
8959
8927
8930
8999
8960
8930
9001
8960
8910
8990
8981
8980
8960
8995
8924
8998
8990
8915
8989
8982
8957
8953
9004
9014
8965
9021
8937
9001
8980
8943
8944
8930
8943
8997
8943
9018
8938
8982
9015
9036
8958
9022
8997
8949
8977
8955
8980
8991
8960
8974
8989
8949
9034
9019
9021
8956
9037
9028
9042
9017
8992
8993
9059
8994
8999
8969
9058
9026
9036
8989
8996
9011
9046
8996
9002
9041
9009
9036
9044
8988
9044
9053
9015
9007
9038
9029
8997
8992
9085
8640
9006
8998
9076
9077
9064
8994
9029
9072
9019
9047
9038
9054
9056
9079
9009
9038
9076
9078
9101
9045
9024
9075
9105
9041
9070
9056
9014
9072
9104
9030
9081
9027
9044
9024
9034
9074
9087
9044
9062
9072
9102
9056
9107
9033
9113
9102
9126
9097
9076
9123
9126
9106
9073
9138
9099
9113
9055
9123
9137
9052
9088
9071
9113
9145
9142
9147
9075
9153
9057
9144
9087
9123
9074
9080
9066
9091
9075
9090
9160
9075
9160
9104
9151
9086
9159
9106
9123
9094
9155
8870
9109
9121
9110
9122
9151
9122
9137
9181
9114
9170
9098
9095
9153
9189
9163
9166
9124
9112
9128
9126
9187
9111
9100
9169
9155
9112
9128
9117
9149
9158
9193
9142
9150
9136
9181
9174
9186
9149
9183
9204
9117
9212
9203
9139
9141
9142
9130
9190
9130
9134
9177
9225
9189
9134
9142
9224
9177
9210
9217
9169
9188
9236
9150
9168
9171
9193
9171
9191
9154
9147
9199
9211
9232
9232
9181
9217
9185
9159
9223
9209
9168
9257
9216
9198
9189
9240
9173
9261
9228
9198
9250
9171
9215
9189
9224
9269
9227
9220
9190
9262
9178
9224
9244
9195
9248
9241
9208
9200
9247
9251
9261
9199
9227
9280
9225
9202
9268
9236
9011
9218
9235
9243
9252
9292
9243
9204
9269
9240
9244
9224
9212
9252
9268
9234
9232
9222
9260
9279
9290
9252
9229
9313
9254
9238
9306
9309
9245
9298
9233
9285
9249
9229
9264
9302
9279
9235
9247
9303
9248
9330
9255
9336
9315
9279
9335
9306
9266
9327
9259
9314
9311
9339
9302
9292
9294
9255
9267
9267
9325
9314
9005
9274
9309
9359
9347
9294
9330
9329
9353
9360
9345
9273
9296
9364
9331
9366
9323
9280
9324
9293
9311
9317
9305
9358
9320
9377
9355
9367
9381
9366
9289
9311
9361
9312
9335
9353
9340
9394
9308
9328
9368
9303
9340
9338
9307
9396
9393
9358
9404
9359
9324
9369
9399
9406
9323
9367
9384
9318
9396
9324
9389
9412
9326
9403
9361
9365
9336
9330
9404
9402
9360
9413
9394
9368
9416
9427
9335
9416
9366
9367
9353
9384
9343
9425
9349
9345
9134
9385
9368
9438
9373
9418
9407
9421
9429
9407
9452
9432
9356
9452
9368
9419
9403
9411
9423
9377
9369
9402
9382
9370
9454
9465
9441
9378
9438
9374
9380
9454
9382
9438
9459
9424
9442
9466
9401
9409
9477
9437
9457
9452
9412
9440
9402
9393
9433
9467
9463
9399
9478
9487
9406
9423
9409
9422
9433
9424
9440
9467
9497
9432
9456
9415
9418
9502
9431
9508
9450
9420
9492
9491
9492
9460
9516
9470
9463
9432
9423
9451
9434
9489
9495
9516
9478
9489
9499
9539
9443
9486
9487
9479
9466
9504
9489
9458
9522
9533
9536
9534
9447
9448
9510
9537
9463
9485
9460
9514
9455
9468
9479
9476
9482
9527
9552
9473
9471
9496
9513
9546
9547
9531
9531
9517
9559
9520
9544
9559
9553
9510
9570
9490
9551
9564
9481
9526
9534
9495
9562
9486
9540
9524
9519
9499
9502
9575
9571
9572
9508
9506
9534
9499
9499
9525
9500
9557
9582
9524
9520
9595
9579
9548
9538
9591
9593
9571
9528
9575
9543
9580
9611
9589
9553
9606
9571
9544
9524
9581
9564
9556
9528
9515
9594
9585
9615
9572
9614
9574
9604
9551
9622
9596
9568
9545
9591
9632
9585
9578
9643
9595
9617
9635
9640
9598
9563
9594
9583
9564
9644
9640
9570
9561
9606
9635
9592
9585
9632
9615
9590
9608
9643
9640
9598
9664
9602
9625
9599
9614
9606
9620
9651
9614
9671
9673
9650
9663
9652
9680
9660
9621
9666
9683
9662
9655
9631
9687
9660
9688
9635
9629
9684
9660
9678
9696
9613
9618
9692
9688
9655
9667
9610
9672
9625
9698
9707
9689
9688
9650
9681
9636
9637
9631
9684
9712
9673
9634
9652
9674
9687
9662
9710
9669
9713
9633
9723
9634
9710
9690
9643
9731
9668
9653
9645
9716
9658
9686
9725
9652
9660
9671
9721
9681
9665
9733
9706
9657
9711
9708
9743
9724
9753
9656
9716
9706
9667
9714
9759
9675
9707
9708
9754
9749
9735
9737
9704
9730
9716
9740
9748
9758
9694
9721
9775
9722
9683
9779
9770
9779
9761
9691
9740
9759
9747
9736
9709
9781
9776
9708
9710
9784
9742
9773
9782
9793
9789
9745
9705
9773
9771
9738
9758
9781
9739
9721
9756
9720
9735
9716
9737
9781
9779
9768
9732
9770
9791
9787
9791
9770
9819
9808
9816
9802
9787
9742
9797
9787
9732
9764
9807
9823
9768
9756
9753
9782
9777
9755
9759
9803
9771
9758
9806
9766
9747
9824
9806
9761
9814
9766
9793
9838
9765
9772
9769
9813
9794
9822
9843
9838
9782
9844
9844
9777
9768
9780
9796
9835
9860
9846
9864
9791
9786
9804
9839
9781
9783
9803
9875
9824
9791
9792
9839
9855
9872
9869
9874
9794
9834
9856
9880
9858
9854
9848
9853
9833
9824
9862
9850
9811
9845
9867
9855
9866
9901
9905
9817
9850
9889
9877
9822
9882
9882
9846
9822
9901
9906
9892
9901
9833
9824
9918
9826
9907
9886
9878
9868
9879
9915
9875
9847
9838
9840
9897
9860
9917
9863
9928
9851
9940
9939
9897
9938
9928
9944
9908
9892
9875
9922
9950
9936
9857
9954
9914
9909
9905
9862
9886
9945
9934
9867
9956
9961
9878
9919
9900
9873
9889
9875
9893
9920
9936
9877
9956
9927
9933
9911
9914
9899
9946
9974
9957
9929
9976
9917
9980
9972
9912
9979
9970
9834
9938
9927
9897
9933
9970
9992
9968
9926
9948
9961
9949
9957
9989
9957
9922
9936
9984
9918
9919
9949
10004
9981
9984
9953
9937
9934
9936
9949
9979
10018
9933
9956
9984
9929
9959
9932
9975
10014
10016
10012
10000
10017
9967
10029
9974
9971
9998
10036
10038
10014
10027
9992
10033
10040
9983
10013
10045
10006
9975
10008
9976
10054
10041
9981
10047
10050
10016
10005
10005
9995
10007
9969
10010
9971
10029
9973
10046
10022
9985
10020
9986
9980
9993
10008
10067
10046
10063
10074
9989
10070
10030
10034
10030
10041
10080
9991
10079
10051
10053
10011
10015
10032
10066
10046
10095
10034
10096
10055
10045
10040
10078
10097
10034
10090
10040
10088
10023
10025
10016
10063
10030
10108
10046
10057
10023
10046
10038
10068
10096
10041
10035
10078
10081
10046
10110
10039
10041
10106
10054
10095
10038
10061
10056
10070
10081
10066
10081
10066
10051
10127
10078
10123
10072
10121
10110
10112
10126
10085
10105
10067
10070
10142
10135
10061
10136
10086
10066
10094
10128
10066
10135
10090
10138
10070
10086
10134
10166
10094
10138
10140
10089
10105
10117
10156
10152
10136
10147
10096
10150
10140
10134
10158
10170
10105
10117
10146
10164
10121
10136
10104
10101
10148
10188
10119
10167
10113
10119
10111
10198
10178
10136
10160
10183
10162
10159
10136
10148
10114
10144
10211
10194
10166
10148
10200
10197
10180
10187
10133
10137
10192
10188
10194
10173
10160
10134
10215
10185
10132
10155
10198
10154
10176
10199
10281
10152
10149
10175
10185
10150
10152
10145
10224
10178
10162
10226
10247
10198
10184
10210
10176
10176
10220
10229
10165
10210
10173
10233
10180
10258
10212
10226
10232
10194
10226
10179
10240
10223
10189
10241
10311
10253
10183
10200
10265
10249
10213
10206
10252
10249
10236
10217
10221
10220
10258
10267
10275
10278
10280
10253
10230
10223
10218
10211
10274
10258
10270
10287
10265
10279
10266
10224
10292
10252
10244
10303
10286
10283
10304
10287
10307
10294
10275
10238
10222
10318
10274
10296
10305
10257
10226
10257
10324
10228
10251
10316
10242
10298
10236
10292
10248
10253
10318
10240
10302
10307
10311
10330
10312
10311
10295
10305
10312
10250
10261
10338
10315
10322
10322
10339
10286
10312
10261
10328
10351
10353
10268
10316
10297
10353
10303
10332
10289
10314
10364
10351
10369
10296
9966
10354
10315
10314
10282
10323
10346
10328
10342
10283
10344
10316
10336
10338
10314
10314
10317
10370
10338
10375
10293
10306
10319
10344
10350
10361
10374
10312
10315
10379
10382
10317
10355
10368
10405
10354
10320
10392
10311
10379
10382
10369
10390
10335
10396
10325
10400
10332
10331
10370
10349
10368
10386
10345
10331
10380
10410
10420
10355
10339
10388
10333
10430
10417
10410
10393
10400
10394
10398
10368
10360
10387
9907
10387
10667
10408
10421
10435
10379
10379
10390
10446
10442
10453
10373
10403
10436
10365
10418
10422
10442
10380
10388
10397
10427
10368
10461
10467
10427
10405
10448
10401
10393
10435
10450
10443
10435
10432
10456
10437
10457
10433
10456
10386
10428
10467
10461
10466
10466
10436
10449
10425
10459
10421
10419
10477
10484
10413
10482
10441
10419
10478
10420
10079
10452
10491
10418
10424
10439
10453
10470
10419
10479
10505
10490
10456
10514
10454
10486
10490
10469
10426
10513
10465
10467
10481
10492
10476
10474
10437
10479
10458
10473
10465
10479
10456
10521
10536
10444
10480
10541
10541
10503
10528
10473
10529
10506
10475
10456
10493
10481
10511
10455
10528
10550
10553
10522
10504
10534
10554
10511
10537
10528
10465
10514
10487
10478
10537
10504
10498
10533
10547
10531
10534
10558
10488
10526
10570
10488
10564
10543
10524
10569
10567
10583
10583
10516
10540
10577
10505
10542
10582
10556
10574
10593
10559
10556
10538
10547
10585
10532
10585
10583
10588
10549
10552
10567
10572
10580
10553
10522
10534
10559
10562
10615
10529
10592
10545
10573
10610
10550
10588
10558
10524
10593
10560
10587
10572
10549
10617
10627
10621
10533
10604
10621
10566
10556
10625
10601
10583
10633
10587
10546
10559
10545
10623
10582
10561
10586
10573
10611
10554
10622
10571
10620
10564
10564
10575
10565
10590
10644
10632
10564
10581
10598
10650
10584
10659
10653
10630
10634
10640
10645
10512
10622
10602
10601
10628
10676
10657
10679
10677
10587
10670
10640
10648
10600
10616
10645
10652
10662
10603
10652
10607
10652
10684
10608
10673
10644
10601
10605
10612
10701
10688
10641
10696
10644
10652
10642
10681
10700
10618
10704
10635
10637
10714
10705
10688
10625
10691
10679
10652
10701
10666
10713
10629
10703
10642
10691
10664
10647
10637
10704
10704
10669
10676
10733
10732
10716
10674
10674
10662
10713
10727
10702
10659
10744
10715
10668
10675
10732
10682
10683
10716
10735
10669
10696
10729
10670
10691
10674
10751
10714
10714
10697
10698
10719
10758
10736
10767
10716
10716
10702
10713
10764
10686
10700
10738
10756
10741
10769
10750
10769
10776
10724
10700
10761
10765
10700
10768
10696
10320
10773
10725
10768
10713
10757
10734
10735
10764
10788
10754
10756
10785
10779
10736
10789
10724
10755
10753
10725
10719
10752
10774
10804
10625
10749
10797
10739
10723
10813
10746
10808
10785
10779
10778
10786
10779
10525
10797
10828
10804
10768
10812
10768
10815
10828
10756
10790
10839
10809
10788
10801
10780
10804
10789
10927
10822
10802
10765
10833
10841
10848
10774
10771
10823
10830
10778
10759
10808
10761
10772
10801
10852
10821
10807
10842
10825
10849
10796
10863
10815
10830
10846
10825
10831
10816
10860
10853
10835
10789
10830
10850
10863
10849
10857
10844
10828
10847
10821
10794
10810
10800
10806
10813
10874
10805
10828
10818
10816
10846
10876
10808
10849
10835
10807
10845
10860
10856
10876
10878
10845
10868
10819
10836
10859
10839
10865
10846
10864
10873
10827
10833
10865
10863
10855
10917
10850
10914
10905
10835
10909
10876
10891
10905
10911
10875
10925
10866
10849
10893
10927
10859
10910
10864
10902
10866
10889
10934
10948
10938
10857
11228
10897
10900
10923
10877
10871
10955
10937
10880
10879
10495
10955
10937
10965
10941
10900
10889
10885
10941
10905
10965
10945
10945
10938
10907
10929
10897
10950
10941
10959
10982
10968
10920
10952
10970
10940
10915
10908
10989
10941
10959
10929
10918
10962
10936
10968
10928
10927
10962
10962
10970
10991
10935
10939
10943
10908
10915
10926
10986
10961
10927
10966
10940
10970
10945
10922
10962
10977
10989
10967
10928
10990
10943
10940
11025
11021
10994
10984
10990
11012
10978
10959
10961
10944
11035
10949
11019
10945
11016
10947
10959
10991
11035
11043
11041
11009
11037
10953
10991
11009
11013
10964
11013
10989
11039
11022
11022
10963
11030
11037
11001
11053
10966
10980
11041
10972
10973
11033
10980
11001
10991
11065
11004
11048
10991
11042
11007
10999
11051
11073
11028
11015
10998
11069
11078
11094
11069
11064
11019
11069
11090
11027
11044
11013
11034
11083
11068
11012
11100
11023
11080
11059
11083
11054
11085
11086
11023
11036
11069
11103
11018
11091
11094
11074
11051
11105
11105
11060
11034
11086
11089
11124
11089
11031
11062
11123
11071
11080
11117
11112
11101
11059
11083
11128
11115
11059
11084
11097
11099
11056
11114
11058
11085
11125
11071
11055
11106
11140
11096
11062
11055
11105
11060
11085
11067
11131
11159
11097
11131
11142
11119
11111
11115
11067
11075
11094
11088
11110
11122
11089
11073
11158
11141
11161
11135
11113
11130
11151
11168
11168
11099
11097
11128
11169
11104
11183
11096
11098
11186
11185
11140
11127
10560
11108
11169
11176
11107
11174
11189
11127
11128
11141
11164
11168
11162
11171
11179
11179
11135
11172
11114
11167
11212
11140
11208
11123
11122
11121
11124
11125
11221
11127
11156
11146
11180
11135
11195
11183
11225
11174
11147
11146
11222
11164
11192
11209
11178
11163
11192
11185
11182
11199
11204
11193
11179
11155
11178
11231
11225
11195
11232
11238
11164
11157
11243
11233
11212
11228
11209
11223
11243
11222
11247
11264
11180
11175
11187
11182
11192
11233
11269
11177
11208
11243
11222
11225
11201
11183
11230
11267
11263
11272
11202
11223
11271
11244
11217
11287
11261
11238
11242
11285
11252
11293
11211
11278
11237
11227
11225
11290
11286
11274
11258
11223
11239
11266
11228
11230
11275
11213
11265
11256
11314
11251
11286
11265
11284
11272
11289
11317
11286
11302
11316
11242
11227
11240
11254
10772
11262
11331
11273
11287
11279
11290
11264
11278
11277
11244
11279
11300
11273
11322
11280
11342
11319
11258
11256
11009
11332
11282
11296
11315
11268
11347
11329
11259
11271
11296
11354
11307
11344
11296
11299
11361
11302
11289
11336
11349
11344
11366
11367
11279
11324
11339
11354
11376
11303
11346
11325
11343
11334
11342
11342
11344
11386
11312
11328
11377
11335
11382
11336
11315
11367
11357
11341
11386
11368
11347
11372
11340
11401
11326
11335
11393
11347
11404
11323
11321
11399
11318
11343
11384
11383
11317
11394
11323
11357
11341
11346
11374
11410
11407
11373
11342
11407
11353
11346
11425
11333
11393
11357
11361
11381
11341
11386
11339
11413
11348
11396
11383
11441
11378
11372
11376
11382
11066
11377
11400
11405
11355
11374
11411
11452
11357
11400
11387
11385
11452
11397
11441
11417
11455
11452
11384
11370
11398
11418
11387
11402
11375
11418
11464
11405
11379
11394
11446
11436
11386
11423
11430
11453
11417
11404
11460
11456
11426
11480
11474
11391
11469
11403
11413
11472
11404
11496
11444
11443
11459
11485
11473
11411
11437
11415
11437
11449
11454
11437
11423
11422
11457
11457
11422
11483
11515
11445
11425
11505
11461
11440
11507
11486
11501
11427
11468
11464
11482
11477
11511
11458
11508
11435
11525
11486
11486
11474
11458
11526
11460
11539
11516
11521
11500
11483
11141
11498
11508
11547
11537
11519
11510
11553
11548
11534
11472
11466
11461
11472
11503
11499
11546
11556
11544
11501
11562
11480
11526
11484
11553
11532
11496
11505
11496
11552
11477
11569
11506
11512
11549
11486
11572
11554
11507
11496
11535
11516
11571
11579
11578
11578
11571
11592
11547
11559
11585
11568
11500
11516
11501
11528
11582
11546
11587
11524
11584
11582
11555
11580
11590
11570
11554
11603
11529
11566
11565
11547
11593
11528
11516
11553
11598
11565
11610
11588
11619
11529
11620
11554
11573
11556
11622
11595
11621
11631
11541
11592
11629
11598
11542
11569
11632
11608
11640
11587
11564
11567
11600
11634
11623
11639
11610
11641
11607
11647
11590
11568
11576
11596
11590
11609
11650
11616
11602
11664
11580
11579
11594
11607
11583
11593
11580
11610
11593
11620
11599
11642
11624
11672
11612
11667
11645
11643
11605
11662
11627
11655
11637
11604
11610
11654
11676
11647
11670
11662
11678
11684
11639
11618
11637
11622
11608
11628
11606
11617
11652
11677
11626
11666
11662
11627
11663
11661
11626
11651
11672
11635
11685
11697
11681
11703
11641
11681
11663
11722
11688
11711
11722
11694
11706
11679
11644
11720
11636
11675
11723
11682
11716
11649
11727
11699
11644
11741
11723
11737
11694
11690
11741
11727
11679
11748
11727
11748
11672
11673
11728
11703
11728
11712
11662
11727
11701
11707
11757
11733
11726
11739
11700
11718
11767
11741
11728
11772
11682
11739
11695
11732
11717
11752
11765
11779
11708
11718
11749
11718
11785
11744
11765
11766
11748
11725
11730
11743
11741
11768
11745
11759
11725
11743
11729
11755
11717
11705
11716
11712
11789
11772
11805
11758
11719
11745
11794
11812
11773
11777
11764
11804
11787
11766
11738
11744
11787
11761
11816
11750
11820
11744
11762
11827
11754
11824
11784
11780
11788
11777
11752
11822
11741
11789
11762
11823
11809
11772
11793
11818
11799
11773
11840
11756
11793
11754
11758
11766
11769
11840
11763
11848
11779
11837
11781
11840
11775
11862
11862
11816
11861
11860
11774
11786
11828
11839
11806
11804
11792
11776
11793
11859
11811
11818
11815
11825
11858
11833
11827
11793
11788
11864
11835
11814
11795
11804
11861
11823
11802
11834
11878
11798
11847
11852
11835
11859
11832
11820
11849
11826
11863
12072
11889
11831
11820
11835
11866
11874
11869
11896
11877
11898
11894
11869
11891
11895
11901
11851
11910
11911
11879
11853
11849
11842
11890
11832
11925
11890
11863
11926
11842
11920
11937
11920
11929
11938
11855
11912
11870
11881
11872
11891
11913
11926
11924
11923
11947
11897
11863
11909
11906
11906
11912
11950
11923
11881
11945
11872
11869
11954
11926
11884
11967
11955
11923
11917
11966
11948
11891
11900
11914
11927
11942
11978
11965
11979
11894
11920
11924
11893
11977
11974
11932
11969
11940
11918
11985
11967
11966
11984
11914
11917
11970
11926
11913
11986
11974
11937
11925
11930
12004
11926
11947
11970
11973
11915
11927
11943
11976
11998
11992
11966
11973
11946
12013
11921
11946
11944
12006
11956
12012
11972
11951
12020
11961
11948
11954
11952
11936
12027
12031
11994
11961
11983
11954
12037
12023
12001
12031
11985
11957
11948
12030
11968
12043
11991
12043
11992
12039
11964
11960
11962
11960
12025
12048
12040
11971
11989
12004
12017
12030
12031
11999
12008
12065
12049
12060
12051
12020
12048
12058
12048
11979
12044
12047
12021
12072
11992
12022
12010
12064
12065
12037
12057
12010
12043
12062
11998
12058
12021
12012
12072
12095
12076
12094
12081
12034
12060
12088
12010
12105
12080
12034
12083
12014
12014
12079
12069
12038
12087
12093
12067
12058
12082
12076
12022
12029
12107
12117
12032
12094
12097
12057
12097
12064
12062
12066
12078
12054
12097
12115
12055
12132
12115
12138
12059
12046
12140
12127
12070
12053
12128
12071
12061
12114
12034
12073
12058
12055
12125
12086
12071
12084
12135
12105
11774
12130
12146
12118
12146
12115
12107
12089
12120
12157
12168
12082
12094
12088
12088
12102
12151
12153
12085
12162
12142
12181
12145
12154
12161
12179
12116
12106
12142
12154
12179
12146
12128
12163
12186
12166
12109
12173
12182
12141
12118
12131
12152
12158
12133
12112
12204
12142
12132
12130
12187
12182
12192
12192
12138
12189
12179
12209
12139
11786
12180
12181
12219
12129
12202
12197
12174
12184
12188
12159
12132
12166
12141
12234
12227
12202
12220
12166
12211
12209
12175
12225
12218
12150
12163
12237
12201
12237
12225
12210
12153
12249
12176
12236
12208
12225
12215
12249
12215
12258
12212
12204
12230
12255
12230
12223
12217
12196
12185
12265
12186
12183
12183
12216
12252
12201
12191
12249
12187
12183
12190
12218
12236
12268
12270
12259
12232
12228
12286
12241
12289
12209
12247
12215
12235
12237
12241
12212
12289
12297
12250
12239
12250
12271
12253
12207
12228
12250
12306
12271
12286
12224
12263
12222
12248
12235
12292
12288
12278
12247
12243
12316
12226
12306
12267
12278
12254
12232
12281
12301
12277
12328
12258
12329
12238
12326
12246
12304
12317
12330
12314
12303
12334
12328
12334
12346
12292
12290
12261
12342
12343
12257
12258
12320
12257
12313
12272
12261
12344
12333
12308
12307
12284
12334
12266
12268
12340
12333
12327
12339
12356
12366
12350
12288
12345
12349
12313
12368
12287
12377
12358
12361
12374
12321
12294
12339
12360
12372
12298
12319
12383
12305
12327
12379
12351
12388
12352
12338
12376
12301
12349
12310
12356
12358
12362
12395
12393
12383
12401
12395
12332
12394
12393
12334
12411
12322
12373
12322
12319
12386
12369
12346
12326
12384
12413
12391
12363
12367
12406
12385
12349
12400
12351
12344
12347
12414
12436
12434
11805
12389
12388
12351
12430
12364
12393
12394
12425
12361
12383
12374
12411
12452
12431
12364
12364
12387
12358
12401
12399
12380
12363
12373
12456
12446
12382
12372
12450
12456
12376
12372
12382
12472
12448
12464
12424
12459
12428
12396
12380
12442
12425
12393
12452
12434
12456
12470
12470
12397
12436
12462
12483
12458
12429
12407
12441
12482
12405
12458
12471
12418
12488
12411
12457
12740
12413
12454
12492
12472
12417
12508
12444
12420
12466
12501
12494
12516
12512
12435
12496
12442
12483
12499
12472
12515
12455
12497
12525
12465
12479
12475
12505
12498
12455
12527
12528
12474
12441
12499
12490
12526
12501
12450
12531
12481
12452
12481
12448
12493
12462
12475
12495
12517
12508
12501
12477
12555
12485
12489
12490
12510
12515
12553
12561
12485
12556
12512
12495
12525
12498
12543
12510
12540
12545
12480
12565
12519
12522
12547
12507
12508
12538
12548
12500
12496
12581
12561
12495
12522
12491
12578
12519
12532
12494
12563
12574
12586
12593
12563
12530
12507
12585
12506
12575
12521
12600
12555
12571
12540
12526
12602
12582
12602
12561
12554
12595
12609
12568
12614
12522
12541
12537
12592
12610
12574
12564
12530
12587
12567
12530
12544
12622
12622
12617
12557
12633
12543
12580
12624
12579
12559
12579
12543
12567
12600
12576
12644
12596
12589
12580
12587
12625
12590
12610
12584
12605
12621
12625
12639
12578
12570
12637
12580
12581
12620
12634
12653
12479
12613
12618
12650
12664
12753
12642
12588
12628
12580
12672
12606
12625
12619
12487
12620
12643
12629
12639
12595
12667
12656
12665
12689
12653
12663
12618
12625
12663
12655
12689
12630
12673
