160
137
143
133
139
183
121
127
108
162
155
127
128
188
161
175
131
153
145
149
187
160
130
150
198
215
176
181
167
212
155
180
213
183
156
140
225
184
155
165
178
172
146
175
223
199
160
183
155
246
208
168
173
224
167
176
228
238
240
245
173
200
194
195
193
209
212
234
202
225
191
195
253
224
249
250
220
255
194
252
202
270
268
258
238
238
255
216
252
193
212
231
197
216
229
200
289
207
202
253
284
254
228
204
236
273
217
231
291
256
256
-345
295
217
309
311
314
293
273
241
299
267
288
267
302
316
290
228
283
270
263
325
321
301
324
252
311
294
249
262
317
306
246
253
316
256
271
322
309
290
554
304
265
264
328
271
324
269
320
306
354
331
265
299
300
360
280
321
317
304
312
319
300
286
292
363
304
360
360
349
340
291
376
366
288
341
301
346
355
305
355
367
306
342
337
334
360
383
353
328
328
314
334
326
354
334
336
389
361
319
376
405
395
315
335
334
399
386
338
347
387
349
358
353
357
361
352
374
407
398
365
352
389
410
345
401
393
348
344
366
418
422
406
344
418
346
371
409
364
420
382
444
442
419
445
377
388
365
421
454
457
-235
423
420
451
372
375
432
399
391
461
450
373
434
418
384
455
399
409
440
465
407
394
475
439
394
409
439
390
472
396
471
432
474
396
419
429
464
433
404
441
432
501
409
492
470
442
452
431
413
426
466
486
414
438
479
487
440
502
459
512
440
426
458
488
459
506
515
458
486
482
457
443
504
524
530
455
456
514
494
457
464
454
489
512
499
463
519
465
519
468
471
533
534
488
529
549
518
528
500
547
542
479
516
514
564
564
525
528
518
531
531
525
502
557
563
516
536
514
504
548
577
497
562
519
544
553
513
561
579
585
572
558
511
553
531
524
589
579
526
575
510
601
546
566
602
544
508
569
606
539
596
593
518
550
516
535
523
582
553
211
604
604
622
622
535
234
580
549
597
568
534
601
537
591
622
617
596
558
589
628
582
628
612
641
566
590
628
549
589
597
626
596
634
604
565
602
619
632
628
645
568
581
618
653
613
616
630
651
618
656
656
618
578
658
637
579
595
664
614
610
664
584
599
610
651
669
677
594
683
647
624
666
656
646
598
673
676
662
614
616
700
679
654
645
646
630
690
623
636
616
652
655
679
672
626
713
652
690
678
696
648
720
639
685
665
690
674
680
645
729
671
652
633
681
734
652
677
714
704
657
721
664
738
655
650
662
720
676
707
690
652
726
714
685
731
675
736
737
745
689
725
682
698
678
667
720
693
743
712
696
702
692
695
756
759
710
685
765
679
708
775
714
757
709
769
736
695
690
732
766
758
779
759
774
760
709
753
736
707
720
766
714
767
739
734
732
718
805
711
770
730
741
746
719
763
716
724
736
781
804
727
782
747
734
783
819
793
761
756
770
801
747
751
780
802
733
747
833
831
828
827
756
770
751
794
819
844
776
815
770
780
839
822
789
844
772
790
842
826
833
767
762
860
830
823
810
850
860
787
856
786
792
870
846
865
860
785
870
799
814
850
786
832
850
881
843
789
849
805
874
827
838
812
892
811
800
842
833
873
872
868
898
886
868
815
859
817
906
859
877
898
866
848
842
830
821
907
888
822
908
886
897
905
846
882
886
834
834
919
861
863
870
921
859
849
839
917
926
848
861
859
888
878
924
901
855
922
858
899
924
882
864
919
912
890
955
882
916
910
896
913
874
911
888
923
929
916
933
956
886
961
914
938
921
959
931
933
938
926
950
921
956
924
892
985
965
945
919
976
919
928
963
989
920
895
982
963
989
902
968
1000
1001
966
911
979
971
974
924
924
946
1006
978
999
971
941
1001
995
927
956
932
973
1011
1019
950
926
1020
927
1024
1014
969
945
942
1005
987
943
958
975
1031
1021
1034
982
1028
973
1031
971
998
983
1021
987
965
1003
1022
964
1027
1031
1024
979
986
1010
1009
998
979
1026
1016
966
1023
1016
994
974
1006
1058
995
1024
1022
991
1035
1076
1077
1050
1052
995
983
1053
1022
1085
996
1059
1042
1035
1082
1027
1072
1004
1061
1011
1069
1072
1068
1037
1064
1075
1064
1035
1085
1105
1090
1027
1039
1089
1012
1039
1102
1054
1094
1065
1048
1043
1083
1062
1071
1071
1074
1100
1031
1032
1037
1124
1048
1109
1044
1034
1128
1089
1093
1132
1131
1078
1049
1070
1046
1108
1059
1137
1086
1085
1048
1051
1133
1078
1073
1122
1067
1056
1093
1056
1116
1145
1130
1132
1125
1083
1162
1092
1104
1162
1126
1140
1091
1158
1130
1104
1109
1104
1080
1153
1116
1160
1124
1139
1144
1092
1144
1150
1136
1135
1122
1097
1170
1181
1188
1135
1104
1103
1169
1153
1111
1159
1192
1100
1119
1102
1174
1131
1115
1116
1166
1126
1187
1159
1186
1193
1194
1146
1181
1164
1155
1191
1167
1216
1206
1160
1196
1217
1190
1191
1174
1217
1202
1175
1147
1195
1216
1192
1156
1222
1179
1206
1177
1224
1203
1158
1156
1224
1190
1175
1173
1184
1182
1194
1187
1187
1212
1248
1241
1176
1186
1245
1203
1167
1208
1205
1188
1225
1222
1247
1202
1205
1232
1183
1191
1235
1222
1248
1205
1178
1204
1221
1248
1204
1184
1213
1186
1258
1237
1235
1264
1204
1245
1226
1229
1273
1256
1251
1210
1235
1231
1251
1285
1248
1222
1286
1244
1213
1204
1264
1248
1282
1285
1249
1234
1288
1246
1270
1256
1235
1280
1267
1233
1311
1264
1278
1227
1308
1315
1315
1316
1320
1304
1301
1290
1263
1260
1262
1266
1256
1284
1264
1270
1248
1292
1275
1298
1252
1338
1281
1256
1263
1263
1342
1339
1275
1267
1295
1288
1281
1317
1320
1269
1334
1277
1356
1350
1284
1282
1318
1316
1361
1297
1332
1316
1307
1309
1318
1373
1291
1372
1311
1309
1367
1317
1342
1320
1288
1364
1376
1329
1332
1324
1326
1384
1361
1366
1370
1309
1338
1330
1319
1378
1392
1390
1318
1385
1325
1392
1384
1384
1407
1341
1406
1380
1396
1396
1327
1402
1317
1377
1363
1362
1342
1382
1369
1341
1346
1387
1332
1331
1369
1346
1409
1425
1414
1362
1416
1385
1388
1346
1410
1421
1388
1373
1423
1349
1356
1383
1408
1399
1368
1429
1354
1448
1429
1398
1447
1428
1428
1377
1434
1376
1456
1361
1363
1388
1446
1406
1424
1433
1369
1430
1420
1446
1371
1454
1388
1444
1412
1438
1464
1410
1459
1469
1436
1386
1406
1426
1410
1402
1419
1473
1409
1437
1399
1451
1462
1474
1485
1402
1426
1474
1487
1458
1442
1436
1496
1458
1630
1476
1453
1482
1450
1555
1459
1438
1479
1426
1489
1460
1517
1488
1423
1472
1500
1443
1493
1458
1491
1430
1516
1491
1468
1468
1450
1449
1512
1444
1453
1486
1499
1512
1460
1445
1458
1483
1459
1516
1513
1457
1536
1477
1470
1475
1532
1508
1495
1529
1552
1519
1505
1512
1498
1465
1524
1503
1558
1555
1523
1552
1536
1524
1530
1484
1561
1538
1505
1489
1550
1563
1594
1516
1551
1496
1553
1576
1535
1526
1661
1573
1578
1511
1499
1588
1541
1585
1561
1526
1571
1527
1531
1594
1539
1547
1501
1596
1572
1572
1518
1570
1590
1534
1526
1519
1587
1607
1558
1556
1562
1520
1526
1553
1552
1524
1524
1528
1587
1608
1564
1566
1581
1589
1613
1615
1630
1586
1629
1546
1552
1615
1548
1564
1545
1575
1622
1591
1620
1610
1562
1615
1608
1571
1581
1604
1628
1613
1615
1632
1567
1636
1641
1583
1584
1638
1585
1570
1601
1644
1605
1573
1655
1613
1609
1634
1645
1580
1656
1622
1577
1668
1652
1582
1582
1630
1593
1653
1649
1667
1601
1654
1640
1610
1640
1688
1654
1681
1675
1649
1659
1664
1682
1611
1658
1641
1686
1681
1618
1664
1637
1651
1685
1684
1619
1616
1631
1661
1629
1699
1676
1694
1623
1674
1682
1664
1703
1686
1699
1659
1659
1627
1637
1702
1699
1632
1652
1694
1707
1642
1725
1682
1708
1680
1699
1710
1722
1703
1646
1703
1724
1684
1652
1684
1662
1711
1690
1746
1742
1687
1667
1702
1757
1703
1725
1718
1724
1708
1743
1713
1762
1681
1716
1727
1674
1674
1718
1728
1741
1675
1744
1740
1754
1710
1729
1720
1717
1707
1742
1779
1704
1770
1779
1766
1716
1766
1720
1703
1710
1750
1776
1735
1785
1731
1748
1770
1751
1708
1716
1755
1787
1801
1731
1743
1752
1801
1747
1749
1809
1783
1753
1736
1802
1746
1768
1739
1751
1748
1762
1802
1793
1778
1772
1811
1758
1765
1736
1831
1744
1755
1754
1780
1799
1747
1801
1814
1769
1745
1835
1806
1838
1780
1824
1794
1816
1830
1802
1843
1798
1779
1836
1843
1821
1789
1856
1824
1786
1787
1798
1811
1841
1771
1852
1806
1771
1857
1852
1795
1842
1854
1775
1832
1809
1789
1856
1849
1859
1853
1869
1789
1873
1832
1812
1856
1795
1798
1854
1852
1795
1884
1832
1859
1826
1889
1846
1820
1822
1857
1822
1900
1883
1884
1849
1820
1813
1879
1837
1844
1911
1911
1854
1916
1898
1900
1820
1910
1851
1913
1896
1907
1831
1881
1869
1924
1877
1895
1857
1888
1916
1930
1933
1918
1877
1845
1869
1939
1924
1871
1911
1927
1878
1939
1887
1947
1901
1943
1915
1923
1854
1912
1893
1907
1889
1864
1939
1910
1929
1962
1932
1941
1874
1909
1908
1902
1930
1907
1932
1914
1930
1946
1928
1882
1962
1882
1968
1905
1939
1950
1914
1938
1962
1891
1939
1892
1896
1974
1931
1900
1936
1903
1981
1931
1976
1898
1962
1972
1967
1917
1929
1916
1917
1983
1914
1909
1951
1911
1992
1947
1951
2013
1964
1973
1996
1997
1999
1961
1987
2010
1978
2002
1982
1967
1933
1936
2009
1981
1953
2009
1985
2008
1993
1968
1943
2010
2134
1967
2027
1997
1973
2034
1966
1988
2005
2026
1994
2026
2045
1964
2031
2053
2013
1985
2011
1994
1990
2046
2010
1981
2020
2053
1988
2017
2002
1980
1998
1997
2062
1986
1976
1979
2018
2056
2045
2039
2040
2019
2023
2037
2013
2045
1992
2060
2062
1999
2035
2022
2018
2006
2039
2009
2024
2018
2096
2090
2056
2031
2006
2062
2068
2052
2064
2006
2098
2011
2070
2085
2087
2050
2056
2038
2069
2097
2094
2076
2057
2075
2081
2112
2078
2050
2107
2068
2041
2108
2077
2099
2128
2035
2080
2083
2126
2112
2111
2056
2052
2063
2137
2069
2095
2096
2066
2046
2124
2133
2096
2086
2079
2132
2118
2081
2138
2148
2083
2146
2130
2079
2144
2155
2063
2156
2155
2126
2073
2166
2111
2168
2117
2103
2160
2079
2099
2169
2106
2110
2130
2083
2092
2090
2150
2090
2172
2143
2109
2157
2101
2105
2140
2121
2183
2109
2169
2107
2120
2136
2115
2163
2195
2144
2200
2112
2134
2196
2150
2193
2134
2198
2119
2114
2123
2124
2150
2155
2206
2128
2173
2194
2183
2170
2133
2210
2160
2146
2177
2190
2178
2131
2159
2176
2212
2162
2227
2229
2186
2201
2235
2166
2213
2150
2212
2163
2237
2181
2159
2240
2187
2250
2162
2184
2178
2159
2205
2232
2183
2178
2168
2209
2170
2195
2177
2173
2229
2186
2229
2203
2246
2200
2215
2188
2263
2244
2267
2255
2232
2258
2252
2220
2257
2243
2232
2280
2224
2254
2278
2243
2221
2272
2213
2288
2252
2278
2251
2274
2261
2220
2199
2204
2206
2273
2213
2271
2266
2272
2288
2250
2293
2249
2218
2252
2269
2226
2292
2290
2253
2274
2303
2294
2278
2301
2274
2256
2271
2322
2227
2256
2244
2244
2320
2293
2236
2298
2311
2250
2290
2273
2282
2336
2327
2327
2270
2312
2286
2277
2257
2324
2290
2285
2327
2276
2296
2326
2258
2307
2305
2325
2280
2279
2323
2296
2289
2358
2285
2346
2285
2358
2328
2319
2283
2359
2317
2303
2358
2288
2366
2286
2373
2328
2325
2371
2285
2379
2343
2309
2310
2330
2368
2317
2332
2319
2296
2392
2329
2373
2364
2329
2390
2388
2319
2306
2339
2364
2308
2315
2336
2355
2340
2340
2372
2346
2352
2318
2347
2356
2389
2379
2437
2401
2363
2353
2344
2382
2400
2348
2341
2419
2341
2372
2336
2386
2340
2422
2391
2394
2412
2417
2428
2409
2344
2421
2412
2354
2354
2378
2435
2411
2365
2356
2450
2407
2369
2395
2435
2442
2390
2443
2389
2428
2395
2459
2430
2416
2398
2456
2401
2404
2420
2453
2438
2462
2430
2469
2458
2436
2385
2383
2421
2423
2402
2446
2407
2427
2406
2434
2430
2465
2444
2467
2436
2470
2423
2422
2409
2449
2739
2424
2406
2435
2470
2456
2489
2421
2467
2425
2503
2442
2504
2500
2477
2427
2471
2444
2415
2509
2474
2434
2435
2504
2505
2516
2495
2458
2492
2467
2428
2487
2525
2447
2528
2530
2513
2480
2465
2461
2483
2487
2470
2455
2526
2497
2486
2527
2503
2541
2501
2486
2454
2530
2514
2537
2513
2524
2495
2512
2519
2508
2519
2557
2512
2482
2502
2489
2506
2514
2506
2561
2498
2500
2558
2474
2526
2517
2501
2566
2518
2517
2567
2565
2516
2560
2565
2579
2563
2521
2535
2585
2521
2494
2559
2518
2562
2503
2574
2589
2576
2565
2565
2592
2599
2576
2598
2565
2549
2549
2557
2577
2581
2575
2547
2603
2558
2536
2528
2536
2591
2612
2565
2544
2526
2557
2601
2581
2553
2557
2568
2530
2569
2563
2630
2603
2546
2624
2617
2585
2539
2574
2568
2625
2591
2577
2583
2552
2629
2604
2603
2610
2625
2559
2552
2563
2578
2556
2639
2594
2636
2619
2562
2651
2590
2656
2613
2652
2577
2590
2600
2591
2572
2607
2670
2618
2656
2627
2585
2585
2625
2633
2634
2670
2618
2643
2660
2639
2608
2664
2627
2624
2631
2689
2609
2660
2601
2687
2636
2620
2598
2600
2605
2622
2625
2603
2606
2626
2643
2661
2669
2679
2693
2693
2673
2694
2681
2646
2642
2635
2636
2653
2700
2686
2705
2715
2633
2695
2629
2697
2672
2700
2692
2671
2673
2689
2647
2703
2648
2690
2654
2643
2648
2683
2693
2712
2723
2699
2715
2650
2739
2660
2675
2667
2655
2737
2698
2734
2744
2740
2685
2665
2736
2752
2696
2743
2673
2764
2719
2733
2703
2747
2711
2715
2711
2715
2715
2679
2765
2739
2744
2774
2715
2773
2730
2765
2717
2756
2777
2693
2702
2755
2778
2736
2759
2768
2780
2716
2783
2790
2741
2760
2716
2776
2711
2765
2776
2749
2783
2731
2787
2728
2801
2778
2804
2774
2808
2778
2799
2815
2726
2739
2731
2743
2749
2750
2735
2757
2730
2727
2758
2731
2733
2744
2797
2756
2774
2760
2760
2803
2824
2753
2762
2746
2816
2797
2841
2756
2798
2797
2750
2818
2841
2809
2849
2767
2821
2837
2799
2802
2821
2856
2760
2770
2774
2843
2797
2774
2822
2784
2823
2843
2830
2848
2783
2803
2804
2840
2836
2804
2855
2797
2807
2793
2852
2794
2801
2854
2859
2875
2789
2863
2878
2857
2800
2892
2797
2887
2602
2856
2863
2813
2831
2831
2859
2848
2866
2807
2844
2843
2817
2882
2887
2861
2873
2888
2832
2826
2828
2851
2895
2829
2918
2835
2847
2828
2861
2920
2917
2865
2864
2919
2900
2832
2878
2835
2851
2931
2919
2891
2859
2917
2845
2931
2899
2936
2929
2890
2926
2854
2847
2850
2317
2947
2870
2861
2874
2861
2925
2921
2949
2890
2890
2953
2898
2864
2870
2924
2330
2953
2919
2900
2945
2880
2922
2873
2890
2907
2923
2976
2903
2883
2950
2961
2937
2896
2898
2898
2885
2915
2934
2972
2961
2966
2909
2974
2985
2949
2992
2961
2903
2923
2915
2976
2966
2947
2930
2926
2977
2965
2931
2408
2990
2960
3007
3007
2946
2957
2961
2976
2921
2937
2990
2986
2964
2949
3020
2950
2955
2970
3017
2952
2976
2946
3003
3017
2967
2937
3010
3025
2947
2996
3007
3007
3032
2957
2989
2956
2965
2968
3028
2958
3025
2959
2953
3006
3038
3009
2958
2973
3006
3051
3046
3006
3051
3001
3062
3029
3004
2972
2974
2995
2979
3035
3012
3017
2986
3034
3036
3015
2986
3029
3013
3047
3014
3007
3000
2994
3028
3076
2989
3007
3389
3076
3009
3076
3025
3072
2998
3050
3005
3000
3054
3047
3075
3072
3033
3090
3083
3079
3099
3105
3070
3047
3092
3037
3027
3095
3102
3027
3023
3115
3036
3075
3050
3039
3091
3077
3079
3102
3103
3118
3077
3054
3103
3068
3045
3046
3082
3099
3099
3082
3054
3134
3080
3054
3129
3097
3103
3059
3096
3112
3063
3129
3130
3127
3110
3130
3149
3121
3109
3127
3079
3105
3093
3129
3107
3159
3067
3110
3129
3098
3081
3078
3168
3111
3121
3075
3167
3118
3081
3176
3125
3134
3096
3140
3148
3120
3151
3126
3095
3116
3163
3112
3124
3154
3106
3171
3143
3136
3174
3168
3150
3136
3108
3174
3185
3169
3109
3176
3168
3110
3160
3152
3188
3148
3154
3117
3160
3160
3183
3146
3151
3138
3212
3217
3220
3127
3127
3176
3200
3220
3211
3222
3132
3226
3207
3232
3139
3156
3186
3189
3222
3217
3210
3205
3185
3146
3162
3152
3172
3242
3181
3150
3185
3174
3206
3246
3231
3165
3199
3186
3244
3206
3215
3229
3241
3229
3206
3266
3239
3213
3244
3231
3171
3203
3238
3191
3260
3266
3186
3217
3182
3230
3204
3238
3242
3241
3199
3190
3259
3254
3283
3245
3261
3208
3249
3240
3205
3248
3229
3283
3254
3209
3274
3293
3281
3291
3258
3269
3281
3257
3212
3293
3264
3293
3270
3271
3295
3275
3243
3307
3254
3234
3304
3235
3253
3278
3252
3258
3281
3235
3294
3326
3252
3313
3332
3326
3323
3327
3272
3313
3285
3277
3336
3293
3308
3315
3303
3343
3266
3251
3254
3310
3264
3330
3313
3300
3305
3258
3269
3348
3331
3349
3328
3319
3358
3333
3329
3318
3303
3292
3320
3361
3350
3330
3315
3282
3342
3362
3292
3348
3287
3358
3350
3286
3329
3294
3319
3336
3345
3359
3353
3344
3368
3303
3337
3319
3372
3384
3337
3363
3397
3396
3366
3315
3337
3360
3351
3345
3320
3391
3319
3404
3397
3356
3348
3334
3322
3322
3325
3409
3408
3374
3331
3390
3333
3398
3364
3410
3400
3386
3386
3373
3368
3340
3408
3396
3356
3383
3368
3367
3375
3367
3358
3403
3434
3354
3367
3373
3404
3397
3426
3415
3388
3448
3396
3374
3357
3455
3391
3375
3414
3391
3377
3425
3380
3385
3457
3389
3388
3451
3385
3403
3378
3470
3424
3407
3438
3445
3402
3399
3410
3470
3467
3393
3458
3467
3470
3474
3420
3410
3399
3397
3427
3408
3449
3444
3483
3417
3468
3404
3453
3437
3463
3414
3490
3490
3474
3437
3502
3445
3498
3457
3449
3440
3510
3511
3491
3491
3477
3507
3502
3486
3445
3462
3491
3508
3428
3514
3437
3525
3481
3465
3435
3478
3526
3463
3497
3438
3476
3520
3498
3462
3504
3472
3480
3482
3504
3447
3477
3470
3514
3528
3466
3520
3469
3456
3542
3532
3461
3497
3519
3476
3525
3560
3536
3471
3466
3484
3560
3535
3523
3567
3515
3526
3492
3551
3569
3518
3526
3508
3577
3496
3502
3508
3577
3509
3542
3582
3510
3540
3529
3578
3528
3508
3556
3543
3570
3593
3564
3532
3567
3541
3563
3573
3563
3518
3523
3512
3580
3566
3521
3560
3512
3574
3546
3590
3608
3518
3565
3536
3603
3525
3532
3547
3616
3615
3556
3617
3623
3612
3532
3594
3555
3569
3535
3592
3621
3575
3584
3551
3572
3610
3546
3621
3596
3560
3550
3630
3593
3561
3584
3644
3588
3579
3597
3587
3645
3572
3564
3571
3594
3564
3660
3623
3602
3651
3607
3573
3593
3662
3610
3587
3607
3649
3658
3604
3622
3608
3628
3612
3643
3630
3611
3672
3621
3647
3586
3601
3674
3593
3613
3675
3642
3608
3599
3679
3611
3644
3668
3613
3649
3636
3627
3650
3637
3633
3650
3651
3620
3645
3612
3698
3708
3625
3621
3701
3649
3687
3702
3657
3673
3633
3647
3666
3651
3662
3688
3695
3649
3697
3685
3664
3655
3656
3718
3652
3691
3746
3656
3674
3696
3647
3690
3740
3694
3646
3717
3676
3691
3655
3662
3652
3671
3662
3701
3699
3709
3676
3710
3710
3659
3670
3700
3757
3727
3683
3669
3708
3690
3748
3749
3726
3742
3691
3707
3697
3769
3712
3702
3755
3769
3723
3682
3698
3713
3737
3897
3705
3729
3768
3762
3701
3702
3712
3694
3738
3743
3726
3751
3762
3763
3705
3749
3796
3766
3725
3722
3793
3791
3800
3800
3743
3723
3713
3742
3773
3744
3800
3766
3818
3739
3759
3735
3751
3801
3751
3747
3738
3770
3757
3747
3814
3799
3789
3255
3755
3790
3790
3765
3762
3773
3837
3741
3776
3774
3765
3830
3788
3767
3835
3849
3793
3830
3849
3776
3768
3845
3781
3762
3842
3786
3804
3846
3826
3817
3848
3840
3809
3852
3813
3851
3773
3839
3773
3795
3790
3817
3870
3795
3850
3844
3805
3828
3875
3819
3820
3866
3823
3825
3791
3875
3798
3830
3883
3839
3803
3855
3885
3893
3884
3877
3878
3806
3850
3841
3811
3834
3858
3887
3856
3855
3887
3838
3899
3852
3864
3815
3880
3848
3884
3875
3861
3848
3853
3834
3836
3920
3907
3887
3923
3923
3831
3859
3902
3878
3844
3886
3869
3912
3936
3851
3915
3923
3940
3844
3868
3921
3878
3893
3848
3924
3910
3886
3935
3885
3867
3920
3878
3893
3867
3872
3875
3942
3877
3874
3955
3895
3939
3945
3938
3952
3876
3952
3948
3969
3919
3927
3926
3885
3957
3916
3899
3957
3924
3950
3943
3941
3886
3902
3901
3979
3952
3972
3948
3918
3944
3923
3963
3965
3917
3929
3968
3997
3917
3930
3987
3962
3913
3999
3946
3991
3363
3935
3974
4002
3998
3958
3978
4006
3962
3919
3984
4013
3966
3988
4009
3963
3991
3984
3990
3991
4006
3945
3975
4028
3936
4003
3981
4035
4026
4018
4031
3993
4027
3961
3980
3975
3965
4019
3980
3973
3965
4005
4003
4023
3964
3971
3990
4056
4025
4048
4046
3975
3968
4047
4043
4002
4037
3981
4033
4051
4028
3987
4022
4055
4050
3991
4069
4058
4031
4025
4053
4040
4062
4057
4016
3997
3993
4085
4008
3998
4080
4073
4023
4029
4062
4078
4038
4001
4025
4044
4023
4023
4044
4032
4017
4059
4011
4081
4027
4091
4016
4053
4035
4060
4035
4019
4050
4035
4092
4101
4087
4097
4108
4040
4025
4026
4027
4120
4068
4050
4088
4069
4090
4070
4108
4085
4044
4069
4039
4042
4044
4124
4135
4137
4063
4074
4099
4133
4048
4078
4101
4114
4058
4073
4106
4101
4129
4076
4061
4090
4142
4067
4082
4142
4082
4123
4126
4115
4105
4127
4123
4118
4158
4124
4140
4158
4112
4136
4125
4133
4117
4158
4106
4180
4091
4148
4128
4139
4147
4165
4143
4149
4144
4132
4173
4164
4113
4179
4196
4142
4130
4166
4195
4174
4105
4202
4154
4157
4162
4130
4172
4130
4154
4177
4147
4156
4149
4206
4217
4191
4155
4161
4201
4175
4150
4191
4211
4181
4136
4188
4176
4155
4147
4162
4226
4180
4221
4189
4149
4214
4171
4203
4222
4239
4183
4217
4200
4201
4204
4175
4177
4251
4233
4182
4188
4213
4170
4181
4171
4159
4179
4172
4165
4191
4188
4207
4249
4168
4263
4197
4180
4206
4271
4201
4205
4236
4180
4188
4185
4275
4181
4228
4212
4268
4207
4282
4228
4217
4277
4283
4204
4271
4271
4241
4293
4279
4267
4282
4204
4241
4281
4204
4223
4222
4290
4206
4231
4209
4291
4299
4286
4259
4310
4284
4244
4225
4236
4292
4318
4278
4283
4261
4270
4304
4239
4307
4313
4313
4308
4244
4294
4254
4312
4273
4257
4285
4325
4276
4263
4338
4282
4284
4259
4294
4311
4268
4296
4276
4268
4260
4345
4271
4293
4306
4279
4257
4272
4356
4273
4355
4276
4263
4273
4293
4289
4277
4359
4281
4352
4341
4281
4295
4354
4367
4360
4357
4351
4308
4377
4286
4336
4304
4323
4369
4347
4385
4311
4374
4357
4308
4359
4366
4333
4310
4296
3885
4372
4359
4352
4333
4331
4350
4321
4307
4369
4397
4373
4336
4361
4323
4349
4371
4316
4387
4375
4398
4391
4363
4331
4369
4344
4405
4408
4368
4336
4363
4373
4116
4403
4360
4417
4333
4393
4432
4363
4388
4389
4413
4426
4403
4372
4413
4381
4396
4378
4357
4415
4352
4446
4425
4447
4434
4388
4361
4446
4376
4380
4413
4359
4439
4441
4439
4438
4370
4447
4454
4412
4382
4401
4450
4468
4435
4425
4389
4406
4442
4386
4443
4426
4393
4384
4395
4431
4403
4436
4402
4393
4434
4442
4433
4443
4402
4426
4421
4394
4443
4450
4495
4415
4455
4422
4416
4460
4466
4476
4500
4426
4419
4416
4468
4415
3882
4459
4424
4509
4484
4016
4450
4491
4483
4496
4486
4503
4433
4450
4428
4496
4498
4465
4465
4513
4452
4471
4502
4507
4480
4535
4451
4532
4491
4443
4448
4519
4474
4525
4514
4457
4471
4537
4450
4491
4464
4465
4508
4468
4487
4475
4554
4490
4511
4541
4545
4509
4543
4556
4499
4537
4511
4513
4492
4535
4478
4535
4480
4566
4572
4569
4514
4550
4570
4540
4508
4527
4574
4579
4564
4492
4581
4570
4561
4578
4505
4564
4512
4580
4590
4513
4560
4528
4510
4519
4601
4576
4546
4526
4555
4590
4602
4574
4585
4572
4525
4537
4514
4541
4556
4540
4614
4573
4605
4551
4523
4542
4538
4584
4603
4577
4564
4547
4591
4608
4592
4630
4560
4577
4568
4574
4601
4591
4584
4636
4573
4547
4562
4307
4630
4576
4568
4578
4622
4562
4627
4592
4613
4641
4615
4621
4616
4592
4623
4605
4604
4644
4630
4604
4629
4666
4589
4578
4648
4591
4639
4662
4602
4616
4641
4610
4663
4600
4667
4598
4646
4654
4649
4639
4620
4652
4594
4625
4632
4660
4597
4640
4595
4604
4664
4657
4671
4685
4631
4699
4644
4629
4605
4674
4648
4691
4655
4637
4663
4696
4684
4621
4634
4686
4677
4641
4668
4648
4707
4662
4631
4694
4662
4679
4683
4709
4669
4642
4652
4657
4663
4643
4697
4668
4638
4709
4735
4676
4728
4726
4723
4650
4656
4709
4708
4706
4673
4724
4670
4697
4707
4675
4725
4697
4726
4376
4659
4691
4671
4744
4683
4731
4700
4703
4694
4762
4766
4725
4704
4672
4742
4675
4726
4704
4722
4737
4768
4778
4728
4733
4742
4733
4765
4726
4748
4715
4716
4727
4721
4779
4737
4721
4791
4777
4778
4709
4720
4790
4780
4707
4795
4784
4756
4705
4771
4792
4758
4719
4726
4784
4758
4733
4758
4761
4777
4733
4775
4770
4748
4742
4763
4808
4776
4759
4806
4779
4789
4791
4779
4818
5066
4752
4775
4753
4803
4813
4764
4738
4833
4805
4742
4804
4842
4791
4820
4787
4765
4829
4789
4838
4772
4820
4837
4803
4830
4822
4853
4843
4825
4830
4799
4813
4856
4817
4788
4829
4848
4822
4821
4810
4802
4855
4842
4794
4794
4813
4797
4872
4863
4828
4818
4785
4866
4827
4808
4872
4801
4822
4808
4840
4813
4806
4847
4860
4840
4839
4849
4489
4806
4870
4823
4858
4875
4813
4838
4873
4807
4811
4867
4895
4816
4859
4910
4833
4903
4819
4822
4888
4871
4871
4891
4910
4879
4828
4844
4905
4920
4856
4918
4853
4910
4912
4879
4875
4837
4917
4875
4921
4889
4909
4878
4901
4848
4877
4864
4930
4890
4940
4918
4927
4900
4939
4885
4906
4952
4941
4878
4875
4934
4908
4924
4908
4912
4953
4948
4890
4910
4941
4885
4920
4890
4966
4932
4904
4938
4913
4893
4932
4895
4938
4951
4970
4937
4951
4944
4905
4892
4900
4985
4930
4918
4930
4921
4906
4969
4956
4958
4979
4906
4965
4983
4935
4993
4916
4981
4994
4949
4920
5005
4931
4917
4993
4925
4964
4926
4978
4970
5005
5008
4963
5019
4985
4961
5023
4975
4993
4983
4988
5005
5007
5025
4980
4990
5012
4954
5005
4954
5022
4965
4964
5035
4981
4986
4998
4961
5021
5012
5028
5000
5014
4987
5031
5041
4988
4995
5018
5022
4987
4969
5045
5005
5001
4993
5034
5035
5013
4969
4969
4992
5001
5002
5052
5037
4987
4994
5060
5015
5009
5045
5037
5020
5069
5060
5014
5000
5055
5079
5016
5067
5018
5008
5069
5036
5005
5017
5066
5088
5054
5044
5020
5062
5077
5073
5063
5077
5041
5084
5093
5080
5099
5053
5103
5015
5053
5019
5045
5064
5063
5110
5063
5031
5028
5053
5114
5094
5101
5088
5075
5093
5066
5101
5108
5114
5062
5110
5110
5132
5110
5043
5113
5065
5063
5075
5121
5083
5109
5123
5067
5110
5147
5124
5057
5104
5088
5098
5072
5102
5135
5084
5108
5106
5136
5066
5073
5077
5127
5100
5133
5149
5164
5370
5084
5125
5088
5083
5084
5077
5087
5124
5163
5180
5115
5101
5106
5093
5125
5113
5133
5135
5106
5121
5158
5183
5146
5140
5105
5176
5163
5178
5104
5172
5180
5114
5109
5142
5184
5167
5116
5115
5144
5125
5170
5169
5146
5161
5157
5128
5168
5123
5216
5200
5122
5141
5219
5185
5207
5130
5136
5163
5144
5134
5227
5173
5134
5228
5172
5205
5176
5190
5154
5178
5142
5206
5240
5244
5169
5163
5200
5204
5191
5160
5244
5177
5204
5215
5205
5181
5235
5182
5230
5175
5257
5194
5259
5218
5229
5239
5199
5215
5205
5208
5177
5257
5194
5221
5186
5212
5225
5244
5190
5182
5276
5225
5276
5267
5278
5254
5217
5264
5280
5255
5257
5268
5217
5236
5229
5285
5287
5263
5291
5215
5247
5211
5243
5256
5269
5305
5292
5255
5261
5233
5231
5293
5246
5313
5291
5255
5312
5227
5301
5257
5229
5264
5262
5291
5320
5269
5307
5257
5253
5299
5266
5275
5327
5303
5244
5247
5265
5263
5270
5296
5324
5310
5288
5292
5340
5329
5316
5342
5296
5331
5344
5255
5288
5297
5264
5315
5331
5327
5339
5274
5322
5351
5275
5287
5284
5347
5289
5281
5272
5299
5295
5319
5280
5334
5338
5338
5335
5374
5336
5357
5355
5359
5358
5384
5290
5295
5338
5327
5321
5365
5334
5321
5349
5307
5369
5393
5390
5352
5334
5390
5312
5384
5385
5344
5326
5372
5322
5393
5396
5362
5320
5402
5322
5373
5345
5319
5318
5414
5409
5410
5331
5365
5416
5338
5422
5388
5390
5339
5415
5493
5379
5377
5339
5374
5341
5422
5373
5418
5400
5364
5386
5350
5345
5387
5355
5406
5370
5422
5445
5353
5452
5398
5377
5446
5432
5451
5372
5402
5457
5390
5367
5388
5415
5418
5372
5399
5422
5443
5454
5428
5377
5176
5452
5402
5457
5427
5431
5388
5426
5444
5407
5413
5483
5391
5428
5443
5399
5425
5483
5438
5467
5407
5449
5478
5463
5476
5490
5441
5427
5430
5501
5463
5408
5417
5483
5421
5474
5503
5437
5498
5458
5449
5425
5449
5479
5457
5466
5424
5453
5478
5500
5472
5447
5517
5481
5444
5510
5505
5512
5527
5504
5475
5438
5488
5514
5476
5445
5493
5443
5486
5533
5456
5478
5540
5503
5533
5464
5549
5522
5521
5458
5541
5530
5468
4976
5551
5459
5556
5482
5503
5466
5523
5551
5542
5557
5489
5556
5511
5532
5533
5508
5486
5498
5517
5488
5536
5498
5489
5576
5487
5495
5531
5534
5499
5514
5568
5503
5568
5586
5555
5586
5531
5542
5572
5504
5504
5572
5556
5505
5529
5579
5507
5559
5605
5560
5523
5552
5523
5542
5605
5585
5581
5551
5612
5591
5565
5614
5587
5606
5584
5613
5612
5535
5562
5599
5571
5539
5561
5565
5618
5600
5599
5632
5626
5595
5582
5546
5542
5585
5554
5548
5546
5576
5624
5568
5627
5559
5553
5625
5628
5648
5554
5582
5575
5636
5656
5564
5656
5651
5574
5592
5612
5608
5620
5575
5661
5607
5654
5588
5593
5649
5662
5588
5641
5617
5674
5675
5665
5646
5595
5599
5667
5603
5780
5665
5599
5683
5604
5685
5612
5635
5658
5619
5679
5678
5693
5634
5642
5658
5716
5654
5662
5624
5620
5611
5666
5660
5624
5626
5665
5689
5663
5693
5673
5712
5654
5714
5680
5625
5655
5693
5667
5653
5628
5659
5663
5659
5702
5653
5701
5671
5674
5685
5689
5639
5729
5675
5735
5730
5647
5724
5729
5656
5723
5692
5737
5659
5738
5673
5716
5655
5688
5658
5656
5676
5755
5667
5714
5674
5671
5737
5717
5701
5685
5727
5740
5684
5755
5759
5730
5682
5680
5733
5735
5723
5722
5749
5754
5691
6016
5773
5736
5689
5707
5779
5782
5689
5776
5725
5776
5761
5712
5793
5735
5714
5792
5787
5765
5702
5739
5706
5760
5713
5716
5763
5774
5775
5728
5809
5758
5772
5750
5722
5735
5769
5723
5799
5747
5798
5778
5743
5796
5787
5727
5774
5734
5820
5768
5765
5743
5752
5743
5759
5743
5740
5742
5787
5779
5831
5753
5763
5776
5775
5793
5812
5768
5772
5814
5803
5848
5783
5769
5788
5850
5823
5833
5790
5847
5829
5803
5807
5842
5782
5783
5860
5798
5812
5804
5812
5842
5856
5869
5776
5850
5786
5824
5852
5827
5830
5849
5874
5813
5809
5837
5884
5800
5859
5845
5863
5813
5870
5867
5843
5859
5839
5849
5842
5831
5874
5863
5815
5872
5876
5845
5855
5816
5823
5855
5885
5877
5835
5846
5815
5886
5915
5890
5861
5874
5870
5916
5910
5865
5920
5857
5882
5881
5879
5881
5913
5835
5846
5902
5851
5923
5836
5845
5884
5927
5910
5920
5892
5911
5876
5863
5895
5868
5853
5938
5908
5904
5945
5937
5922
5926
5951
5945
5775
5863
5951
5920
5922
5949
5961
5918
5935
5883
5900
5931
5874
5879
5923
5895
5954
5933
5924
5961
5917
5975
5909
5958
5964
5955
5927
5961
5955
5972
5945
5964
5912
5985
5982
5968
5982
5957
5961
5940
5963
5956
5948
5966
5970
5987
5916
5967
6000
5932
5990
5909
5938
5615
5941
5989
5924
5940
5992
5999
5989
6018
5938
5965
6019
5951
5957
6006
5964
5928
5948
6015
5997
6028
5941
6005
5627
6000
6001
5976
5979
5980
6038
5963
6004
5991
5948
6018
6002
6043
6047
5955
6010
5976
5971
5958
5994
6027
6035
5981
6043
6008
6030
5963
6013
6003
6038
5992
6065
6012
6044
6034
6026
6059
6051
6049
6004
6060
6020
6076
6022
5999
6019
6034
5998
5993
6069
6011
6035
6072
6070
6001
6070
6061
6058
6028
6090
6080
6065
6005
6041
6047
6080
6041
6017
6064
6088
6055
6080
6077
6026
6017
6071
6045
6097
6030
6071
6083
6097
6111
6096
6022
6053
6054
6044
6080
6095
6050
6048
6079
6035
6092
6109
6087
6061
6123
6123
6115
6064
6123
6044
6054
6128
6090
6044
6082
6080
6126
6104
6062
6111
6102
6089
6083
6144
6099
6101
6081
6140
6115
6108
6141
6108
6104
6115
6108
6114
6145
6148
6123
6110
6111
6124
6116
6111
6123
6145
6152
6133
6171
6149
6112
6131
6174
6132
6163
6179
6113
6153
6131
6179
6149
6115
6169
6146
6112
6106
6163
6194
6127
6195
6114
6184
6160
6105
6183
6172
6170
6140
6141
6157
6165
6185
6203
6183
6173
6198
6178
6178
6123
6127
6186
6176
6191
6126
6157
6199
6166
6199
6188
6221
6225
6143
6167
6171
6171
6180
6197
6161
6162
6208
6175
6183
6173
6206
6230
6204
6228
6218
6227
6206
6212
6231
6191
6208
6173
6193
6245
6210
6178
6240
6235
6229
6251
6194
6182
6226
6232
6183
6234
6207
6228
6201
6254
6220
6211
6207
6226
6210
6211
6260
6189
6269
6258
6275
6135
6279
6236
6225
6194
6239
6279
6229
6201
6234
6199
6202
6238
6291
6263
6277
6289
6293
6268
6250
6246
6220
6296
6225
6293
6263
6291
6278
6306
6284
6237
6293
6269
6267
6229
6285
6311
6316
6311
6244
6272
6249
6285
6259
6274
6306
6256
6240
6267
6249
6241
6333
6334
6252
6292
6276
6325
6259
6246
6321
6324
6309
6256
6263
6310
6328
6256
6269
6323
6346
6312
6348
6331
6281
6305
6270
6265
6320
6309
6316
6295
6273
6352
6301
6317
6342
6348
6357
6369
6372
6338
6323
6369
6289
6307
6363
6287
6330
6342
6327
6310
6368
6345
6336
6373
6322
6318
6322
6301
6350
6353
6375
6348
6329
6366
6353
6303
6345
6315
6335
6387
6307
6316
6352
6309
6319
6400
6350
6377
6355
6369
6364
6377
6364
6395
6376
6334
6340
6337
6421
6340
6368
6375
6336
6396
6398
6391
6374
6424
6359
6415
6402
6341
6338
6436
6420
6419
6408
6376
6393
6397
6399
6421
6414
6394
6393
6418
6360
6448
6373
6383
6389
5985
6443
6372
6368
6367
6390
6423
6391
6379
6429
6401
6427
6418
6394
6425
6426
6388
6436
6426
6440
6435
6403
6408
6424
6418
6392
6422
6441
6419
6397
6439
6439
6483
6460
6425
6392
6481
6411
6414
6432
6368
6487
6464
6447
6419
6433
6493
6435
6412
6483
6458
6411
6474
6468
6420
6435
6501
6474
6512
6484
6513
6462
6471
6507
6481
6492
6447
6432
6451
6435
6427
6516
6447
6439
6454
6519
6528
6445
6530
6508
6526
6532
6475
6457
5857
6440
6524
6448
6472
6465
6542
6485
6469
6501
6451
6456
6516
6480
6454
6460
6533
6460
6535
6502
6498
6537
6470
6560
6519
6512
6523
6550
6547
6514
6487
6543
6500
6486
6484
6486
6507
6552
6574
6505
6544
6527
6548
6503
6574
6516
6566
6556
6496
6556
6526
6503
6552
6591
6526
6568
6542
6501
6510
6527
6568
6550
6552
6546
6580
6542
6582
6577
6553
6536
6542
6517
6570
6573
6593
6542
6585
6551
6616
6534
6577
6526
6521
6552
6608
6610
6541
6553
6591
6533
6534
6602
6597
6616
6600
6585
6634
6541
6636
6541
6587
6562
6631
6552
6600
6584
6573
6576
6557
6636
6568
6612
6643
6586
6609
6642
6644
6587
6600
6652
6593
6634
6623
6634
6587
6628
6599
6600
6601
6603
6628
6594
6613
6635
6632
6581
6613
6603
6455
6639
6661
6620
6628
6612
6593
6680
6587
6684
6622
6683
6654
6652
6632
6631
6608
6650
6621
6681
6685
6652
6644
6682
6646
6602
6648
6636
6646
6700
6616
6697
6702
6655
6710
6673
6709
6642
6623
6706
6656
6634
6707
6696
6721
6658
6719
6668
6653
6666
6711
6700
6719
6652
6681
6638
6653
6719
6650
6656
6713
6644
6681
6690
6694
6711
6643
6658
6672
6713
6714
6707
6659
6708
6727
6689
6723
6655
6729
6745
6999
6756
6686
6532
6720
6707
6709
6731
6694
6717
6667
6751
6680
6702
6688
6703
6715
6752
6736
6719
6724
6738
6757
6753
6766
6751
6716
6749
6762
6712
6724
6694
6787
6775
6747
6701
6764
6700
6790
6711
6748
6793
6709
6774
6753
6767
6783
6736
6766
6795
6795
6780
6752
6775
6751
6766
6728
6810
6732
6721
6812
6761
6816
6817
6794
6746
6781
6793
6816
6765
6735
6777
6758
6751
6774
6743
6741
6813
6790
6790
6786
6763
6745
6745
6761
6746
6757
6817
6765
6829
6830
6789
6761
6804
6824
6769
6829
6770
6848
6809
6844
6835
6788
6805
6771
6816
6802
6793
6822
6821
6808
6772
6802
6789
6786
6831
6789
6800
6795
6795
6832
6782
6838
6847
6880
6814
6864
6845
7138
6808
6811
6821
6886
6809
6853
6864
6868
6836
6810
6832
6841
6858
6801
6812
6868
6847
6841
6860
6830
6818
6813
6901
6861
6871
6849
6833
6837
6912
6833
6911
6878
6909
6884
6879
6827
6847
6829
6902
6892
6893
6921
6885
6929
6902
6888
6861
6862
6932
6882
6908
6867
6847
6856
6843
6864
6853
6922
6854
6909
6937
6882
6924
6875
6936
6926
6897
6916
6857
6933
6925
6940
6876
6936
6862
6909
6869
6951
6873
6958
6934
6876
6964
6906
6951
6971
6901
6891
6970
6927
6898
6895
6950
6934
6895
6884
6905
6937
6916
6912
6913
6980
6927
6968
6953
6897
6931
6915
6900
6953
6925
6984
6946
6957
6921
6965
6935
6920
6969
6952
6954
6985
6981
6996
6970
6951
6982
6942
6940
6962
6964
7012
6960
6995
7018
6969
6997
6973
6940
6973
6968
6967
6944
7003
6990
6935
6992
6992
6996
6956
7007
6974
7019
6951
7014
6971
7039
6997
6958
7025
6991
7046
6980
7012
6985
7022
6965
7045
7011
7040
7054
6994
7055
6964
6975
6985
7006
7053
7030
6966
7002
7043
7059
7005
7046
6997
6994
7018
6997
7005
7010
6996
7043
6986
6984
6990
7012
7043
7016
7059
7028
7004
7079
7046
7071
7085
6996
7043
7018
7006
7015
7020
7089
7050
7016
7066
7032
7010
7053
7015
7049
7051
7080
7010
7063
7050
7084
7040
7066
7017
7040
7103
7115
7107
7076
7061
7024
7100
7106
7116
7111
7042
7102
7041
7031
7096
7123
7058
7061
7088
7132
7064
7129
7118
7101
7083
7120
7100
7114
7138
7124
7141
7081
7071
6717
7093
7110
7118
7110
7117
7142
7143
7063
7109
7142
7099
7096
7162
7069
7111
7162
7161
7117
7194
7154
7167
7080
7160
7106
7101
7108
7092
7157
7175
7126
7162
7137
7105
7091
7108
7125
7128
7121
7120
7177
7156
7173
7101
7109
7184
7117
7171
7106
7199
7195
7175
7201
7158
7118
7112
7187
7150
7158
7183
7121
7175
7152
7118
7200
7205
7195
7188
7170
7175
7149
7156
7184
7164
7126
7160
7145
7209
7142
7144
7142
7148
7198
7200
7209
7233
7233
7141
7141
7194
7189
7184
7160
7233
7165
7244
7229
7169
7197
7185
7176
7193
7232
7208
7161
7170
7209
7241
7195
7206
7201
7209
7226
7228
7240
7263
7227
7226
7178
7213
7203
7243
7182
7262
7258
7220
7221
7252
7240
7275
7211
7270
7205
7245
7215
7274
7187
7202
7252
7245
7219
7251
7283
7211
7285
7293
7240
7277
7208
7259
7204
7234
7287
6741
7219
7265
7237
7261
7225
7272
7211
7263
7229
7261
7312
7250
7296
7239
7287
7299
7299
7232
7258
7264
7299
7258
7320
7309
7246
7295
7268
7300
7237
7294
7301
7322
7292
7315
7298
7286
7290
7299
7307
7329
7272
7277
7323
7330
7271
7324
7302
7295
7345
7323
7317
7264
7356
7325
7283
7260
7302
7341
7308
7280
7282
7326
7344
7277
7269
7333
7336
7364
7323
7276
7279
7305
7291
7339
7371
7280
7380
7353
7313
7289
7382
7383
7313
6714
7366
7370
7335
7355
7330
7317
7356
7326
7385
7335
7338
7322
7342
7341
7373
7340
7347
7330
7339
7319
7382
7381
7333
7352
7399
7412
7347
7336
7406
7326
7365
7405
7331
7346
7395
7418
7409
7340
7344
7402
7391
7405
7364
7413
7374
7375
7414
7347
7354
7400
7429
7383
7424
7394
7409
7345
7385
7377
7378
7393
7394
7378
7403
7385
7371
7443
7418
7357
7395
7389
7358
7456
7369
7392
7395
7368
7413
7398
7378
7409
7462
7460
7394
7410
7394
7397
7389
7447
7432
7441
7476
7462
7383
7474
7410
7478
7401
7455
7404
7430
7445
7418
7463
7424
7492
7414
7449
7406
7403
7399
7442
7468
7441
7432
7451
7424
7411
7410
7453
7436
7435
7480
7422
7439
7503
7511
7451
7461
7453
7489
7475
7448
7434
7491
7451
7515
7476
7476
7478
7471
7495
7495
7465
7492
7518
7490
7515
7435
7446
7453
7462
7488
7490
7454
7469
7526
7529
7509
7540
7511
7510
7545
7453
7506
7529
7485
7541
7484
7499
7511
7526
7473
7543
7505
7519
7465
7477
7513
7470
7543
7470
7548
7529
7479
7474
7493
7551
7494
7543
7553
7482
7554
7530
7581
7553
7520
7490
7573
7585
7529
7533
7521
7493
7507
7566
7561
7530
7540
7511
7567
7566
7585
7564
7551
7592
7596
7592
7590
7601
7584
7605
7569
7575
7574
7514
7528
7541
7563
7555
7563
7592
7538
7593
7610
7621
7024
7545
7579
7578
7593
7539
7620
7551
7574
7577
7613
7624
7600
7569
7596
7540
7582
7550
7543
7546
7616
7551
7632
7632
7638
7550
7628
7561
7635
7561
7586
7630
7653
7650
7627
7592
7648
7632
7613
7643
7570
7622
7652
7654
7630
7662
7668
7605
7608
7646
7631
7618
7044
7598
7582
7582
7644
7659
7667
7598
7676
7607
7676
7620
7628
7676
7959
7601
7647
7657
7623
7603
7637
7658
7620
7615
7655
7652
7604
7626
7663
7671
7685
7647
7668
7617
7697
7614
7617
7702
7699
7620
7647
7638
7686
7715
7620
7621
7702
7634
7636
7659
7696
7641
7631
7705
7652
7673
7690
7731
7657
7658
7732
7714
7706
7690
7266
7727
7646
7733
7666
7668
7700
7673
7658
7686
7710
7722
7696
7749
7674
7687
7751
7678
7704
7744
7732
7681
7743
7737
7689
7721
7736
7690
7689
7745
7763
7690
7728
7753
7767
7690
7731
7729
7754
7742
7701
7739
7767
7704
7733
7718
7729
7747
7780
7736
7770
7723
7736
7788
7760
7779
7732
7734
7704
7742
7791
7745
7751
7741
7774
7719
7760
7795
7792
7789
7740
7719
7713
7793
7737
7802
7780
8056
7749
7812
7808
7793
7810
7774
7732
7729
7734
7791
7735
7729
7827
7790
7751
7763
7823
7829
7819
7787
7745
7757
7838
7837
7801
7816
7827
7816
7840
7768
7818
7840
7836
7826
7847
7804
7757
7796
7846
7813
7773
7761
7786
7785
7788
7828
7825
7815
7848
7803
7845
7858
7857
7852
7861
7859
7862
7786
7825
7845
7781
7794
7838
7790
7783
7866
7821
7857
7801
7847
7882
7843
7834
7862
7866
7891
7829
7859
7815
7815
7819
7829
7832
7826
7804
7900
7885
7820
7860
7807
7881
7896
7850
7812
7853
7861
7893
7882
7861
7836
7909
7854
7914
7847
7887
7894
7879
7897
7899
7889
7835
7889
7879
7913
7931
7833
7928
7920
7901
7889
7935
7901
7938
7842
7916
7865
7853
7931
7935
7876
7862
7885
7888
7865
7923
7876
7886
7863
7923
7897
7901
7956
7933
7918
7879
7891
7885
7918
7958
7923
7911
7957
7966
7947
7941
7930
7904
7883
7920
7879
7900
7906
7898
7951
7893
7921
7983
7975
7934
7965
7958
7978
7900
7958
7987
7979
7960
7981
7935
7935
7951
7944
7994
7984
7911
7961
7989
7975
7914
7937
7975
7987
7929
7965
7970
7936
8006
7932
7925
8011
7918
7922
7942
7962
7964
7928
7982
8018
7963
7990
7995
7967
7965
7981
7998
8016
7964
8011
7969
8006
8036
7950
7950
8039
7993
7978
8042
7977
7986
7975
8010
7970
8005
8001
7991
8005
8008
8049
7975
7990
8034
7989
7647
8044
8005
7998
8001
8042
7993
8029
8016
8030
7996
8050
7996
8066
7980
8072
7977
8011
8033
8068
8002
8062
7992
8026
7984
8040
8078
7998
8012
7990
8064
8022
8086
8020
8018
8083
8091
8026
8044
8023
8030
8061
8082
8018
8064
8042
8022
8055
8073
8038
8045
8067
8023
8070
8087
8098
8098
8101
8082
8030
8119
8033
8050
8093
8091
8064
8103
8043
8102
8064
8090
8127
8058
8119
8124
8088
8083
8048
8066
8093
8073
8103
8104
8139
8057
8136
8047
8054
8051
8078
8122
8081
8123
8113
8073
8055
8147
8082
8153
8070
8103
8097
8125
8118
8099
8075
8084
8159
8162
8114
8084
8096
8138
8105
8081
8127
8125
8105
8167
8117
8167
8180
8104
8115
8092
8102
8093
8185
8150
8106
8180
8093
8097
8119
8094
8107
8115
8125
8109
8195
8101
8143
8179
8184
8113
8160
8162
8113
8164
8129
8208
8177
8199
8123
8166
8204
8188
8162
8128
8196
8198
8214
8168
8167
8144
8158
8191
8188
8173
8133
8220
8228
8181
8197
8196
8211
8190
8222
8192
8235
8151
8209
8153
8173
8219
8214
8203
8190
8227
8160
8200
8189
8249
8182
8227
8237
8236
8176
8231
8189
8199
8162
8203
8227
8179
8168
8250
8205
8215
8219
8231
8217
8241
8198
8260
8241
8244
8190
8268
8208
8265
8210
8204
8227
8243
8246
8226
8235
8218
8264
8234
8247
8246
8286
8264
8200
8196
8383
8243
8252
8255
8277
8250
8299
8250
8228
8281
8274
8294
8209
8262
8285
8310
8227
8284
8242
8302
8283
8292
8248
8318
8255
8312
8240
8309
8234
8290
8233
8245
8271
8298
8245
8290
8251
8269
8311
8282
8335
8238
8337
8285
8282
8294
8294
8340
8340
8328
8329
8341
8259
8278
8337
8339
8266
8255
8255
8316
8317
8300
8337
8322
8290
8275
8306
8330
8284
8333
8274
8283
8289
8322
8312
8297
8342
8371
8369
8303
8360
8333
8337
8292
8316
8357
8295
8309
8306
8374
8296
8296
8319
8353
8306
8308
8333
8353
8331
8312
8314
8356
8337
8380
8347
8387
8343
8342
8349
8344
8400
8379
8324
8395
8389
8403
8344
8406
8346
8340
8361
8411
8336
8395
8377
8388
8359
8413
8421
8423
8403
8354
8348
8330
8340
8358
8356
8371
8417
8406
8418
8363
8342
8376
8439
8408
8354
8386
8356
8415
8433
8367
8417
8351
8368
8364
8430
8419
8360
8413
8397
8443
8360
8418
8367
8433
8457
8463
8401
8430
8417
8441
8442
8405
8397
8423
8386
8404
8466
8454
8473
8471
8408
8455
8405
8420
8392
8457
8443
8418
8464
8421
8425
8410
8483
8459
8395
8462
8452
8477
8421
8431
8443
8477
8435
8432
8415
8485
8424
7824
8501
8452
8436
8488
8490
8441
8446
8481
8497
8499
8418
8424
8508
8473
8425
8511
8422
8481
8482
8475
8493
8527
8524
8445
8479
8435
8481
8488
8470
8481
8516
8447
8524
8504
8534
8510
8459
8538
8509
8520
8540
8502
8544
8509
8491
8497
8520
8545
8490
8519
8469
8476
8556
8524
8519
8539
8518
8551
8511
8564
8475
8471
8497
8554
8480
8564
8497
8488
8567
8535
8555
8496
8522
8531
8526
8511
8526
8513
8429
8579
8575
8492
8521
8522
8500
8571
8533
8500
8537
8553
8522
8542
8511
8501
8512
8551
8564
8601
8555
8597
8535
8538
8517
8597
8568
8534
8611
8539
8596
8589
8585
8574
8557
8568
8270
8560
8598
8580
8541
8532
8599
8599
8539
8584
8600
8536
8593
8585
8539
8562
8583
8614
8611
8577
8546
8555
8609
8597
8622
8638
8597
8569
8622
8457
8605
8562
8555
8594
8595
8595
8631
8565
8605
8653
8573
8654
8959
8616
8644
8570
8567
8567
8576
8652
8656
8594
8644
8637
8647
8591
8647
8627
8618
8588
8623
8635
8616
8636
8654
8629
8626
8647
8650
8599
8593
8690
8605
8593
8602
8649
8607
8693
8603
8634
8628
8693
8687
8611
8682
8696
8614
8666
8613
8629
8634
8627
8645
8650
8658
8628
8638
8629
8683
8646
8713
8648
8695
8679
8665
8663
8682
8629
8669
8058
8671
8671
8508
8678
8728
8680
8723
8645
8723
8709
8697
8657
8675
8691
8674
8693
8697
8732
8669
8711
8693
8692
8709
8685
8735
8751
8727
8745
8725
8740
8725
8661
8707
8708
8704
8709
8729
8730
8721
8696
8706
8691
8712
8754
8740
8761
8687
8703
8703
8682
8746
8695
8740
8709
8768
8722
8777
8770
8778
8783
8774
8787
8762
8781
8721
8746
8720
8719
8710
8737
8745
8757
8711
8792
8725
8784
8729
8768
8776
8764
8798
8808
8741
8781
8726
8811
8813
8738
8786
8806
8789
8772
8727
8767
8821
8747
8743
8740
8783
8787
8760
8736
8830
8787
8808
8818
8830
8784
8765
8760
8806
8799
8778
8802
8747
8758
8751
8761
8774
8774
8816
8787
8826
8811
8794
8839
8800
8846
8826
8765
8797
8857
8774
8796
8796
8844
8845
8852
8848
8813
8821
8794
8836
8823
8785
8866
8859
8805
8874
8862
8856
8783
8832
8818
8842
8790
8818
8877
8798
8850
8823
8797
8797
8879
8806
8828
8821
8846
8814
8840
8839
8873
8822
8826
8821
8824
8830
8839
8870
8860
8831
8880
8838
8871
8816
8878
8822
8881
8877
8843
8858
8873
8840
8845
8922
8896
8917
8890
8839
8841
8903
8902
8855
8893
8842
8870
8909
8908
8839
8932
8868
8926
8936
9203
8862
8856
8902
8871
8903
8904
8899
8885
8866
8872
8911
8945
8874
8892
8922
8891
8888
8955
8870
8951
8942
8926
8880
8908
8891
8917
8901
8934
8881
8917
8959
8969
8925
8879
8888
8897
8958
8918
8913
8905
8894
8907
8964
8922
8891
8967
8986
8985
8955
8970
8911
8986
8914
8952
8930
8991
8919
8995
8937
8908
8974
9279
8943
8913
8914
8963
8913
8931
8985
8921
8921
8960
8992
9015
8973
8937
8955
8972
8933
8971
8947
8949
8958
8935
9021
8955
8965
8977
8933
8988
8969
8993
9014
8973
9034
9037
8954
9016
8971
9005
9012
8964
9033
8963
8984
9021
8984
8988
8987
9016
8996
9005
9025
8963
8977
9001
8961
9056
9011
9054
9002
9059
9021
9035
8983
9064
9024
9066
9070
9033
9059
9037
9044
9005
9051
9042
9034
9016
9016
8998
9010
9018
9064
9049
9051
8999
9083
9041
9007
9056
9054
9000
9095
9059
9096
9095
9094
9082
9083
9097
9008
9026
9021
9035
9050
9039
9026
9052
9090
9094
9031
9108
9091
9063
9042
9118
9114
9026
9074
9109
9036
9052
9073
9062
9059
9075
9098
9059
9079
9086
9057
9038
9036
9063
9095
9100
9048
9105
9080
9047
9084
9144
9099
9078
9063
9112
9136
9108
9076
9083
9072
9095
9059
9090
9124
9065
9149
9098
9109
9131
9086
9140
9121
9110
9069
9111
9070
9083
9108
9157
9097
9108
9149
9141
9090
9104
9133
9174
9167
9086
9174
9118
9148
9109
9148
9140
9139
9148
9152
9128
9098
9177
9123
9153
9112
9198
9163
8909
9138
9182
9187
9143
9107
8829
9163
9184
9154
9150
9123
9159
9131
9197
9201
9142
9205
9176
9168
9174
9158
9133
9158
9186
9208
9127
9145
9221
9228
9149
9170
9185
9152
9217
9189
9226
9228
9208
9159
9153
9214
9145
9225
9199
9165
9150
9527
9168
9162
9190
9204
9171
9248
9234
9252
9251
9215
9214
9174
9191
9246
9186
9256
9193
9204
9188
9255
9231
9223
9183
9193
9181
9254
9239
9274
9262
9218
9201
9231
9279
9225
9280
9279
9274
9285
9248
9222
9272
9280
9260
9266
9257
9293
9262
9273
9212
9217
9249
9226
9291
9279
9295
9291
9207
9300
9234
9242
9217
9262
9220
9223
9222
9296
9255
9264
9278
9258
9262
9280
9295
9230
9299
9299
9228
9296
9323
9321
9249
9262
9262
9233
9255
9254
9269
9294
9274
9265
9298
9283
9331
9316
9252
9334
9322
9282
9264
9289
9342
9280
9268
9261
9331
9273
9272
9291
9278
9351
9267
9294
9311
9336
9282
9349
9315
9318
9311
9272
9369
9352
9324
9295
9320
9289
9280
9286
9287
9321
9356
9356
9288
9341
9333
9306
9385
9313
9361
9345
9322
9331
9349
9342
9303
9391
9354
9336
9394
9378
9395
9387
9308
9387
9363
9385
9328
9371
9320
9321
9374
9402
9341
9402
9342
9346
9392
9404
9415
9348
9384
9370
9330
9374
9327
9399
9401
9404
9391
9403
9356
9429
9388
9709
9394
9370
9429
9370
9383
9363
9431
9350
9384
9389
9396
9365
9346
9349
9417
9366
9378
9408
9354
9436
9373
9396
9414
9408
9456
9423
9411
9383
9415
9423
9435
9410
9369
9445
9436
9446
9430
9429
9425
9417
9434
9445
9466
9430
9422
9422
9448
9442
9388
9395
9456
9440
9390
9408
9486
9439
9455
9482
9465
9400
9432
9417
9428
9403
9461
9431
9407
9471
9474
9490
9450
9475
9419
9407
9470
9480
9505
9495
9507
9485
9452
9449
9452
9460
9513
9516
9464
9484
9453
9453
9504
9432
9435
9439
9470
9452
9444
9480
9471
9435
9451
9524
9471
9441
9489
9535
9461
9520
9473
9511
9523
9501
9467
9499
9498
9507
9507
9530
9550
9504
9510
9502
9475
9539
9537
9483
9461
9553
9497
9491
9491
9541
9488
9482
9511
9553
9547
9473
9486
9510
9535
9559
9551
9519
9487
9502
9553
9544
9521
9581
9495
9582
9567
9534
9493
9494
9558
9541
9569
9525
9565
9571
9542
9561
9568
9584
9597
9515
9520
9548
9602
9528
9531
9514
9572
9554
9552
9527
9579
9553
9599
9534
9544
9600
9559
9578
9585
9568
9560
9536
9590
9621
9555
9587
9609
9549
9592
9537
9601
9565
9580
9595
9568
9584
9618
9594
9596
9551
9602
9606
9583
9587
9637
9589
9575
9645
9552
9618
9607
9586
9640
9564
9601
9573
9613
9606
9608
9569
9611
9613
9634
9577
9611
9589
9660
9584
9574
9574
9631
9646
9632
9584
9647
9666
9618
9603
9626
9676
9639
9656
9595
9585
9599
9640
9647
9597
9615
9658
9628
9625
9599
9693
9680
9633
9655
9661
9678
9670
9621
9686
9604
9612
9647
9706
9676
9625
9610
9709
9664
9685
9619
9661
9637
9674
9619
9685
9716
9656
9631
9626
9626
9712
9699
9645
9647
9696
9688
9726
9698
9716
9655
9653
9689
9650
9689
9682
9689
9720
9643
9740
9654
9699
9694
9684
9695
9705
9694
9660
9720
9697
9737
9672
9695
9662
9727
9740
9670
9727
9744
9702
9666
9731
9729
9699
9702
9734
9673
9688
9763
9691
9768
9772
9732
9679
9709
9707
9737
9737
9768
9732
9776
9716
9755
9697
9695
9707
9708
9735
9770
9716
9754
9695
9776
9711
9697
9784
9790
9740
9756
9746
9725
9710
9749
9794
9775
9756
9740
9776
9778
9749
9752
9751
9730
9763
9805
9781
9787
9792
9782
9802
9801
9749
9727
9812
9762
9756
9777
9807
9828
9778
9824
9834
9831
9369
9747
9819
9758
9784
9743
9825
9793
9747
9810
9782
9798
9752
9833
9759
9835
9828
9764
9820
9786
9791
9775
9849
9783
9777
9860
9831
9831
9784
9794
9835
9846
9839
9794
9790
9778
9831
9845
9842
9822
9838
9784
9873
9872
9852
9833
9809
9847
9827
9819
9859
9818
9886
9879
9810
9842
9879
9878
9816
9887
9857
9884
9857
9828
9841
9861
9883
9898
9863
9866
9846
9907
9833
9841
9818
9838
9887
9814
9888
9868
9891
9913
9825
9900
9852
9858
9901
9886
9847
9850
9855
9679
9829
9918
9879
9874
9911
9907
9932
9901
9853
9846
9918
9887
9932
9868
9860
9878
9915
9899
9924
9901
9849
9940
9900
9892
9938
9945
9871
9933
9907
9880
9940
9919
9911
9923
9872
9923
9871
9891
9881
9944
9891
9883
9949
9896
9889
9914
9913
9907
9922
9902
9881
9883
9884
9887
9887
9919
9958
9937
9961
9976
9946
9948
9969
9935
9973
9899
9935
9971
9964
9990
9918
9959
9913
9911
9990
9949
9999
9957
9985
9953
9978
9987
9959
9976
9959
9928
9973
9984
9945
10004
9956
10000
9983
10013
9965
9957
9936
9965
9939
9940
9971
10018
9994
10015
9987
9944
9987
10021
9947
9977
10036
10025
9996
9984
9968
10012
10038
9965
9994
9965
9970
9994
10025
9964
9989
9985
10050
10014
9997
10001
10022
10035
10002
10013
9994
10012
10053
10029
10011
10007
9979
10021
10036
10019
10036
9984
10004
10064
10028
10015
10066
10018
10000
10060
10029
10069
10023
10005
10002
10051
10026
10021
10033
9993
10085
10004
10009
10084
10033
10038
10022
10071
10076
10080
10070
10018
10046
10050
10011
10084
10022
10093
10102
10025
10097
10085
10062
10068
10046
10059
10103
10084
10035
10041
10112
10085
10092
10026
10102
10067
10114
10082
10033
10054
10106
10127
10094
10096
10117
10057
10102
10087
10076
10116
10116
10091
10119
10064
10116
10101
10112
10099
10093
10117
10132
10089
10064
10139
10155
10124
10139
10102
10138
10156
10140
10163
10100
10161
10095
10079
10096
10146
10166
10162
10089
10117
10109
10130
10139
10112
10097
10154
10113
10181
10115
10155
10115
10184
10110
10130
10136
10181
10093
10111
10108
10188
10112
10132
10185
10133
10119
10119
10105
10158
10199
10150
10174
10146
10183
10140
10112
10199
10187
10138
10141
10143
10196
10403
10208
10151
10158
10120
10202
10135
10149
10205
10212
10223
10153
10140
10188
10137
10163
10201
10214
10184
10147
10185
10165
10214
10163
10183
10170
10144
10150
10223
10149
10163
10207
10152
10208
10169
10249
10218
10247
10176
10196
10246
10202
10234
10222
10183
10187
10181
10178
10254
10219
10166
10177
10221
10221
10248
10199
10263
10185
10231
10253
10234
10249
10210
10192
10265
10192
10181
10259
10194
10196
10241
10204
10214
10278
10288
10208
10227
10274
10233
10285
10208
10217
10289
10212
10249
10256
10275
10253
10282
10210
10266
10266
10209
10255
10227
10262
10242
10219
10289
10240
10249
10220
10272
10237
10276
10269
10310
10299
10226
10316
10248
10300
10308
10273
10291
10272
10310
10292
10315
10319
10242
10293
10277
10324
10278
10321
10291
10308
10295
10254
10277
10283
10314
10312
10269
10343
10252
10327
10275
10336
10270
10313
10279
10310
10276
10330
10284
10327
10337
10334
10414
10339
10340
10329
10321
10308
10289
10295
10274
10299
10334
10362
10317
10331
10300
10365
10320
10339
10343
10347
10344
10380
10347
10344
10381
10352
10349
10306
10346
10295
10312
10346
10310
10338
10381
10309
10325
10324
10310
10378
10306
10355
10364
10399
10338
10392
10334
10387
10383
10343
10375
10348
10392
10388
10399
10333
10398
10359
10380
10359
10357
10350
10346
10373
10385
10421
10426
10426
10400
10381
10344
10371
10368
10437
10414
10433
10388
10440
10358
10367
10422
10376
10372
10378
10387
10378
10352
10373
10398
10452
10453
10436
10359
10393
10411
10448
10381
10403
10432
10444
10437
10431
10443
10431
10413
10460
10462
10390
10400
10406
10391
10391
10406
10461
10466
10418
10418
10449
10400
10477
10463
10433
10439
10420
10475
10463
10450
10450
10415
10486
10403
10425
10423
10509
10457
10492
10443
10482
10490
10424
10458
10408
10505
10458
10488
10480
10421
10455
10500
10457
10443
10484
10456
10462
10449
10452
10425
10482
10510
10472
10449
10508
10481
10496
10455
10460
10437
10444
10436
10504
10469
10532
10523
10532
10521
10497
10538
10508
10537
10457
10502
10459
10454
10465
10462
10501
10541
10516
10458
10486
10508
10517
10480
10483
10543
10514
10528
10531
10517
10509
10532
10537
10524
10566
10540
10525
10556
10559
10561
10523
10502
10567
10480
10509
10572
10518
10512
10499
10525
10559
10509
10525
10545
10576
10539
10541
10553
10530
10572
10564
10592
10566
10590
10545
10561
10582
10528
10570
10539
10568
10542
10603
10590
10564
10546
10513
10595
10513
10553
10554
10612
10537
10569
10536
10578
10593
10578
10590
10552
10544
10526
10568
10600
10600
10530
10569
10620
10589
10624
10578
10573
10586
10553
10550
10565
10636
10580
10597
10612
10558
10607
10616
10642
10550
10555
10601
10634
10592
10564
10648
10596
10617
10611
10563
10650
10594
10590
10602
10630
10650
10576
10627
10631
10618
10661
10643
10646
10644
10654
10586
10650
10672
10638
10644
10645
10669
10642
10662
10661
10646
10619
10620
10651
10619
10627
10663
10593
10600
10687
10615
10599
10626
10615
10689
10617
10666
10635
10680
10623
10645
10621
10654
10457
10628
10613
10629
10709
10698
10633
10660
10671
10679
10703
10655
10705
10524
10648
10695
10636
10638
10693
10635
10631
10696
10635
10727
10672
10661
10704
10656
10701
10703
10669
10699
10710
10693
10646
10663
10674
10670
10708
10690
10726
10717
10712
10696
10711
10752
10728
10720
10670
10752
10739
10732
10735
10696
10742
10711
10687
10716
10692
10668
10717
10702
10743
10700
10721
10752
10714
10746
10736
10768
10777
10753
10710
10718
10775
10343
10774
10752
10755
10734
10787
10736
10774
10787
10771
10729
10739
10705
10749
10714
10708
10778
10727
10717
10790
10779
10720
10782
10706
10718
10803
10807
10742
10748
10795
10793
11045
10760
10795
10745
10736
10812
10722
10722
10726
10809
10726
10766
10811
10763
10770
10753
10760
10746
10794
10813
10786
10766
10780
10785
10932
10806
10824
10797
10812
10753
10782
10834
10801
10773
10825
10762
10777
10821
10845
10839
10758
10776
10799
10818
10769
10797
10831
10831
10797
10806
10795
10796
10817
10786
10782
10797
10857
10776
10809
10828
10843
10859
10822
10792
10827
10780
10863
10838
10785
10841
10814
10854
10832
10802
10792
10831
10831
10884
10823
10873
10846
10823
10866
10818
10846
10843
10849
10855
10837
10886
10814
10898
10835
10887
10850
10831
10838
10839
10877
10866
10814
10882
10854
10865
10820
10822
10904
10880
10906
10909
10851
10851
10857
10874
10862
10903
10926
10897
10911
10853
10922
10853
10843
10913
10912
10869
10914
10843
10844
10886
10908
10861
10885
10854
10927
10895
10880
10923
10862
10864
10862
10945
10868
10865
10875
10885
10908
10948
10957
10344
10940
10912
10915
10895
10899
10916
10961
10941
10926
10876
10972
10894
10891
10908
10943
10936
10895
10943
10924
10942
10981
10916
10956
10899
10891
10942
10931
10911
10947
10915
10958
10993
10930
10931
10953
10972
10980
10931
10999
10930
10951
10966
10974
10932
10930
10958
10997
10934
10930
10951
10697
10915
10968
10947
10937
10948
10936
10986
11005
10979
10943
10941
10963
10946
10985
10999
11006
10989
10967
10963
11019
11007
10958
11007
11013
10946
11028
11032
10959
10943
10981
11042
10992
10990
10955
11003
11026
11010
10999
10963
10988
10973
11041
10974
10978
11008
10999
11009
10974
11008
11019
11036
10987
10991
10985
11019
10980
10979
11049
10993
11064
11001
11027
11058
11058
11027
11078
11010
11049
11018
11060
11024
11057
11003
11023
11045
11028
11040
11081
11046
11089
11069
11045
11042
11015
11071
11044
11061
11041
11090
11067
11080
11041
11062
11027
11054
11022
11037
11063
11035
11079
11017
11071
11096
11104
11020
11054
11066
11117
11108
11057
11097
11111
11108
11051
11057
11115
11057
11069
11074
11072
11081
11090
11131
11052
11073
11097
11078
11096
11127
11065
11096
11050
11100
11104
11111
11060
11323
11074
11071
11075
11118
11146
11092
11070
11136
11126
11131
11077
11064
11066
11124
11114
11091
11163
11134
11085
11129
11117
11076
11085
11130
11092
11166
11092
11144
11095
11174
11131
11150
11126
11090
11131
11130
11106
11171
11143
11145
11121
11123
11139
11119
11164
11105
11140
11179
11184
11148
11134
11149
11128
11147
11164
11160
11168
11117
11157
11145
11159
11196
11145
11120
11192
11172
11160
11136
11168
11144
11123
11192
11147
11138
11135
11195
11197
11200
11200
11202
11189
11211
11157
11205
11138
11157
11180
11182
11141
11154
11185
11190
11158
11192
11237
11224
11181
11177
11242
11191
11217
11238
11222
11202
11204
11165
11211
11240
11239
11200
11235
11190
11200
11189
11231
11228
11183
11210
11207
11197
11175
11219
11194
11197
11183
11230
11232
11230
11191
11194
11276
11185
11221
11214
11270
11250
11266
11252
11190
11193
11282
11215
11237
11231
11202
11231
11253
11218
11226
11211
11275
11281
11293
11264
11262
11228
11246
11223
11218
11237
11236
11220
11287
11272
11225
11288
11287
11276
11243
11294
11242
11310
11290
11238
11242
11239
11241
11305
11254
11245
11243
11243
11239
11240
11247
11244
11323
11276
11333
11318
11281
11251
11337
11298
11266
11315
11342
11304
11251
11326
11315
11289
11338
11328
11321
11340
11309
11310
11320
11281
11278
11285
11328
11317
11352
11318
11351
11307
11316
11328
11276
11291
11311
11364
11346
11374
11300
11352
11289
11356
11309
11358
11369
11332
11322
11353
11378
11348
11295
11383
11319
11318
11376
11324
11336
11355
11319
11392
11301
11307
11355
11363
11349
11367
11377
11367
11332
11347
11352
11388
11360
11336
11368
11413
11331
11319
11379
11348
11390
11374
11408
11398
11373
11364
11390
11401
11407
11348
11365
11430
11397
11419
11361
11342
11388
11400
11392
11345
11434
11418
10978
11345
11436
11441
11379
11396
11392
11430
11402
11377
11431
10829
11404
11373
11382
11404
11420
11439
11432
11415
11402
11411
11372
11403
11427
11448
11400
11459
11389
11432
11405
11393
11375
11382
11404
11392
11414
11420
11453
11451
11446
11434
11459
11447
11464
11474
11399
11435
11462
11417
11432
11430
11451
11411
11447
11405
11434
11415
11440
11408
11404
11471
11432
11458
11478
11415
11504
11475
11508
11412
11437
11498
11463
11473
11487
11417
11478
11442
11463
11454
11450
11479
11489
11520
11487
11440
11428
11436
11520
11497
11467
11493
11527
11456
11453
11493
11526
11453
11525
11462
11459
11442
11507
11501
11463
11514
11460
11542
11470
11548
11514
11490
11520
11534
11465
11516
11493
11536
11534
11513
11472
11557
11464
11536
11501
11550
11552
11557
11471
11548
11548
11691
11518
11499
11500
11529
11572
11531
11530
11552
11525
11508
11499
11485
11541
11565
11525
11504
11555
11550
11500
11525
11589
11507
11560
11500
11523
11500
11528
11588
11526
11533
11590
11600
11563
11543
11584
11591
11595
11589
11549
11530
11569
11515
11594
11594
11609
11567
11562
11533
11551
11522
11535
11531
11622
11577
11549
11559
11586
11545
10936
11545
11594
11627
11583
11608
11541
11539
11565
11570
11584
11543
11574
11580
11645
11632
11621
11581
11557
11632
11558
11565
11638
11581
11643
11608
11578
11560
11623
11625
11624
11626
11627
11644
11616
11640
11620
11640
11611
11591
11651
11584
11666
11672
11633
11660
11591
11617
11026
11622
11618
11035
11668
11666
11641
11661
11597
11869
11672
11688
11657
11916
11635
11612
11659
11678
11685
11675
11629
11652
11673
11693
11615
11703
11631
11691
11667
11647
11670
11681
11706
11615
11676
11678
11680
11649
11703
11647
11667
11689
11703
11638
11679
11692
11681
11658
11697
11719
11670
11695
11705
11705
11724
11650
11720
11690
11711
11648
11729
11685
11669
11740
11648
11677
11733
11657
11690
11730
11687
11731
11692
11727
11655
11710
11672
11688
11685
11753
11734
11734
11673
11667
11668
11686
11702
11683
11726
11699
11734
11673
11735
11735
11742
11748
11737
11734
11764
11725
11688
11754
11720
11684
11727
11698
11699
11731
11774
11696
11719
11740
11731
11703
11708
11780
11728
11763
11727
11772
11734
11738
11737
11756
11705
11725
11779
11735
11738
11738
11711
11744
11810
11757
11785
11734
11740
11746
11727
11770
11817
11805
11763
11790
11736
11800
11775
11765
11739
11806
11758
11816
11767
11783
11825
11823
11749
11742
11786
11780
11800
11795
11776
11814
11798
11791
11762
11802
11759
11803
11828
11810
11845
11842
11850
11756
11809
11843
11798
11800
11811
11794
11804
11780
11775
11784
11812
11823
11826
11829
11828
11775
11846
11794
11420
11774
11813
11865
11803
11822
11826
11852
11782
11801
11868
11796
11849
11807
11868
11855
11872
11866
11885
11844
11871
11854
11808
11880
11891
11880
11816
11810
11876
11845
11870
11868
11851
11840
11852
11906
11908
11840
11903
11846
11832
11824
11823
11858
11904
11915
11863
11850
11871
11848
11890
12167
11866
11912
11906
11921
11887
11914
11847
11871
11868
11863
11878
11869
11923
11897
11850
11884
11855
11925
11859
11883
11910
11922
11905
11914
11857
11852
11894
11920
11875
11934
11930
11943
11954
11868
11908
11952
11925
11909
11919
11948
11946
11906
11891
11937
11935
11956
11965
11904
11957
11969
11904
11932
11910
11909
11897
11920
11932
11887
11964
11894
11909
11932
11949
11928
11972
11910
11968
11928
11899
11980
11978
11921
11939
11909
11931
11947
11966
11981
11947
11963
11999
11939
11977
11926
11997
11922
11977
11929
12002
11933
11939
11998
11972
12004
11929
12017
11992
12015
12006
12006
12022
11999
11990
11936
11999
11954
11945
11999
11993
11999
11940
12031
11984
11949
11982
12033
12015
12001
11998
12020
11961
11979
11977
11985
11989
12032
12010
11962
11975
11975
11962
11979
11984
12031
11975
12024
12039
12036
11985
11968
12034
11990
12063
12029
12002
11970
12012
12050
12070
12022
12057
12036
12065
12063
11989
11984
12037
12078
12073
12008
12069
12086
12048
12031
12034
12072
12047
12078
12079
11998
12019
12036
12024
12071
12076
12006
12076
12063
12094
12048
12076
12035
12043
12037
12085
12101
12088
12030
12062
12080
12104
12022
12066
12079
12114
12084
12120
12100
12072
12073
12084
12109
12060
12116
12040
12064
12036
12123
12092
12057
12116
12125
12100
12096
12105
11624
12138
12142
12066
12116
12079
12109
12064
12140
12067
12086
12136
12126
12104
12127
12077
12073
12150
12108
12059
12072
12117
12073
12110
12084
12107
12133
12086
12115
12116
12147
12112
12148
12171
12170
12105
12082
12107
12144
12104
12084
12135
12170
12111
12115
12165
12134
12176
12102
12150
12108
12105
12183
12123
12099
12116
12145
12100
12107
12141
12120
12184
12197
12174
12149
12144
12205
12140
12199
12196
12175
12154
12170
12146
12166
12206
12175
12158
12196
12187
12149
12212
12197
12192
12137
12224
12201
12215
12172
12204
12168
12202
12215
12143
12210
12175
12189
12215
12225
12212
12225
12230
12231
12212
12145
12153
12181
12197
12189
12168
12250
12201
12249
12208
12242
12212
12234
12221
12246
12208
12177
12169
12199
12183
12247
12245
12216
12186
12233
12181
12175
12246
12187
12205
12248
12251
12244
12264
12234
12243
12198
12211
12247
12194
12253
12211
12242
12215
12233
12232
12258
12218
12286
12250
12212
12288
12218
12249
12222
12298
12288
12259
12301
12276
12247
12213
12221
12232
12292
12273
12302
12280
12245
12300
12309
12270
12261
12287
12286
12235
12314
12283
12277
12229
12246
12229
12261
12238
12287
12235
12298
12306
12247
12320
12261
12261
12324
12316
12312
12280
12318
12330
12331
12286
12334
12293
12306
12306
12336
12267
12270
12347
12298
12349
12315
12336
12290
12332
12280
12294
12357
12347
12313
12340
12272
12316
12322
12358
12344
12279
12356
12330
12304
12350
12291
12372
12277
12341
12330
12315
12283
12330
12095
12328
12343
12361
12354
12359
12336
12329
12308
12367
12348
12327
12345
12315
12391
12358
12315
12305
12373
12346
12327
12393
12363
12366
12393
12328
12312
12368
12385
12352
12375
12386
12413
12394
12324
12390
12320
12406
12355
12399
12343
12381
12403
12343
12358
12336
12418
12351
12376
12383
12345
12424
12366
12417
12374
12339
12365
12421
12362
12426
12407
12434
12377
12404
12391
12441
12390
12351
12447
12372
12417
12440
12362
12436
12360
12449
12411
12443
12422
12436
12395
12415
12445
12411
12373
12447
12441
12449
12389
12469
12383
12405
12434
12415
12424
12429
12385
12389
12432
12412
12389
12399
12413
12411
12459
12397
12404
12469
12458
12419
12489
12442
12464
12410
12436
12457
11802
12479
12453
12404
12479
12473
12500
12407
12497
12480
12488
12464
12483
12505
12418
12417
12438
12502
12441
12423
12482
12481
12512
12484
12508
12495
12448
12498
12468
12501
12429
12479
12456
12511
12469
12462
12450
12439
12475
12494
12457
12515
12454
12524
12504
12447
12512
12501
12455
12462
12466
12497
12511
12520
12468
12525
12532
12534
12521
12518
12482
12502
12510
12534
12480
12188
12548
12530
12523
12554
12479
12501
12527
12563
12504
12538
12518
12498
12509
12523
12483
12480
12515
12578
12490
12529
12560
12535
12568
12497
12494
12511
12567
12512
12501
12513
12566
12538
12564
12595
12588
12581
12538
12579
12569
12597
12590
12581
12604
12564
12511
12564
12534
12587
12525
12565
12613
12591
12540
12522
12572
12541
12548
12600
12596
12517
12528
12571
12565
12606
12589
12622
12580
12569
12550
12533
12615
12624
12558
12609
12610
12590
12577
12604
12546
12624
12611
12563
12565
12639
12621
12557
12609
12614
12642
12648
12612
12590
12563
12571
12654
12611
12639
12647
12637
12566
12660
12657
12628
12573
12610
12648
12631
12630
12642
12637
12634
12591
12591
12600
12617
12563
12668
12645
12601
12642
12615
12629
12656
12685
12676
12638
12638
12683
12623
12678
12002
12646
12659
12599
12606
12622
