183
114
193
195
169
111
143
139
-378
201
162
120
139
174
116
185
123
131
184
138
168
133
510
139
186
172
180
221
181
200
180
204
226
164
204
218
187
146
141
184
162
235
165
213
153
202
234
220
229
227
187
206
218
209
243
168
174
210
193
257
210
170
179
232
216
206
258
198
264
260
186
222
250
242
177
178
177
266
217
207
229
227
272
223
278
204
226
248
258
197
288
256
216
206
228
227
282
217
275
237
218
272
269
241
227
252
235
299
210
277
303
273
293
250
290
310
295
250
317
270
282
296
268
303
292
245
243
229
324
258
293
282
307
321
247
251
241
331
326
300
271
248
264
271
298
257
252
286
260
308
346
256
285
310
256
259
265
305
315
355
346
352
283
300
321
336
318
281
280
331
348
334
297
317
342
297
351
288
323
323
364
379
378
309
290
371
319
351
298
290
350
316
314
305
360
388
392
352
319
376
338
310
362
366
352
366
317
392
407
337
382
334
394
373
326
399
340
376
389
327
405
414
345
380
381
394
387
397
396
386
335
362
419
368
379
391
361
418
425
438
396
383
418
351
411
385
361
375
371
352
371
414
363
422
411
404
445
403
452
397
375
380
451
412
398
461
402
393
412
456
455
407
400
469
388
376
424
434
408
446
448
394
386
436
475
458
468
425
409
466
439
447
422
450
397
453
492
397
413
471
497
491
496
426
430
419
419
502
426
415
500
434
471
437
505
500
514
421
483
501
501
445
429
501
450
444
479
429
469
467
504
491
513
460
502
492
437
455
475
510
460
479
519
502
520
467
515
542
453
485
506
497
466
545
492
537
481
542
538
501
542
475
537
520
495
546
525
481
486
522
569
490
517
499
566
482
561
519
565
515
556
496
504
539
527
555
583
566
585
525
497
561
519
572
540
520
552
575
561
575
532
561
504
589
540
527
573
567
541
571
542
579
545
551
560
537
614
519
611
565
594
605
546
533
620
525
580
577
587
540
563
598
608
572
540
558
617
609
547
577
572
575
639
568
582
618
600
590
589
635
592
607
570
587
560
655
570
572
570
570
581
590
652
634
576
566
644
578
591
607
570
626
595
667
577
621
579
646
666
622
634
617
593
591
628
660
615
616
622
604
678
686
641
657
669
671
623
691
613
697
663
652
653
681
651
704
674
625
680
652
674
622
696
702
708
715
686
687
650
690
649
694
695
672
699
714
713
708
649
656
637
664
96
676
703
694
724
704
655
640
701
728
700
687
738
681
680
702
715
712
666
685
751
683
729
708
746
677
676
740
711
716
698
762
716
666
670
717
743
701
698
760
765
713
761
721
775
776
693
713
774
768
740
739
747
690
742
762
736
763
744
784
740
727
750
740
751
793
775
743
779
718
783
787
710
793
751
790
746
762
725
719
722
794
760
798
772
724
781
786
765
779
810
763
760
759
769
817
808
814
800
741
778
833
790
765
744
835
799
784
754
829
772
830
828
753
763
784
793
777
758
798
812
831
833
801
768
807
760
823
767
778
765
852
811
815
853
787
813
859
858
778
776
843
785
795
821
808
843
800
843
848
795
853
815
791
824
843
874
815
875
796
860
798
873
871
875
889
888
891
816
879
848
822
875
828
900
825
839
848
814
846
879
889
848
826
911
833
884
858
901
914
908
849
831
900
882
829
884
830
893
900
854
891
895
859
913
494
868
846
927
877
852
869
897
941
912
922
918
865
874
881
859
890
884
922
877
878
880
877
863
931
863
910
923
944
951
938
931
927
928
876
895
968
880
894
879
907
895
916
897
886
953
925
938
919
919
952
954
899
911
932
905
971
985
933
938
994
908
932
974
924
935
1002
986
906
959
983
975
1005
913
979
988
997
928
953
936
1016
940
974
1001
934
987
973
989
963
976
957
982
943
1021
974
1011
1023
991
498
1003
1024
1032
1003
959
989
1029
1017
958
1022
986
957
964
1001
968
1044
1001
984
1053
975
1009
1021
1014
992
1034
1024
1031
978
1050
1003
1022
1062
1059
1018
1068
989
982
1069
1062
1061
1019
986
1068
982
1069
1031
1040
1025
1020
1070
1058
1008
1003
993
995
1060
1016
1062
1026
1094
1083
1061
1030
1051
1064
1071
1096
1096
1050
1042
1012
1097
1089
1021
1108
1103
1086
1104
1059
1029
1046
1020
1056
1020
1079
1062
1043
1109
1028
1031
1057
1048
1094
1117
1066
1073
1090
1128
1121
1084
1078
1133
1067
1108
1080
981
1094
1141
1129
1077
938
1113
1071
1119
1063
1078
1069
1122
1118
1107
1069
1071
1244
1121
1080
1083
1109
1120
1131
1094
1163
1118
1097
1102
538
1162
1108
1112
1084
1132
1112
1121
1099
1137
1118
1087
1120
1084
1166
1143
1151
1186
1161
1111
1147
1170
1153
1180
1108
1191
1097
1155
1185
1119
1120
1179
1177
1160
1171
1178
1197
1163
1208
1157
1134
1122
1138
1176
1204
1116
1163
1185
1118
1180
1212
1145
1168
1136
1170
1125
1155
1160
1139
1185
1183
1198
1138
1171
1159
1145
1189
1224
769
1227
1150
1211
1146
1180
1179
1166
1161
1159
1169
1166
1199
1153
1215
1159
1221
1253
1174
1256
1224
1234
1172
1197
1229
1259
1237
1196
1254
1217
1180
1196
1253
1177
1216
1205
1177
1194
1249
1240
1201
1191
1215
1202
1224
1213
1199
1263
1200
1239
1191
1283
1285
1247
1122
1291
1279
1279
1231
1260
1296
1230
1225
660
1299
1274
1262
1254
1221
1297
1216
1260
1218
1219
1238
1284
1253
1304
1270
1300
1314
1239
1294
1319
1231
1302
1320
1288
1317
1320
1229
1260
1300
1309
1273
1285
1239
1292
1308
1326
1312
1303
1319
1283
1324
1300
1258
1278
1301
1237
1258
1294
1320
1329
1254
1261
1276
1299
1273
1285
1338
1349
1283
1348
1313
1328
1283
1321
1356
1360
1309
1335
1272
1346
1371
1362
1303
1353
1334
1315
1325
1377
1344
1346
1357
1289
1301
1335
1362
1298
1347
1379
1328
1322
1322
1305
1301
1358
1311
1352
1336
1320
1309
1335
1318
1334
1314
1390
1350
1323
1364
1332
1360
1374
1373
1341
1366
1381
1399
1401
1405
1367
1329
1347
1388
1351
1356
1330
1381
1370
1365
1426
1400
1425
1414
1381
1432
1353
1366
1387
1339
1437
1361
1398
1368
1365
1395
1380
1425
1422
1351
1429
1382
1383
1380
1384
1407
1434
1399
1428
1458
1394
1370
1432
1417
1459
1418
1433
1372
1421
1445
1454
1439
1401
1417
1415
1420
1455
1398
1571
1461
1463
1420
1477
1393
1422
1482
1406
1463
1421
1453
1392
1429
1434
1477
1486
1415
1411
1768
1490
1491
1186
1441
1454
1416
1413
1425
1489
1416
1448
1452
1410
1443
1503
1454
1425
1469
1433
1476
1515
1422
1475
1466
1497
1453
1504
1449
1491
1461
1459
1498
1456
1508
1456
1493
1454
1464
1482
1497
1524
1460
1527
1473
1535
1514
1448
1498
1700
1528
1545
1516
1501
1525
1466
1511
1496
1510
1526
1547
1504
1502
1487
1509
1549
1508
1519
1528
1546
1474
1506
1547
1543
1569
1475
1566
1525
1491
1492
1498
1535
1573
1496
1548
1487
1551
1499
1499
1499
1506
1500
1521
1582
1578
1524
1549
1527
1558
1589
1577
1531
1500
1530
1564
1561
1532
1599
1505
1563
1521
1514
1545
1520
1592
1565
1513
1547
1556
1542
1613
1527
1526
1614
1549
1588
1601
1560
1622
1601
1546
1536
1603
1536
1562
1610
1613
1551
1597
1538
1612
1550
1565
1584
1568
1590
1566
1596
1553
1613
1562
1644
1554
1562
1605
1584
1616
1600
1620
1565
1595
1605
1611
1568
1615
1613
1572
1569
1648
1635
1594
1578
1612
1607
1646
1642
1630
1607
1609
1647
1665
1659
1591
1623
1611
1670
1681
1677
1630
1616
1639
1620
1611
1683
1675
1135
1666
1617
1667
1687
1647
1648
1663
1639
1654
1691
1652
1666
1628
1640
1672
1665
1706
1658
1626
1659
1640
1640
1835
1699
1630
1673
1674
1683
1629
1677
1665
1716
1640
1676
1711
1663
1664
1710
1689
1713
1704
1709
1687
1725
1658
1696
1671
1642
1735
1680
1706
1682
1671
1708
1710
1693
1662
1730
1735
1722
1719
1682
1670
1693
1728
1675
1730
1728
1662
1665
1713
1714
1705
1693
1690
1763
1756
1726
1744
1763
1761
1745
1729
1707
1703
1750
1684
1701
1761
1683
1695
1772
1692
1724
1739
1732
1722
1789
1758
1785
1720
1746
1767
1786
1716
1743
1759
1745
1756
1726
1727
1752
1779
1746
1732
1752
1804
1808
1726
1778
1783
1741
1775
1763
1781
1755
1779
1720
1769
1760
1789
1819
1792
1749
1787
1730
1827
1739
1752
1814
1771
1806
1776
1748
1817
1742
1756
1812
1816
1788
1826
1749
1840
1812
1778
1757
1846
1837
1815
1784
1816
1793
1775
1798
1820
1812
1786
1764
1772
1852
1784
1807
1803
1850
1777
1800
1462
1846
1857
1869
1849
1812
1817
1809
1873
1825
1788
1865
1844
1791
1784
1835
1858
1876
1827
1822
1839
1837
1876
1798
1866
1886
1866
1887
1854
1847
1860
1892
1889
1811
1808
1825
1860
1834
1866
1844
1867
1859
1885
1896
1829
1854
1867
1909
1915
1888
1911
1820
1865
1827
1873
1905
1844
1839
1836
1829
1872
1856
1844
1853
1912
1870
1868
1875
1923
1878
1859
1934
1909
1881
1877
1888
1885
1886
1852
1930
1962
1879
1919
1859
1950
1931
1872
1904
1900
1862
1878
1912
1872
1894
1906
1876
1925
1881
1922
1941
1944
1928
1875
1939
1970
1919
1910
1965
1916
1931
1954
1972
1944
1961
1968
1945
1910
1983
1977
1921
1957
1961
1951
1916
1900
1927
1939
1897
1943
1905
1927
1955
1944
1953
1979
2000
1914
1991
1998
2003
1944
1911
1993
1996
1935
2011
1953
2005
1959
1942
1988
1978
1955
1939
1950
1961
1959
1975
1963
1967
1946
1975
2030
1947
1961
1981
1958
1955
2016
2010
1967
1976
2036
2039
2037
2041
1970
1998
1962
1963
2025
1991
1957
2005
2005
2033
2020
1989
1991
2028
2005
2059
2030
1983
2003
2024
2051
2047
2016
2049
2046
2038
2034
2020
1986
2063
2026
1998
2058
2023
2024
2074
2079
2040
2009
2007
1993
1985
2083
2034
2076
2082
1819
2018
1999
2055
2010
2017
1996
2095
2074
2054
2094
2062
2099
2033
2042
2042
2100
2012
2084
2089
2074
2100
2070
2065
2112
2060
2082
2018
2082
2070
2033
2089
2065
2029
2027
2115
2032
2101
2089
2069
2120
2034
2111
2123
2049
2126
2055
2135
2128
2117
2120
2105
2101
2097
2144
2101
2071
2122
2139
2053
2051
2107
2084
2102
2129
2127
2120
2131
2059
2141
2077
2087
2073
2160
2124
2132
2092
2074
2079
2107
2134
2162
2130
2086
2148
2123
2085
2142
2087
2082
2156
2158
2097
2092
2173
2177
2170
2173
2182
2091
2142
2131
2167
2100
2131
2130
2134
2184
2105
2145
2181
2154
2159
2171
2151
2168
2172
2177
2200
2155
2179
2191
2190
2135
2170
2207
2118
2175
2158
2211
2149
2168
2147
2184
2215
2195
2133
2183
2221
2168
2180
2155
2134
2196
2200
1949
2175
2213
2152
2235
2195
2212
2180
2147
2196
2207
2207
2178
1806
2225
2177
2242
2229
2208
2182
2253
2250
2227
2185
2209
2205
2194
2172
2244
2228
2198
2223
2182
2188
2201
2213
2181
2193
2265
2238
2260
2229
2237
2276
2252
2238
2212
2232
2244
2249
2254
2223
2264
2227
2203
2284
2256
2230
2206
2201
2275
2267
2225
2244
2222
2250
2276
2294
2205
2290
2268
2233
2286
2302
2269
2298
2277
2218
2270
2217
2264
2227
2233
2274
2294
2315
2256
2288
2281
2278
2303
2243
2265
2326
2312
2232
2242
2255
2300
2290
2321
2296
2261
2327
2333
2253
2331
2300
2294
2259
2302
2287
2298
2325
2277
2304
2312
2345
2321
2278
2292
2322
2309
2330
2322
2319
2279
2300
2324
2310
2288
2266
2343
2316
2292
2328
2324
2321
2353
2283
2286
2325
2358
2335
2293
2368
2380
2312
2361
2380
2310
2374
2334
2320
2357
2315
2367
2306
2317
2389
2372
2346
2394
2389
2331
2323
2355
2342
2318
2369
2340
2349
2399
2395
2405
2310
2337
2338
2368
2340
2358
1843
2414
2369
2376
2331
2343
2403
2345
2341
2391
2398
2371
2400
2344
2336
2424
2339
2422
2415
2415
2342
2385
2436
2400
2395
2402
2399
2370
2362
2355
2429
2399
2381
2422
2379
2376
2380
2424
2452
2430
2431
2426
2437
2366
2374
2375
2365
2393
2402
2399
2443
2442
2369
2382
2420
2408
2407
2408
2469
2391
2411
2388
2452
2395
2649
2386
2428
2480
2447
2396
2480
2444
2468
2432
2418
2462
2467
2491
2415
2397
2437
2441
2484
2406
2431
2410
2474
2413
2462
2440
2471
2478
2489
2508
2497
2422
2510
2449
2507
2448
2428
2447
2435
2488
2492
2464
2464
2507
2501
2439
2451
2515
2492
2497
2438
2437
2470
2517
2459
2461
2493
2493
2510
2444
2443
2442
2500
2496
2169
2496
2449
2538
2540
2530
2460
2542
2476
2508
2475
2544
2535
2505
2485
2527
2539
2542
2509
2464
2552
2492
2496
2491
2477
2484
2478
2488
2512
2489
2569
2560
2494
2561
2536
2519
2555
2484
2576
2568
2530
2541
2518
2539
2528
2538
2567
2542
2583
2499
2534
2509
2586
2528
2543
2534
2540
2592
2530
2570
2584
2549
2586
2513
2584
2591
2579
2598
2596
2549
2533
2567
2523
2564
2617
2589
2552
2547
2538
2622
2558
2605
2622
2586
2611
2583
2598
2558
2556
2605
2574
2539
2583
2555
2613
2571
2558
2551
2609
2585
2561
2630
2605
2611
2639
2600
2555
2596
2598
2599
2650
2631
2633
2642
2649
2572
2578
2623
2601
2659
2612
2589
2597
2641
2586
2572
2576
2619
2671
2645
2614
2605
2570
2646
2609
2604
2651
2672
2613
2679
2666
2662
2105
2638
2673
2604
2595
2623
2605
2593
2677
2624
2673
2679
2663
2658
2694
2606
2628
2642
2703
2618
2703
2654
2692
2646
2613
2626
2617
2633
2692
2624
2664
2633
2681
2663
2653
2669
2628
2702
2629
2697
2688
2691
2650
2704
2702
2660
2729
2721
2641
2689
2682
2716
2658
2640
2687
2731
2715
2725
2688
2714
2730
2718
2711
2673
2720
2661
2681
2676
2744
2701
2718
2715
2702
2677
2758
2679
2693
2698
2681
2719
2673
2747
2746
2721
2747
2736
2707
2706
2763
2743
2693
2756
2681
2700
2752
2714
2686
2745
2711
2772
2770
2784
2715
2090
2714
2782
2696
2786
2746
2774
2788
2784
2706
2798
2769
2781
2714
2731
2728
2795
2734
2708
2791
2759
2790
2763
2720
2714
3038
2729
2809
2784
2797
2755
2786
2728
2813
2779
2754
2821
2727
2817
2827
2777
2825
2800
2795
2795
2795
2743
2779
2791
2775
2800
2768
2833
2764
2815
2809
2797
2772
2789
2756
2847
2799
2751
2801
2826
2813
2831
2847
2844
2783
2816
2801
2769
2800
2852
2841
2856
2803
2822
2844
2808
2840
2786
2810
2839
2822
2831
2781
2831
2848
2833
2827
2783
2789
2803
2806
2800
2855
2838
2861
2803
2810
2865
2881
2853
2889
2889
2814
2827
2803
2803
2810
2893
2853
2880
2849
2904
2905
3137
2863
2817
2894
2859
2889
2861
2872
2898
2851
2885
2905
2895
2916
2834
2871
2914
2853
2845
2273
2923
2914
2851
2855
2840
2924
2870
2858
2836
2926
2889
2915
2924
2888
2890
2900
2862
2862
2909
2872
2935
2922
2876
2917
2924
2861
2882
2913
2875
2940
2935
2934
2864
2923
2890
2871
2923
2872
2887
2934
2933
2936
2948
2917
2890
2876
2958
2937
2900
2897
2944
2978
2893
2913
2658
2957
2924
2964
2909
2900
2959
2943
2910
2910
2914
2964
2932
2977
2946
2920
2923
2901
2983
2976
2909
2935
2991
2996
2988
2916
3002
2924
2968
2912
2959
2977
2980
2958
2979
2952
2928
2932
2994
2989
2950
2932
3004
2934
2945
2965
2982
3013
2952
3002
2973
2949
2968
2972
2995
3028
2938
2985
2976
2940
3035
2945
2986
3000
2963
2957
3034
3033
3008
3011
2970
3008
2963
2982
3006
2987
3051
3009
2994
3054
3051
3045
3045
3018
2967
2992
3014
3043
3054
2988
3050
3040
3006
3028
3007
3025
3071
3078
3027
3077
3042
3010
3021
3037
2995
3038
3065
3038
3007
3010
2997
3076
3041
3031
3024
3055
3079
3074
3059
3079
3063
3004
3064
3032
3095
3047
3078
3059
3012
3084
3067
3024
3094
3044
3090
3082
3103
3091
3098
3101
3022
3108
3092
3050
3070
3114
3091
3104
3029
3088
3124
3050
3067
3040
3056
3042
3074
3120
3115
3127
3077
3138
3086
3116
3127
3084
3107
3085
3137
3100
3134
3078
3131
3147
3099
3083
3093
3098
3111
3114
3062
3127
3141
3097
3163
3110
3085
3161
3073
3142
3136
3106
3110
3139
3139
3129
3080
3084
3102
3140
3087
3084
3083
2513
3172
3153
3179
3162
3138
3147
3110
3134
3130
3178
3153
3102
3154
3128
3186
3166
3169
3175
3149
3202
3199
3205
3156
3134
3196
3167
3197
3165
3169
3205
3156
3198
3164
3192
3150
3210
3203
3164
3137
3222
3134
3141
3155
3165
3149
3208
3132
3168
3157
3145
3159
3142
3144
3236
3145
3235
3215
3241
3189
3177
3179
3232
3185
3153
3228
3208
3164
3251
3209
3230
3201
3229
3237
3251
3177
3187
3260
3257
3174
3215
3175
3250
3175
3180
3219
3171
3206
3204
3247
3213
3208
3188
3253
3268
3246
3279
3229
3235
3184
3229
3238
3259
3247
3211
3211
3232
3203
3216
3279
3220
3248
3217
3269
3273
3248
3226
3226
3218
3255
3293
3268
3221
3241
3293
3214
2797
3296
3295
3269
3287
3279
3281
3246
3258
3232
3311
3227
3304
3269
3270
3233
3274
3253
3294
3252
3281
3240
3299
3260
3236
3288
3333
3278
3332
3276
3339
3242
3304
3279
3309
3337
3343
3264
3267
3332
3294
3341
3259
3267
3643
3328
3277
3270
3284
3280
3350
3303
3277
3354
3312
3355
3294
3287
3272
3299
3272
3329
3324
3325
3296
3292
3290
3277
3339
3318
3323
3365
3338
3296
3286
3305
3289
3305
3335
3312
3328
3369
3334
3355
3296
3337
3310
3391
3350
3378
3321
3357
3364
3308
3378
3381
3403
3380
3392
3316
3377
3348
3324
3361
3407
3356
3331
3382
3345
3319
3364
3327
3329
3338
3337
3401
3394
3362
3355
3360
3403
3358
3401
3405
3395
3411
3407
3345
3402
3430
3353
3349
3361
3360
3397
3414
3432
3359
3378
3376
3386
3437
3363
3447
3433
3358
3452
3374
3432
3452
3387
3371
3454
3393
3461
3404
3415
3418
3428
3460
3447
3422
2807
3392
3406
3387
3418
3406
3433
3421
3466
3407
3402
3395
3416
3401
3471
3406
3441
3404
3458
3437
3486
3426
3444
3461
3417
3490
3414
3432
3461
3406
3410
3490
3504
3446
3425
3506
3461
3435
3487
3498
3471
3418
3481
3424
3434
3442
3260
3463
3447
3448
3451
3449
3448
3432
3435
3474
3460
3499
3504
3508
3505
3500
3490
3460
3526
3521
3443
3493
3519
3448
3466
3514
3470
3527
3493
3538
3518
3466
3470
3523
3511
3516
3506
3521
3478
3461
3478
3549
3519
3484
3467
3494
3542
3521
3495
3546
3485
3479
3481
3523
3532
3505
3548
3518
3544
3486
3502
3537
3566
3577
3563
3491
3567
3506
3533
3535
3559
3563
3549
3553
3508
3577
3580
3563
3571
3557
3598
3541
3501
3509
3602
3517
3508
3505
3572
3511
3555
3564
3601
3521
3532
3577
3598
3608
3599
3535
3555
3584
3598
3574
3567
3566
3530
3530
3527
3582
3540
3620
3536
3601
3541
3630
3571
3585
3548
3571
3544
3627
3544
3637
3635
3611
3575
3549
3582
3615
3593
3598
3582
3604
3611
3611
3572
3624
3634
3559
3639
3586
3654
3655
3595
3578
3633
3601
3597
3661
3654
3665
3668
3608
3588
3603
3629
3610
3612
3662
3632
3638
3595
3664
3607
3585
3646
3598
3616
3630
3615
3603
3665
3595
3592
3781
3612
3634
3599
3670
3603
3673
3659
3646
3692
3643
3609
3690
3682
3675
3644
3639
3613
3684
3668
3662
3678
3661
3617
3652
3717
3623
3684
3668
3629
3719
3644
3705
3715
3666
3639
3646
3683
3342
3712
3676
3683
3695
3708
3705
3655
3647
3658
3706
3725
3723
3696
3687
3664
3709
3721
3742
3739
3744
3688
3708
3742
3737
3669
3748
3715
3731
3759
3755
3709
3685
3706
3731
3725
3731
3727
3707
3681
3684
3704
3755
3751
3703
3681
3693
3693
3755
3694
3726
3763
3759
3770
3760
3723
3723
3740
3736
3747
3723
3710
3700
3735
3781
3738
3793
3703
3727
3752
3727
3791
3715
3710
3714
3787
3730
3749
3745
3723
3791
3735
3753
3730
3750
3721
3800
3734
3756
3782
3770
3753
3745
3795
3814
3735
3765
3808
3798
3814
3800
3801
3789
3833
3800
3824
3799
3789
3973
3802
3781
3796
3783
3756
3794
3748
3786
3774
3844
3814
3833
3809
3849
3803
3791
3756
3815
3827
3829
3831
3765
3840
3833
3831
3863
3782
3782
3816
3834
3827
3778
3774
3817
3811
3849
3857
3822
3813
3803
3845
3802
3789
3871
3810
3874
3817
3841
3826
3854
3840
3852
3866
3850
3817
3806
3814
3850
3875
3812
3891
3867
3835
3814
3811
3844
3832
3857
3815
3902
3908
3881
3898
3910
3908
3843
3844
3881
3902
3881
3828
3913
3878
3861
3870
3842
3918
3850
3914
3834
3888
3883
3857
3897
3889
3864
3888
3865
3912
3938
3906
3934
3894
3922
3879
3852
3892
3871
3909
3924
3913
3898
3860
3899
3897
3920
3927
3920
3864
3925
3940
3931
3896
3952
3942
3957
3908
4010
3872
3947
3908
3963
3874
3970
3929
3904
3957
3931
3924
3956
3888
3887
3973
3971
3974
3956
3948
3963
3969
3955
3989
3920
3976
3978
3985
3940
3993
3956
3935
3946
3969
3997
3975
3961
3960
4003
3907
3983
3986
3928
3935
3995
3965
3933
4000
3978
3942
3927
4016
3935
3988
3970
3975
3943
3978
3937
3975
3995
3974
4027
3952
3973
3969
4018
3968
3982
3946
3968
4012
3942
4029
4011
3948
4027
4027
4008
3987
4042
4024
4016
4034
3970
4043
3976
3965
4023
3989
3962
4032
4030
4020
4011
4031
3994
3973
4041
4013
3968
3993
4057
3984
4042
4066
4066
4037
4006
3987
4051
4001
4076
4021
4055
4023
4066
4043
4015
4046
4084
4024
4049
4033
4090
4027
3996
4013
4021
4041
4079
4040
4074
4095
4070
4016
4078
4083
4084
4009
4067
4045
4065
4010
4096
4051
4085
4052
4095
4085
4115
4109
4059
3985
4111
4078
4066
3664
4041
4113
4034
3809
4129
4054
4128
4117
4034
4041
4133
4097
4131
4077
3671
4120
4047
4076
4090
4080
4098
4088
4065
4111
4091
4051
4077
4091
4106
4140
4127
4074
4082
4071
4140
4140
4104
4111
4084
4095
4150
4105
4109
4125
4085
4070
4165
4109
4114
4132
4151
4096
4105
4138
4144
4105
4364
4172
4084
4133
4101
4149
4130
4141
4151
4153
4185
4135
4189
4127
4165
4193
4100
4187
4117
4111
4148
4151
4126
4104
4107
4145
4198
4188
4146
4171
4138
4117
4203
4135
4124
4153
4150
4191
4183
4178
4210
4203
4174
4160
4221
4206
4197
4135
4215
4215
4170
4169
4206
4177
4176
4143
4211
4156
4186
4223
4187
4166
4147
4170
4163
4166
4194
4152
4523
4248
4219
4188
4185
4208
4182
4214
4244
4200
4201
4230
4257
4183
4169
4263
4248
4176
4175
4253
4264
4212
4261
4256
4240
4177
4219
4255
4247
4225
4244
4225
4271
4271
4235
4249
4216
4283
4273
4214
4233
4247
4217
4253
4291
4226
4224
4244
4288
4283
4244
4281
4212
4233
4292
4271
4206
4305
4264
4248
4216
4255
4246
4282
4281
4131
4291
4255
4219
4301
4283
4279
4267
4320
4287
4276
4290
4300
4277
4298
4293
4301
4266
4328
4275
4263
4241
4266
4257
4278
4315
4256
4276
4260
4329
4311
4267
4302
4279
4248
4277
4301
4309
4325
4289
4350
4311
4336
4268
4280
4288
4322
4360
4345
4328
4360
4344
4276
4291
4317
4283
4327
4312
4281
4313
4345
4370
4304
4321
4361
4323
4365
4305
4302
4366
4299
4324
4310
4322
4320
4363
4376
4381
4357
4379
4298
4357
4369
4306
4326
4356
4380
4324
4365
4390
4389
4355
4327
4372
4383
4375
4331
4324
4334
4400
4356
4337
4369
4343
4085
4388
4327
4387
4356
4417
4422
4376
4393
4348
4337
4389
4427
4410
4400
4411
4391
4370
4404
4414
4421
4359
4370
4342
4401
4410
4369
4358
4382
4368
4374
4400
4352
4354
4383
4364
4363
4444
4436
4385
4388
4422
4456
4400
4457
4401
4392
4403
4438
4393
4457
4439
4407
4405
4398
4464
4400
4417
4379
4452
4406
4466
4467
4403
4413
4434
4470
4456
4448
4453
4418
4419
4449
4489
4414
4433
4422
4435
4488
4432
4475
4402
4401
4439
4418
4404
4495
4434
4502
4457
4437
4505
4444
4431
4489
4421
4512
4507
4463
4419
4464
4503
4454
4507
4493
4466
4472
4484
4468
4447
4490
4457
4490
4502
4530
4514
4523
4471
4460
4495
4513
4442
4516
4511
4530
4490
4471
4458
4495
4447
4496
4497
4463
4550
4489
4496
4553
4531
4476
4546
4499
4478
4553
4538
4545
4495
4471
4530
4509
4494
4496
4475
4568
4537
4799
4514
4507
4515
4567
4522
4527
4572
4568
4576
4510
4544
4545
4505
4563
4561
4525
4541
4571
4542
4564
4498
4525
4519
4555
4561
4525
4499
4572
4543
4590
4573
4517
4528
4552
4560
4602
4568
4568
4585
4596
4519
4574
4541
4593
4596
4529
4556
4551
4599
4590
4611
4616
4527
4571
4567
4551
4543
4540
4589
4571
4586
4616
4591
4620
4599
4608
4599
4621
4636
4561
4630
4641
4547
4585
4579
4568
4585
4580
4605
4637
4633
4620
4605
4587
4559
4639
4628
4565
4565
4599
4605
4572
4632
4605
4636
4661
4664
4652
4591
4639
4584
4615
4590
4611
4673
4585
4646
4595
4625
4601
4678
4656
4654
4611
4591
4672
4619
4639
4617
4626
4652
4604
4693
4675
4643
4681
4628
4684
4624
4661
4676
4650
4670
4662
4637
4612
4665
4663
4637
4653
4653
4857
4707
4623
4702
4692
4673
4656
4623
4650
4684
4718
4696
4698
4718
4682
4673
4694
4648
4673
4678
4724
4733
4725
4655
4659
4714
4661
4684
4728
4649
4645
4682
4656
4683
4704
4727
4708
4683
4733
4660
4680
4678
4740
4703
4688
4723
4702
4669
4733
4745
4724
4722
4727
4696
4726
4681
4733
4675
4747
4692
4749
4749
4762
4749
4739
4713
4759
4705
4725
4704
4706
4737
4697
4707
4698
4783
4748
4731
4780
4697
4751
4750
4720
4760
4720
4753
4730
4719
4791
4730
4755
4775
4772
4736
4762
4743
4717
4767
4762
4781
4793
4772
4769
4737
4804
4779
4780
4730
4757
4727
4782
4813
4784
4729
4759
4738
4812
4769
4751
4789
4797
4809
4800
4778
4740
4763
4775
4770
4807
4811
4787
4761
4756
4816
4836
4940
4792
4751
4800
4831
4759
4855
4791
4797
4787
4840
4772
4769
4791
4840
4854
4840
4772
4783
4825
4813
4819
4846
4868
4783
4821
4839
4863
4869
4789
4780
4834
4783
4855
4880
4828
4860
4883
4862
4835
4796
4840
4850
4872
4809
4882
4853
4692
4869
4840
4873
4883
4826
4835
4839
4898
4891
4852
4832
4842
4881
4816
4838
4860
4863
4847
4843
4861
4866
4885
4862
4902
4880
4882
4868
4832
4887
4886
4883
4842
4894
4857
4874
4884
4884
4920
4889
4880
4934
4857
4855
4940
4932
4911
4900
4927
4931
4938
4906
4914
4921
4859
4936
4890
4909
4890
4943
4932
4907
4935
4904
4894
4920
4913
4908
4882
4883
4922
4929
4889
4922
4913
4874
4956
4902
4933
4925
4919
4897
4925
4976
4911
4896
4976
4896
4968
4892
4889
4946
4942
4961
4989
4924
4923
4909
4908
4918
4974
4923
4935
4972
4930
4947
4960
4989
4922
4924
4914
4922
4963
4913
4932
4958
4988
4928
4951
4950
4978
4974
5001
5015
4968
4975
4949
4967
4935
4936
4993
5021
5012
5016
4962
5011
4935
4994
4970
4998
5026
4947
4960
4960
4948
4988
5025
4983
4961
4997
5013
4998
4963
4962
4988
4992
5042
4953
5043
4966
5047
5016
5034
4983
4977
5048
5008
4992
5014
5031
5022
4975
5054
5053
5025
5059
5072
5009
5048
4995
5052
5067
5070
5072
5038
5072
5014
5062
5078
4990
5078
5029
4993
5054
5038
5023
5056
4998
5051
5085
5043
5019
5001
5092
5089
5051
5038
5084
5099
5066
5010
5026
5056
5027
5058
5093
5045
5065
5053
5053
5037
5061
5023
5035
5055
5099
5051
5091
5065
5074
5077
5095
5053
5111
5038
5108
5118
5107
5093
5066
5036
5066
5125
5067
5065
5115
5103
5126
5047
5112
5089
5130
5069
5088
5074
5134
5114
5143
5109
5071
5142
5059
5071
5096
5097
5097
5080
5149
5160
5138
5103
5074
5084
5084
5132
5158
5161
5097
5081
5125
5133
5109
5154
5104
5108
5142
5171
5167
5144
5144
5103
5161
5113
5095
5129
5178
5098
5192
5181
5111
5127
5137
5197
5127
5108
5136
5184
5170
5173
5192
5112
5148
5143
5132
5156
5188
5146
5116
5119
5152
5131
5156
5202
5187
5186
5133
5147
5141
5177
5174
5186
5173
5206
5158
5214
5177
5148
5193
5225
5140
5230
5208
5219
5228
5146
5232
5212
5165
5171
5149
5202
5198
5176
5209
5215
5188
5233
5233
5208
5248
5239
5193
5210
5235
5175
5230
5181
5258
5225
5210
5254
5264
5227
5198
5269
5228
5247
5173
5269
5219
5222
5217
5225
5256
5219
5202
5201
5255
5252
5193
5189
5200
5199
5274
5223
5214
5280
5224
5214
5285
5270
5200
5216
5204
5260
5227
5251
5295
5238
5208
5254
5282
5300
5303
5231
5300
5216
5294
5303
5300
5244
5275
5231
5246
5252
5226
5237
5322
5243
5306
5291
5252
5316
5272
5245
5268
5311
5240
5264
5278
5255
5290
5294
5339
5340
5272
5246
5337
5335
5289
5255
5325
5332
5315
5290
5320
5339
5334
5345
5306
5270
5291
5322
5335
5313
5307
5275
5324
5302
5336
5636
5297
5356
5329
5368
5284
5354
5334
5313
5310
5371
5322
5279
5306
5283
5285
5325
5350
5332
5306
5373
5330
5290
5296
5303
5298
5354
5297
5325
5366
5336
5362
5342
5354
5330
5346
5349
5394
5321
5364
5329
5358
5405
5405
5338
5314
5364
5324
5404
5333
5368
5369
5389
5399
5337
5339
5386
5330
5381
5391
5415
5384
5337
5334
5400
5348
5398
5382
5427
5357
5365
5367
5351
5354
5414
5421
5413
5369
5345
5439
5381
5380
5412
5370
5364
5425
5438
5440
5372
5406
5364
5448
5411
5396
5447
5426
5434
5367
5449
5389
5366
5383
5466
5437
5456
5376
5406
5416
5435
5257
5468
5432
5445
5382
5415
5397
5399
5451
5468
5440
5465
5429
5461
5398
5432
5466
5457
5416
5431
5422
5485
5451
5425
5447
5496
5447
5426
5478
5423
5468
5452
5445
5453
5508
5494
5495
5508
5445
5422
5491
5449
5443
5506
5497
5473
5506
5453
5481
5511
5476
5450
5518
5475
5527
5454
5441
5509
5516
5500
5509
5520
5503
5520
5486
5520
5463
5534
5513
5456
5480
5502
5521
5454
5535
5483
5452
5470
5518
5509
5551
5533
5519
5508
5519
5539
5521
5464
5545
5553
5503
5494
5529
5479
5509
5562
5569
5501
5566
5506
5525
5527
5549
5482
5485
5498
5499
5553
5530
5531
5519
5530
5567
5563
5571
5541
5498
5514
5525
5543
5573
5586
5564
5554
5577
5507
5517
5570
5569
5526
5538
5560
5531
5528
5567
5537
5611
5589
5607
5529
5614
5539
5546
5557
5580
5555
5571
5547
5524
5585
5558
5596
5601
5576
5612
5575
5593
5561
5569
5537
5629
5551
5613
5565
5492
5619
5586
5556
5615
5596
5606
5549
5626
5575
5605
5636
5576
5561
5572
5628
5590
5602
5652
5583
5568
5612
5613
5650
5621
5635
5641
5589
5601
5664
5616
5593
5604
5651
5631
5579
5648
5640
5664
5638
5662
5611
5610
5649
5659
5590
5617
5645
5617
5613
5638
5683
5641
5614
5680
5628
5680
5608
5642
5656
5604
5611
5671
5678
5699
5649
5631
5612
5608
5664
5630
5698
5671
5672
5633
5682
5665
5634
5625
5643
5670
5650
5636
5650
5671
5719
5693
5658
5684
5723
5685
5724
5730
5653
5673
5637
5674
5661
5661
5730
5701
5689
5713
5712
5687
5891
5731
5731
5684
5652
5717
5657
5711
5733
5702
5725
5709
5664
5682
5663
5734
5749
5760
5706
5679
5734
5688
5751
5750
5713
5700
5765
5676
5693
5727
5754
5692
5736
5693
5737
5695
5742
5762
5782
5752
5752
5753
5784
5753
5766
5701
5771
5715
5767
5719
5776
5707
5727
5749
5718
5726
5760
5745
5726
5766
5790
5724
5724
5728
5778
5804
5724
5748
5739
5805
5764
5754
5779
5802
5729
5777
5807
5807
5746
5758
5729
5815
5741
5772
5749
5317
5805
5777
5745
5738
5782
5802
5777
5835
5770
6016
5767
5782
5832
5841
5840
5796
5824
5767
5769
5816
5813
5832
5832
5826
5775
5820
5825
5787
5786
5813
5835
5772
5826
5773
5805
5845
5848
5842
5841
5779
5867
5806
5772
5813
5833
5854
5824
5857
5813
5846
5810
5818
5789
5821
5859
5790
5866
5845
5867
5856
5850
5882
5852
5821
5819
5849
5858
5848
5881
5394
5825
5839
5835
5946
5848
5812
5898
5848
5851
5880
5878
5816
5864
5888
5589
5903
5821
5859
5898
5847
5891
5829
5855
5823
5886
5867
5863
5866
5905
5882
5843
5896
5868
5858
5911
5915
5887
5839
5894
5876
5881
5938
5939
5864
5916
5855
5854
5944
5888
5874
5855
5878
5855
5876
5941
5942
5943
5939
5895
5912
5932
5900
5952
5872
5953
5949
5878
5894
5922
5915
5926
5931
5946
5968
5892
5920
5913
5916
5937
5922
5945
5948
5971
5936
5905
5918
5906
5950
5941
5958
5980
5933
5917
5941
5901
5950
5945
5983
5903
5910
5952
5903
5917
5937
5964
5982
5975
5937
5998
6003
5959
5945
5913
5920
5986
5952
5942
5929
5944
5977
6019
5970
5939
6022
6022
5970
6026
5952
5971
6013
5933
6016
5936
5975
5992
5976
5981
6004
5956
6011
5941
5988
6011
6029
5944
6035
5975
5998
5952
6004
5993
5994
5999
5969
6047
6037
6050
6022
6055
5971
5963
5976
5972
6052
5627
5997
5989
6001
5985
6035
5986
6040
6067
6038
6032
6063
6001
5987
6017
6005
5983
6080
6017
6023
6045
5996
6079
5989
6011
6084
6055
6039
6086
6077
6040
6033
6046
6049
6033
6030
6042
6084
6098
6043
6051
6036
6039
6024
6057
6108
6109
6073
6100
6037
6035
6054
6063
6086
6022
6027
6092
6101
6094
6102
6036
6032
6032
6052
6107
6076
6099
6101
6044
6117
6043
6115
6100
6053
6132
6118
6051
6068
6067
6122
6051
6132
6129
6134
6123
6117
6139
6070
6113
6093
6077
6099
6087
6127
6091
6067
6153
6088
6138
6136
6116
6148
6121
6118
6368
6132
6110
6171
6168
6098
6154
6081
6098
6107
6153
6116
6120
6178
6164
6140
6111
6176
6184
6088
6131
6107
6179
6102
6135
6168
6145
6168
6162
6136
6163
6143
6162
6111
6184
6200
6169
6169
6167
6177
6200
6205
6183
6138
6136
6122
6119
6192
6122
6126
6205
6178
6150
6199
6156
6123
6162
6125
6194
6154
6174
6144
6226
6174
6169
6156
6191
6170
6202
6139
6226
6157
6209
6145
6178
6171
6159
6166
6179
6193
6234
6181
6162
6172
6252
6240
6234
6179
6175
6217
6249
6167
6242
6182
6180
6234
6201
6184
6190
6227
6264
6229
6218
6195
6174
6212
6222
6202
6247
6234
6219
6267
6208
6225
6269
6230
6275
6206
6274
6283
6273
6245
6198
6281
6269
6244
6265
6262
6227
6199
6209
6200
6220
6241
6268
6275
6280
6230
6291
6303
6227
6235
6234
6284
6251
6240
6308
6219
6286
6310
6265
6231
6235
6276
6282
6248
6297
6322
6237
6237
6262
6283
6276
6267
6252
6280
6291
6274
6303
6305
6283
6264
6250
6323
6320
6320
6277
6318
6333
6316
6285
6307
6257
6278
6332
6286
6260
6328
6324
6339
6345
6322
6347
6334
6266
6317
6316
6282
6275
6315
6289
6355
6339
6326
6338
6281
6361
6364
6287
6369
6356
6337
6307
6341
6300
6288
6354
6353
6304
6332
6329
6299
6374
6314
6330
6302
6345
6378
6382
6380
6323
6328
6358
6304
6379
6372
6313
6333
6361
6366
6333
6404
6328
6375
6393
6373
6331
6368
6335
6357
6408
6392
6419
6353
6393
6417
6332
6415
6359
6330
6382
6417
6335
6337
6410
6353
6381
6638
6407
6362
6386
6358
6369
6409
6368
6345
6390
6443
6375
6391
6393
6425
6375
6435
6374
6424
6406
6441
6454
6365
6454
6400
6415
6373
6407
6454
6393
6402
6395
6381
6460
6405
6385
6443
6427
6401
6397
6427
6414
6460
6427
6391
6479
6384
6448
6478
6461
6414
6390
6434
6470
6402
6428
6429
6394
6414
6422
6422
6474
6485
6449
6418
6461
6440
6407
6423
6500
6436
6440
6413
6447
6494
6496
6468
6444
6441
6453
6455
6484
6495
6502
6516
6467
6461
6480
6463
6500
6469
6466
6483
6504
6481
6474
6467
6468
6500
6446
6483
6507
6519
6484
6530
6480
6512
6479
6447
6466
6533
6532
6459
6548
6451
6506
6483
6486
6492
6544
6490
6484
6464
6552
6543
6526
6484
6522
6525
6548
6487
6526
6536
6517
6494
6540
6517
6488
6496
6489
6525
6478
6546
6507
6521
6493
6530
6570
6576
6564
6517
6551
6521
6517
6500
6519
6565
6583
6521
6554
6586
6552
6570
6577
6532
6534
6593
6510
6515
6595
6527
6531
6537
6593
6572
6556
6538
6516
6540
6523
6560
6549
6602
6594
6559
6526
6597
6533
6607
6618
6565
6625
6584
6589
6566
6554
6558
6615
6401
6572
6629
6543
6615
6568
6571
6573
6604
6561
6560
6549
6559
6565
6566
6573
6631
6578
6650
6650
6622
6611
6603
6600
6654
6620
6645
6582
6614
6630
6578
6634
6623
6608
6589
6583
6571
6663
6587
6628
6633
6644
6668
6603
6670
6669
6615
6677
6613
6668
6678
6666
6655
6621
6650
6658
6625
6600
6628
6653
6601
6605
6615
6684
6609
6643
6653
6630
6662
6653
6656
6650
6689
6701
6635
6699
6665
6704
6657
6657
6711
6702
6649
6649
6651
6652
6635
6709
6672
6719
6695
6675
6626
6702
6642
6635
6721
6716
6727
6657
6727
6636
6648
6687
6687
6663
6694
6640
6740
6704
6692
6710
6675
6699
6651
6668
6727
6650
6702
6695
6708
6690
6708
6741
6725
6706
6667
6666
6702
6703
6694
6698
6709
6674
6752
6709
6738
6715
6735
6695
6707
6685
6700
6727
6728
6742
6744
6765
6745
6712
6720
6735
6730
6786
6696
6693
6781
6751
6700
6707
6700
6733
6734
6758
6782
6737
6769
6728
6746
6736
6795
6763
6746
6743
6789
6764
6803
6732
6785
6753
6734
6787
6766
6747
6720
6815
6780
6763
6813
6725
6822
6756
6731
6775
6819
6783
6742
6796
6826
6825
6830
6830
6762
6765
6817
6781
6822
6773
6745
6812
6813
6768
6835
6846
6823
6781
6833
6812
6844
6754
6824
6821
6822
6799
6846
6820
6823
6848
6799
6844
6862
6853
6777
6834
6850
6768
6813
6774
6839
6829
6811
6845
6789
6840
6869
6826
6799
6829
6804
6844
6836
6828
6827
6863
6811
6792
6832
6870
6807
6866
6836
6856
6856
6848
6890
6862
6898
6851
6897
6854
6872
6815
6836
6818
6838
6817
6879
6869
6897
6911
6875
6840
6888
6876
6864
6896
6896
6867
6860
6854
6896
6874
6831
6887
6925
6923
6888
6874
6931
6843
6845
6915
6908
6850
6926
6928
6910
6911
6884
6917
6870
6901
6923
6942
6861
6868
6928
6894
6900
6866
6906
6865
6915
6952
6910
6953
6942
6884
6919
6919
6940
6956
6890
6964
6916
6968
6916
6922
6919
6938
6889
6966
6943
6909
6895
6950
6894
6928
6881
6901
6896
6963
6912
6902
6893
6917
6981
6898
6940
6987
6931
6929
6929
6948
6897
6958
6999
6965
6986
6913
6938
6970
6963
6914
6971
6916
6948
6951
6999
6935
6850
6962
6987
6933
6962
6921
6994
6983
7000
6949
6948
6996
6981
6952
6942
6958
6955
6990
6987
6991
6984
7034
7024
6995
6991
7023
6998
6941
6993
6974
6966
6954
7020
6976
6999
6973
6977
6975
7012
7018
7004
6971
6983
6976
7033
7006
7000
6982
7020
7061
7002
7057
7023
7051
6982
6971
6981
7069
7070
7043
7044
7065
7029
7020
7017
7053
6995
7042
7033
7005
7061
6987
7031
6993
7086
7011
7054
7002
7084
7064
7356
7070
7025
7047
7059
7024
7126
7031
7069
7046
7097
7052
7036
7102
7056
7086
7083
7047
7039
7018
7076
7074
7036
7052
7022
7041
7045
7047
7052
7062
7119
7084
7117
7057
7061
7034
7112
7124
7129
7132
7097
7085
7082
7091
7119
7096
7069
7055
7057
7111
7090
7117
7072
7139
7108
7081
7144
7069
7134
7120
7131
7067
7134
7113
7117
7094
7133
7068
7131
7102
7157
7127
7110
7161
7100
7167
7087
7162
7092
7171
7149
7105
7161
7116
7078
7139
7081
7102
7109
7086
7094
7121
7129
7180
7111
7124
7174
7187
7127
7138
7172
7170
7183
7109
7133
7099
7123
7147
7132
7151
7154
7173
7110
7172
7179
7168
7142
7127
7200
7197
7151
7195
7143
7146
7210
7154
7138
7195
7149
7212
7150
7188
7132
7155
7204
7182
7193
7213
7170
7180
7160
7165
7178
7142
7182
7225
7145
7212
7148
7150
7204
7239
7208
7223
7221
7159
7222
7190
7163
7196
7212
7178
7216
7230
7170
7229
7185
7162
7251
7172
7163
7243
7192
7176
7257
7229
7228
7181
7271
7175
7220
7220
7249
7205
7253
7204
7247
7209
7277
7185
7224
7272
7234
7258
6875
7227
7240
7231
7245
7281
7275
7220
7212
7258
7206
7296
7260
7220
7282
7263
7258
7232
7300
7228
7302
7217
7259
7254
7274
7278
7250
7229
7298
7288
7239
7304
7255
7251
7320
7306
7322
7280
7286
7287
7262
7267
7231
7245
7317
7267
7262
7306
7269
7290
7148
7273
7290
7260
7320
7277
7278
7276
7270
7278
7317
7273
7338
7344
7277
7341
7352
7318
7314
7289
7343
7350
7278
7310
7318
7278
7356
7283
7310
7324
7304
7367
7307
7333
7357
7343
7335
7334
7298
7318
7333
7353
7343
7283
7334
7293
7326
7358
7329
7304
7312
7332
7314
7320
7374
7293
7356
7377
7327
7345
7339
7386
7316
7350
7354
7373
7391
7391
7346
7307
7399
7363
7406
7351
7325
7343
7355
7337
7386
7376
7415
7368
7381
7351
7392
7379
7419
7378
7358
7333
7408
7422
7361
7418
7350
7383
7397
7367
7434
7432
7345
7427
7344
7393
7366
7425
7431
7410
7387
7350
7386
7432
7358
7420
7441
7390
7387
7449
7452
7454
7414
7453
7390
7398
7382
7394
7451
7452
7463
7413
7466
7403
7447
7398
7398
7466
7441
7473
7458
7440
7403
7459
7418
7454
7479
7448
7477
7392
7471
7416
7449
7460
7427
7403
7439
7465
7437
7432
7470
7493
7487
7401
7475
7464
7440
7436
7404
7485
7494
7450
7468
7484
7440
7431
7477
7482
7441
7490
7484
7203
7431
7469
7458
7467
7460
7490
7455
7509
7433
7478
7480
7502
7521
7470
7436
7522
7524
7474
7477
7530
7473
7533
7504
7442
7527
7449
7531
7486
7478
7476
7498
7502
7518
7490
7465
7468
7461
7520
7529
7550
7533
7496
7467
7475
7522
7464
7515
7470
7561
7547
7522
7539
7551
7539
7553
7540
7563
7524
7509
7495
7523
7558
7518
7574
7573
7554
7563
7570
7574
7512
7495
7573
7558
7521
7569
7509
7563
7548
7560
7511
7523
7523
7508
7544
7527
7564
7525
7588
7536
7509
7544
7528
7580
7597
7540
7533
7526
7601
7546
7601
7553
7532
7542
7532
7583
7578
7589
7530
7569
7586
7603
7606
7590
7531
7622
7580
7572
7607
7579
7546
7570
7557
7592
7582
7555
7639
7569
7575
7621
7618
7562
7627
7558
7595
7623
7644
7609
7579
7606
7605
7643
7572
7591
7639
7640
7625
7620
7579
7582
7612
7624
7584
7590
7593
7636
7650
7666
7656
7609
7624
7603
7651
7592
7657
7652
7679
7666
7648
7644
7602
7632
7627
7642
7641
7639
7592
7692
7682
7648
7687
7685
7598
7605
7615
7623
7667
7703
7634
7614
7623
7703
7625
7690
7615
7618
7678
7662
7636
7635
7707
7714
7658
7658
7674
7629
7666
7714
7719
7665
7675
7641
7667
7698
7268
7657
7730
7709
7724
7729
7671
7731
7649
7675
7719
7674
7712
7678
7666
7723
7723
7722
7654
7735
7738
7748
7681
7698
7693
7739
7709
7671
7666
7722
7725
7750
7679
7680
7696
7687
7730
7745
7709
7678
7677
7680
7713
7706
7731
7736
7774
7706
7759
7752
7688
7707
7776
7699
7719
7719
7761
7744
7753
7703
7734
7749
7700
7767
7729
7771
7779
7700
7748
7734
7701
7744
7734
7749
7715
7706
7744
7746
7746
7723
7752
7788
7808
7795
7748
7777
7763
7807
7774
7761
7770
7767
7735
7776
7798
7760
7803
7764
7747
7733
7731
7828
7770
7740
7778
7763
7818
7820
7785
7750
7796
7836
7832
7836
7788
7798
7832
7782
7803
7789
7833
7788
7797
7824
7765
7768
7784
7806
7854
7788
7778
7763
7856
7828
7845
7769
7772
7809
7800
7778
7796
7856
7864
7838
7838
7828
7847
7828
7833
7800
7813
7858
7806
7864
7824
7833
7840
7872
7886
7805
7796
7794
7874
7821
7878
7877
7878
7797
7893
7831
7879
7827
7858
7804
7887
7830
7850
7852
7824
7893
7866
7848
7877
7897
7836
7906
7898
7682
7871
7824
7823
7901
7823
7831
7922
7840
7857
7891
7901
7878
7892
7902
7920
7863
7923
7875
7861
7868
7854
7937
7877
7893
7924
7937
7872
7944
7945
7854
7897
7902
7943
7904
7875
7874
7915
7895
7877
7859
7950
7866
7877
7941
7905
7958
7445
7927
7907
7920
7885
7905
7930
7970
7972
7950
7915
7915
7328
7913
7887
7968
7905
7891
7949
7911
7983
7901
7952
7954
7968
7923
7987
7940
7909
7901
7895
7982
7953
7991
7941
7966
7945
7912
7964
7939
7946
7965
7935
7969
7982
8009
7965
7977
7980
7914
7919
7977
7926
7972
7994
8012
7964
7985
7977
7962
7941
7986
8006
8023
7967
8021
7961
8026
8011
8006
7945
7971
7969
7951
7946
7966
7995
8013
7989
7961
7974
7972
8015
7952
7960
7960
8010
7989
7966
8032
8015
8041
7994
8042
8052
7959
7977
8003
8005
7968
8059
7989
7981
7972
8016
8041
7971
8014
8054
8101
8003
8031
7994
8000
8011
7995
8031
8025
8041
7994
7996
8052
8051
8012
8022
8066
8029
8074
8091
8038
8056
8025
8030
8063
8001
8009
8043
8024
8082
8032
8043
8013
8025
8055
8091
8045
8098
8050
8058
8078
7430
8067
8028
8071
8100
8094
8114
8102
8078
8090
8095
8031
8072
8027
8033
8090
8110
8111
8065
8115
8067
8072
8077
8068
8085
8075
8044
8048
8115
8102
8054
8070
8051
8109
8091
8066
8064
8139
8059
8133
8089
8111
8151
8130
8156
8092
8118
8091
8132
8133
8138
8109
8157
8158
8068
8128
8119
8102
8136
8099
8108
8158
8098
8089
8120
8160
8081
8085
8170
8128
8105
8115
8141
8184
8100
8093
8184
8131
8178
8161
8153
8193
8113
8108
8126
8113
8168
8153
8148
8120
8158
8201
8154
8180
8208
8177
8117
8154
8212
8203
8128
8133
8203
8120
8173
8201
8129
8210
8212
8134
8141
8217
8183
8138
8198
8133
8212
8199
8207
8228
8164
8144
8161
8138
8173
8221
8194
8169
8188
8146
8170
8193
8180
8165
8226
8151
8176
8230
8194
8180
8190
8209
8207
8205
8213
8213
8184
8214
8196
8246
8179
8189
8223
8233
8245
8255
8248
8221
8207
8266
8270
8179
8481
8214
8205
8203
8227
8205
8234
8241
8283
8241
8196
8249
8264
8209
8213
8246
8234
8198
8292
8276
8247
8264
8275
8275
8227
8207
8286
8233
8268
8212
8218
8225
8230
8226
8230
8232
8246
8302
8290
8249
8137
8253
8290
8250
8312
8315
8275
8315
8297
8226
8323
8319
8289
8242
8264
8237
8274
8310
8236
8270
8323
8239
8268
8335
8302
8260
8262
8335
8253
8338
8264
8296
8333
8256
8301
8331
8344
8272
8282
8272
8352
8292
8325
8292
8285
8269
8348
8329
8266
8322
8267
8289
8291
8298
8292
8344
8300
8348
8365
8364
8332
8329
8289
8333
8288
8360
8372
8372
8375
8319
8308
8343
8374
8315
8304
8365
8335
8349
8371
8338
8369
8383
8380
8335
8393
8325
8314
8389
8390
8371
8361
8326
8332
8400
8322
8341
8338
8407
8325
8328
8389
8351
8342
8410
8339
8416
8349
8325
8402
8378
8393
8338
8336
8358
8339
8395
8339
8380
8430
8411
8345
8338
8378
8434
8411
8343
8408
8439
8401
8439
8408
8400
8368
8407
8378
8416
8431
8450
8422
8407
8454
8431
8408
8445
8455
8398
8450
8458
8407
8454
8407
8442
8426
8418
8456
8437
8454
8388
8390
8420
8414
8447
8460
8474
8447
8443
8384
8421
8464
8424
8446
8435
8390
8458
8416
8391
8406
8398
8458
8477
8405
8458
8419
8408
8478
8412
8403
8467
8499
8499
8451
8437
8411
8451
8421
8413
8503
8481
8502
8444
8437
8474
8513
8505
8449
8433
8488
8460
8502
8522
8496
8496
8511
8444
8528
8526
8514
8446
8499
8524
8528
8459
8496
8511
8443
8504
8457
8529
8506
8499
8510
8537
8489
8514
8528
8515
8511
8505
8513
8473
8523
8522
8527
8467
8496
8556
8536
8527
8488
8539
8554
8504
8564
8487
8652
8524
8506
8487
8556
8494
8511
8489
8506
8552
8568
8552
8564
8488
8551
8559
8529
8511
8511
8544
8544
8576
8575
8561
8571
8530
8525
8562
8557
8520
8568
8572
8536
8379
8585
8535
8538
8514
8549
8571
8527
8516
8546
8609
8550
8551
8548
8599
8611
8527
8528
8596
8602
8608
8591
8613
8551
8627
8538
8561
8603
8542
8608
8575
8628
8634
8578
8546
8598
8613
8574
8545
8572
8637
8608
8574
8560
8581
8637
8577
8568
8648
8592
8634
8588
8562
8591
8628
8637
8614
8586
8624
8614
8611
8578
8647
8616
8619
8574
8640
8633
8642
8600
8621
8596
8625
8628
8671
8607
8637
8658
8601
8633
8592
8597
8623
8608
8655
8648
8660
8599
8622
8685
8639
8646
8657
8660
8648
8615
8675
8614
8695
8653
8633
8647
8641
8685
8660
8625
8663
8656
8663
8629
8632
8692
8702
8701
8705
8695
8644
8706
8710
8703
8656
8626
8701
8699
8679
8669
8669
8664
8692
8704
8691
8703
8656
8641
8641
8670
8677
8679
8720
8688
8714
8666
8724
8717
8733
8729
8738
8603
8710
8707
8722
8660
8720
8743
8671
8748
8813
8714
8722
8710
8680
8692
8689
8689
8713
8672
8733
8691
8717
8764
8724
8694
8473
8742
8777
8695
8680
8751
8761
8741
8686
8763
8694
8767
8770
8769
8776
8757
8723
8744
8749
8727
8738
8762
8783
8763
8744
8709
8744
8799
8790
8766
8730
8723
8718
8797
8800
8806
8749
8728
8734
8814
8771
8787
8764
8790
8789
8812
8746
8760
8786
8748
8748
8814
8781
8820
8823
8820
8734
8776
8822
8822
8814
8796
8828
8827
8794
8831
8815
8811
8747
8777
8798
8806
8824
8773
8796
8805
8785
8805
8785
8800
8784
8769
8795
8773
8823
8798
8809
8832
8689
8823
8852
8830
8775
8864
8784
8846
8775
8776
8816
8862
8855
8861
8837
8863
8843
8795
8876
8865
8839
8817
8855
8882
8792
8856
8860
8852
8806
8867
8812
8851
8883
8853
8800
8888
8870
8834
8870
8881
8816
8865
8895
8834
8882
8863
8862
8817
8886
8858
8872
8867
8904
8821
8847
8902
8881
8872
8842
8911
8898
8854
8919
8831
8847
8872
8842
9090
8921
8896
8890
8836
8882
8897
8867
8915
8911
8858
8924
8848
8869
8942
8856
8876
8896
8919
8911
8855
8909
8879
8884
8873
8860
8896
8860
8910
8892
8884
8928
8891
8880
8925
8964
8962
8916
8906
8897
8898
8922
8889
8909
8920
8947
8952
8916
8967
8939
8957
8969
8883
8900
8921
8959
8956
8914
8947
8969
8901
8933
8914
8946
8981
8935
8951
8952
8950
8944
8986
8938
8975
8953
8883
8934
8946
9001
8999
8984
8999
8942
8920
8983
9006
8956
8992
8949
8966
8947
8946
8988
8940
8988
9019
8949
8960
8955
8991
8942
8994
9000
8966
8990
9014
8960
8970
8963
8964
8976
8962
9013
8963
8997
8955
8992
8961
9006
8991
8966
8976
8976
9021
8966
8977
9006
9008
8997
8983
8993
9037
9032
9027
9057
9038
8966
9011
8971
9062
9053
9021
9043
8986
9024
8993
8991
9021
9000
9015
9023
9062
9054
9069
9001
9068
9011
9068
8813
9011
9045
8999
9084
9067
9028
9035
9011
9071
9048
9064
8999
9020
9004
9069
9075
9064
9027
9055
9076
9059
9030
9021
9101
9097
9014
9102
9113
9102
9082
9042
9073
9083
9045
9115
9121
9121
9092
9099
9081
9030
9055
9095
9064
9088
9084
9108
9048
9114
9090
9078
9084
9045
9067
9068
9115
9111
9092
9119
9128
9061
9068
9092
9094
9104
9143
9112
9061
9145
9143
9064
9143
9146
9064
9069
9152
9100
9141
9113
9135
9077
9074
9083
8917
9126
9170
9141
9114
9102
9158
9166
9155
9157
9151
9163
9084
9122
9118
9130
9176
9127
9159
9147
9100
9186
9160
9162
9164
9126
9142
9109
9191
9154
9198
9112
9125
9190
9160
9124
9174
9109
9151
9150
9207
9181
9140
9117
9177
9121
9163
9153
9182
9217
9165
9182
9123
9200
9137
9150
9224
9159
9177
9186
9144
9184
9204
9152
9219
9180
9210
9211
9196
9201
9226
9210
9186
9180
9238
9188
9235
9149
9221
9216
9237
9217
9184
9157
9236
9196
9221
9231
9219
9163
9170
9252
9234
9255
9212
9168
9260
9214
9256
9172
9232
9195
9226
9186
9268
9231
9186
9270
9207
9247
9229
9247
9200
9245
9214
9249
9229
9220
9244
9208
9252
9200
9287
9255
9223
9226
9214
9261
9236
9294
9293
9213
9265
9237
9226
9272
9257
9254
9241
9212
9270
9222
9224
9293
9229
9251
9226
9288
9318
9233
9279
9232
9322
9307
9311
9326
9244
9231
9233
9316
9247
9245
9260
9315
9293
9249
9300
9328
9275
9273
9291
9268
9274
9262
9246
9302
9253
9277
9257
9252
9303
9299
9285
9277
9347
9311
9339
9326
9307
9315
9280
9274
9307
9324
9316
9334
9367
9314
9312
9301
9362
9285
9303
9377
9349
9374
9281
9367
9328
9371
9374
9314
9346
9353
9294
9296
9336
9358
9358
9389
9361
9330
9367
9390
9309
9378
9315
9374
9363
9330
9380
9356
9334
9332
9397
9402
9319
9331
9368
9403
9336
9324
9366
9394
9373
9403
9332
9373
9381
9347
9373
9416
9388
9331
9350
9327
9405
9427
9382
9353
9377
9391
9385
9374
9356
9416
9376
9416
9424
9412
9398
9437
9393
9434
9404
9365
9442
9448
9355
9433
9406
9387
9436
9364
9434
9386
9358
9402
9444
9369
9456
9386
9401
9380
9443
9414
9453
9430
9370
9389
9377
9411
9415
9436
9467
9475
9470
9459
9454
9435
9456
9448
9386
9445
9461
9397
9480
9394
9457
9412
9430
9429
9445
9440
9400
9429
9427
9412
9416
9422
9500
9436
9470
9499
9432
9479
9409
9492
9446
9439
9416
9469
9499
9506
9427
9466
9503
9430
9476
9484
9508
9481
9519
9438
9481
9456
9516
9439
9449
9482
9524
9505
9518
9533
9526
9463
9452
9518
9475
9451
9471
9510
9524
9497
9471
9544
9535
9480
9495
9487
9545
9540
9550
9551
9476
9540
9471
9547
9493
9507
9502
9476
9554
9465
9539
9530
9473
9507
9513
9543
9477
9480
9527
9514
9529
9554
9494
9485
9481
9498
9490
9543
9497
9567
9500
9517
9540
9545
9518
9505
9496
9540
9508
9560
9504
9509
9587
9508
9530
9507
9561
9527
9601
9592
9509
9535
9511
9556
9581
9539
9598
9532
9601
9597
9596
9520
9521
9561
9567
9524
9545
9611
9529
9551
9525
9563
9538
9579
9620
9543
9628
9630
9631
9557
9569
9630
9626
9617
9613
9547
9558
9563
9607
9553
9578
9583
9627
9614
9623
9635
9624
9603
9588
9589
9567
9583
9627
9603
9577
9585
9652
9612
9639
9606
9661
9575
9608
9609
9606
9570
9642
9600
9586
9661
9635
9656
9657
9635
9634
9633
9603
9675
9625
9664
9589
9611
9653
9616
9673
9603
9623
9687
9604
9686
9599
9606
9613
9598
9688
9627
9683
9655
9702
9605
9623
9618
9644
9621
9668
9635
9620
9621
9705
9614
9644
9619
9705
9676
9670
9641
9702
9688
9667
9661
9686
9659
9674
9700
9634
9671
9712
9696
9662
9705
9263
9684
9723
9656
9658
9707
9718
9700
9663
9700
9672
9663
9708
9657
9658
9663
9700
9735
9721
9672
9711
9681
9665
9754
9758
9696
9725
9745
9712
9667
9710
9721
9701
9722
9704
9703
9678
9673
9693
9728
9687
9718
9768
9681
9714
9776
9717
9716
9760
9766
9717
9760
9773
9754
9757
9758
9764
9706
9700
9764
9749
9755
9741
9705
9758
9767
9767
9736
9724
9742
9717
9740
9786
9773
9728
9746
9738
9770
9778
9762
9721
9720
9501
9718
9784
9769
9805
9764
9780
9776
9783
9737
9738
9763
9824
9748
9831
9822
9827
9831
9758
9757
9812
9771
9805
9795
9800
9823
9785
9765
9829
9753
9837
9834
9816
9779
9766
9847
9829
9836
9789
9800
9776
9844
9784
9849
9805
9853
9808
9840
9861
9841
9840
9783
9818
9789
9852
9805
9780
9838
9872
9841
9779
9831
9786
9879
9878
9799
9812
9827
9825
9876
9797
9837
9866
9850
9826
9825
9855
9841
9810
9852
9835
9826
9826
9822
9874
9888
9804
9862
9899
9806
9877
9826
9828
9883
9905
9898
9869
9868
9838
9827
9851
9845
9917
9843
9835
9823
9901
9850
9842
9866
9866
9878
9864
9885
9854
9872
9870
9913
9910
9916
9868
9847
9848
9937
9904
9880
9903
9905
9887
9852
9847
9896
9908
9942
9903
9943
9879
9919
9951
9883
9954
9890
9914
9945
9865
9918
9900
9892
9930
9940
9876
9905
9914
9951
9933
9970
9929
9881
9896
9920
9919
9903
9936
9913
9973
9902
9920
9950
9950
9923
9910
9972
9989
9964
9977
9930
9911
9967
9947
9994
9984
9990
9945
9927
9960
9994
9992
9905
9908
9927
9934
10005
9961
9913
10005
9974
9767
9968
9944
9978
9986
10015
9943
9941
9986
9992
9982
9927
9981
10015
9950
9944
9937
10011
9944
10014
10003
10030
10000
10035
9960
9972
10029
9975
9966
9971
9980
10019
9972
10033
10042
9987
9994
10032
10013
10018
9991
9983
10011
10031
9964
9964
10045
10018
10051
9979
9991
10013
10014
9988
10051
10027
10010
10032
10029
9977
9976
9995
10025
10048
9998
10015
10039
9981
10000
10057
10064
10075
10058
10023
10017
10028
10016
10014
9996
10053
10044
10058
10024
10025
10014
10097
10048
10012
10031
10004
10102
10070
10025
10093
10057
10107
10055
10095
10071
10108
10084
10078
10094
10089
10029
10035
10067
10117
10035
10030
10108
10039
10044
10103
10039
10065
10055
10077
10041
10088
10052
10057
10109
10044
10089
10075
10109
10042
10066
10083
10124
10123
10115
10068
10146
10114
10103
10109
10108
10086
10066
10126
10123
9723
10076
10091
10145
10062
10079
10151
10154
10108
10134
10136
10131
10134
10093
10113
10119
10152
10162
10120
10117
10107
10129
10145
10095
10133
10095
10181
10153
10111
10175
10155
10132
10116
10149
10150
10117
10129
10114
10097
10154
10196
10170
10341
10187
10195
10171
10175
10182
10138
10141
10123
10124
10127
10152
10206
10211
10137
10126
10135
10162
10161
10177
10199
10128
10148
10152
10220
10161
10178
10168
10142
10205
10140
10222
10182
10145
10223
10154
10192
10136
10143
10174
10213
10163
10235
10161
10143
10231
10151
10205
10171
10169
10222
10165
10207
10173
10187
10247
9573
10159
10204
10187
10160
10166
10219
10186
10241
10183
10246
10179
10213
10193
10196
10255
10222
10200
10179
10248
10182
10244
10194
10204
10207
10215
10191
10277
10216
10276
10221
10241
10199
10261
10198
10279
10252
10272
10222
10290
10243
10259
10230
10280
10219
10284
10249
10287
10237
10249
10273
10258
10292
10208
10261
10288
10295
10294
10262
10222
10295
10314
10276
10225
10282
10270
10231
10231
10309
10264
10255
10253
10228
10272
10300
10254
10247
10281
10326
10252
10270
10313
10246
10311
10300
10277
10308
10305
10257
10301
10266
10344
10294
10280
10299
10261
10292
10262
10277
10321
10298
10275
10265
10353
10350
10350
10269
10359
10307
10336
10313
10330
10336
10298
10269
10277
10358
10304
10329
10307
10304
10347
10346
10314
10364
10334
10342
10336
10357
10308
10357
10306
10312
10301
10383
10366
10333
10321
10378
10373
10337
10316
10348
10351
10367
10360
9984
10350
10375
10331
10315
10396
10337
10381
10335
10391
10399
10366
10391
10368
10325
10369
10335
10320
10397
10347
10408
10393
10356
10328
10404
10391
10329
10382
10382
10418
10379
10412
10391
10427
10411
10375
10375
10338
10379
10424
10402
10352
10366
10428
10441
10359
10395
10369
10374
10405
10449
10411
10426
10405
10439
10378
10392
10391
10437
10407
10270
10397
10365
10386
10385
10453
10460
10405
10465
10396
10403
10419
10460
10437
10454
10375
10434
10448
10468
10392
10451
10382
10390
10449
10451
10477
10420
10469
10479
10405
10402
10462
10436
10426
10488
10418
10470
10474
10424
10429
10482
10407
10437
10446
10424
10456
10444
10491
10493
10503
10436
10494
10433
10432
10488
10506
10486
10480
10515
10472
10513
10465
10486
10492
10442
10493
10456
10520
10468
10526
10456
10468
10479
10481
10444
10510
10484
10443
10526
10496
10480
10527
10542
10456
10509
10541
10454
10524
10469
10504
10479
10473
10521
10509
10468
10525
10553
10533
10552
10463
10474
10559
10498
10514
10560
10550
10484
10481
10488
10512
10533
10568
10549
10513
10485
10506
10486
10545
10573
10517
10561
10485
10552
10552
10492
10573
10537
10507
10570
10509
10502
10560
10526
10510
10530
10504
10518
10580
10555
10537
10594
10501
10574
10525
10597
10563
10604
10523
10546
10599
10535
10590
10608
10137
10539
10581
10594
10528
10588
10529
10602
10534
10585
10622
10537
10613
10600
10547
10579
10603
10619
10582
10570
10623
10610
10561
10543
10585
10635
10621
10562
10631
10598
10616
10555
10602
10640
10548
10626
10580
10568
10610
10577
10617
10646
10623
10620
10638
10651
10656
10596
10596
10608
10646
10581
10616
10627
10665
10586
10599
10594
10571
10653
10622
10625
10616
10606
10631
10622
10629
10666
10649
10608
10638
10612
10673
10603
10592
10643
10606
10617
10591
10648
10666
10601
10665
10597
10629
10665
10620
10614
10683
10692
10642
10612
10607
10684
10652
10613
10668
10688
10625
10687
10619
10709
10652
10674
10637
10651
10665
10670
10698
10657
10649
10685
10720
10705
10707
10686
10684
10716
10703
10640
10651
10729
10715
10706
10703
10689
10664
10668
10694
10709
10674
10717
10728
10675
10723
10648
10714
10651
10693
10744
10692
10674
10717
10744
10664
10705
10663
10750
10676
10737
10753
10696
10685
10673
10766
10717
10701
10739
10697
10747
10740
10735
10723
10756
10688
10704
10749
10778
10761
10781
10685
10732
10760
10747
10732
10786
10714
10756
10715
10773
10755
10787
10759
10781
10768
10769
10740
10769
10767
10801
10707
10768
10786
10795
10795
10742
10793
10724
10751
10717
10190
10744
10750
10788
10734
10797
10778
10731
10786
10792
10810
10802
10813
10764
10742
10774
10807
10762
10822
10810
10762
10789
10775
10796
10803
10550
10830
10836
10764
10765
10813
10756
10826
10787
10828
10803
10843
10848
10787
10821
10804
10853
10799
10821
10824
10836
10800
10820
10826
10771
10841
10807
10781
10822
10824
10857
10784
10813
10820
10830
10822
10827
10836
10841
10844
10830
10790
10864
10832
10826
10796
10856
10862
10875
10879
10375
10795
10834
10881
10856
10819
10810
10803
10850
10896
10816
10822
10897
10875
10837
10812
10878
10867
10854
10852
10825
10838
10824
10882
10878
10897
10826
10902
10849
10872
10887
10913
10836
10838
10825
10899
10835
10887
10895
10862
10859
10837
10836
10867
10904
10885
10907
10890
10927
10850
10882
10897
10865
10888
10852
10905
10904
10899
10856
10930
10905
10931
10912
10915
10928
10865
10942
10892
10882
10865
10882
10914
10881
10955
10911
10923
10954
10890
10896
10910
10944
10905
10910
10971
10935
10899
10969
10885
10944
10925
10922
10921
10883
10886
10913
10946
10937
10893
10975
10920
10943
10966
10949
10928
10943
10988
10968
10975
10968
10911
10953
10961
10967
10946
10993
10972
10930
10906
10950
10932
10939
10953
10978
10918
11007
10956
10923
10967
11008
10957
11006
10986
10975
10983
11019
10968
10999
10987
10934
10962
11026
11012
10989
10976
10968
10966
11030
10961
10986
10998
11007
10980
11008
10963
10955
10966
10982
11024
10449
11007
11005
10987
10999
10973
11015
11032
11014
10972
10995
11002
11014
11045
11053
11059
10977
11006
11001
11020
11023
10981
11047
10998
11012
11004
11067
11021
11071
11033
11010
11047
11014
11063
11039
11080
11079
10988
11032
10988
11009
11062
11024
11058
11012
11081
11060
11089
11046
11079
11015
11015
11072
11064
11097
11055
11095
11004
11022
11015
11098
11086
11097
11100
11025
11085
11090
11021
11035
11103
11061
11052
11108
11031
11032
11030
11112
11030
11079
11077
11073
11074
11033
11046
11043
11034
11066
11034
11062
11051
11055
11069
11055
11121
11061
11043
11072
11133
11071
11126
11050
11141
11099
11050
11080
11148
11079
11058
11135
11067
11071
11137
11074
11097
11144
11084
11068
11161
11115
11136
11164
11099
11079
11072
11156
11111
11116
11109
11133
11131
11175
11139
11172
11096
11114
11092
11118
11126
11142
11090
11184
11155
11168
11151
11154
11099
11099
11114
11160
11125
11111
11171
11107
11198
11183
11124
11117
11148
11141
11205
11200
11124
11165
11190
11148
11181
11127
11117
11162
11181
11169
11212
11206
11136
11187
11172
11142
11183
11170
11204
11128
11178
11140
11227
11188
11212
11203
11154
11228
11234
11173
11216
11142
11222
11224
11145
11189
11188
11170
11191
11227
11199
11214
11221
11194
11173
11177
11168
11246
11166
11225
11217
11241
11161
11194
11196
11177
11241
11257
11198
11201
11262
11211
11258
11241
11171
11197
11222
11238
11250
11186
11239
11211
11224
11238
11193
11229
11191
11225
11233
11233
11271
11246
11191
11252
11235
11265
11288
11286
11251
11246
11244
11261
11205
11245
11301
11239
11239
11280
11232
11255
11307
11519
11210
11223
11310
11259
11217
11230
11295
11315
11305
11228
11223
11228
11313
11268
11277
11284
11285
11278
11289
11319
11318
11304
11288
11232
11317
11297
11305
11246
11238
11271
11274
11259
11327
11306
11249
11249
11329
11279
11325
11261
11288
11277
11315
11271
10741
11290
11638
11315
11283
11321
11349
11285
11350
11322
11307
11279
11322
11298
11282
11277
11303
11306
11356
11300
11359
11342
11347
11276
11363
11286
11298
11298
11334
11320
11373
11365
11381
11356
11313
11307
11382
11293
11380
11380
11385
11319
11326
11340
11311
11362
11317
11321
11364
11386
11350
11374
11365
11321
11317
11364
11404
11329
11353
11316
11352
11325
11335
11391
11354
11400
11363
11338
11326
11412
11343
11350
11409
11364
11399
11396
11393
11415
11376
11399
11386
11336
11340
11386
11372
11395
11347
11432
11375
11431
11392
11425
11385
11391
11446
11401
11441
11386
11437
11425
11356
11360
11441
11436
11443
11439
11392
11416
11371
11406
11450
11458
11443
11451
11387
11390
11396
11411
11452
11398
11444
11439
11459
11395
11433
11552
11435
11382
11442
11439
11417
11429
11385
11429
11395
11394
11436
11457
11428
11456
11427
11454
11413
11493
11425
11468
11477
11494
11437
11433
11418
11423
11495
11486
11467
11477
11473
11494
11418
11443
11420
11417
11464
11477
11495
11516
11490
11490
11462
11454
11439
11432
11460
11427
11470
11514
11448
11501
11475
11488
11484
11482
11503
11440
11502
11509
11494
11468
11499
11458
11537
11521
11526
11473
11485
11489
11527
11490
11452
11455
11488
11500
11513
11493
11514
11460
11536
11509
11509
11530
11512
11562
11549
11552
11498
11508
11517
11499
11526
11248
11512
11540
11558
11534
11538
11562
11514
11481
11544
11557
11540
11566
11494
11500
11559
11540
11551
11514
11589
11588
11575
11566
11565
11504
11513
11516
11596
11548
11600
11509
11565
11535
11533
11599
11541
11559
11568
11567
11579
11598
11608
11595
11543
11589
11544
11615
11569
11578
11599
11535
11612
11609
11599
11808
11611
11535
11605
11067
11611
11616
11575
11629
11609
11565
11592
11608
11636
11608
11616
11629
11589
11563
11584
11548
11636
11607
11566
11629
11584
11557
11556
11569
11564
11580
11629
11575
11593
11647
11637
11628
11621
11655
11645
11654
11653
11634
11574
11662
11613
11598
11655
11638
11587
11646
11666
11662
11647
11634
11604
11583
11620
11629
11648
11637
11659
11643
11613
11612
11627
11614
11624
11658
11652
11649
11688
11615
11688
11626
11651
11693
11675
11672
11697
11624
11617
11629
11706
11628
11640
11652
11664
11650
11641
11619
11688
11674
11638
11697
11677
11701
11715
11628
11692
11706
11718
11660
11714
11724
11699
11714
11666
11647
11719
11726
11701
11639
11690
11716
11736
11681
11726
11668
11718
11674
11726
11677
11683
11685
11698
11678
11695
11671
11673
11726
11715
11726
11727
11726
11685
11714
11763
11747
11711
11695
11682
11672
11726
11676
11744
11717
11736
11709
11740
11703
11709
11707
11703
11772
11719
11699
11684
11772
11711
11700
11771
11757
11736
11732
11740
11698
11757
11759
11771
11740
11791
11700
11790
11707
11764
11719
11728
11730
11724
11791
11711
11716
11798
11753
11761
11782
11731
11784
11719
11794
11752
11813
11813
11791
11746
11756
11802
11822
11726
11778
11766
11813
11775
11817
11774
11817
11760
11802
11800
11807
11769
11785
11823
11832
11767
11806
11754
11805
11808
11752
11749
11795
11776
11769
11826
11824
11834
11787
11836
11851
11364
11784
11844
11785
11836
11839
11797
11858
11844
11816
11777
11805
11823
11850
11774
11804
11839
11784
11842
11789
11858
11797
11796
11805
11869
11857
11880
11811
11803
11789
11864
11861
11860
11844
11881
11830
11799
11832
11877
11796
11829
11861
11878
11881
11886
11851
11826
11904
11837
11859
11873
11852
11842
11836
11901
11909
11842
11879
11851
11865
11903
11838
11876
11891
11865
11912
11824
11882
11894
11860
11660
11923
11918
11889
11896
11883
11867
11851
11854
11845
11912
11873
11864
11913
11858
11848
11920
11910
11888
11943
11924
11863
11913
11860
11856
11898
11931
11886
11895
11943
11937
11897
11925
11894
11890
11869
11924
11923
11944
11887
11893
11903
11967
11940
11928
11969
11906
11916
11963
11957
11962
11890
11970
11946
11963
11981
11892
11918
11960
11962
11913
11912
11963
11917
11920
11960
11913
11953
11947
11951
11898
11914
11979
11912
11940
11923
11917
11963
11911
11934
11973
12001
11948
11943
11929
11979
11978
11986
11982
11924
11937
11967
11928
11925
11959
11934
11945
12005
11999
11987
12015
12005
12024
11941
12024
11958
11980
12032
11982
11953
12007
11952
11940
12026
12026
11952
11976
12005
12037
12037
11979
12008
11989
12012
12020
11975
11982
12027
12037
12002
11999
11959
12021
12025
12001
11968
12059
12039
11976
12065
12060
12057
12024
12043
11985
12002
12054
12029
11983
12022
12014
12034
12017
11996
12022
11993
12004
12071
12051
12022
12063
12010
12025
12079
12027
11995
12084
12030
12023
11997
12019
12044
12083
12016
12060
12044
12096
12006
12043
12024
12022
12047
12052
12013
12034
12031
12050
12113
12022
12060
12070
12061
12055
12044
12023
12093
12078
12098
12060
12058
12029
12073
12060
12084
12047
12053
12067
12129
12087
12101
12118
12080
12109
12072
12124
12045
12105
12106
12119
12052
12111
12111
12134
12128
12062
12132
12140
12086
12106
12092
12084
12154
12086
12156
12149
12143
12128
12093
12154
12157
12075
12143
12140
12122
12146
12161
12099
12161
12101
12092
12117
12094
12147
12096
12101
12161
12119
12165
12108
12148
12146
12095
12094
12168
12114
12175
12114
12152
12101
12104
12131
12143
12123
12120
12163
12139
12160
12162
12191
12180
12140
12122
12184
12191
12190
12113
12185
12127
12170
12208
12207
12201
12120
12144
12213
12144
12221
12197
12131
12161
12224
12185
12225
12197
12229
12136
12213
12229
12143
12160
12173
12160
12166
12225
12168
12174
12218
12188
12174
12165
12230
12244
12192
12157
12195
12158
12171
12189
12168
12212
12250
12244
12183
12223
12164
12219
12173
12264
12261
12187
12176
12209
12241
12177
12265
12233
12102
12194
12207
12183
12229
12254
12185
12192
12244
12275
12226
12196
12223
12213
12247
12229
12202
12220
12275
12273
12244
12228
12243
12243
12225
12219
12264
12237
12287
12212
12286
12277
12243
12268
12294
12292
12219
12274
12239
12295
12307
12215
12295
12299
12232
12223
12245
12299
12310
12264
12304
12322
12281
12235
12258
12307
12237
12327
12274
12329
12250
12331
12261
12329
12266
12295
12279
12298
12266
12263
12319
12286
12258
12252
12288
12326
12306
12329
12302
12334
12326
12328
12295
12343
12348
12261
12336
12343
12352
12288
12291
12313
12359
12352
12315
12277
12359
12288
12338
12317
12360
12307
12275
12367
12335
12322
12284
12302
12356
12309
12296
12294
12334
12331
12381
12375
12304
12296
12359
12342
12383
12370
12331
12358
12370
12379
12365
12344
12384
12363
12390
12383
12393
12341
12320
12349
12363
12366
12320
12411
12361
12366
12349
12338
12396
12327
12347
12327
12408
12367
12364
12416
12370
12402
12413
12377
12425
12414
12386
12377
12426
12427
12336
12342
12429
12422
12367
12370
12385
12385
12383
12345
12416
12372
12421
12434
12383
12418
12403
12420
12374
12365
12428
12398
12393
12384
12394
12442
12401
12436
12378
12386
12371
12367
12372
12393
12441
12431
12432
12426
12437
12425
12463
12428
12407
12449
12406
12451
12457
12404
12397
12394
12439
12441
12444
12439
12440
12447
12461
12418
12445
12459
12484
12416
12437
12452
12463
12401
12487
12468
12436
12477
12449
12439
12446
12496
12455
12422
12453
12418
12464
12482
12472
12430
12424
12438
12481
12504
12463
12422
12457
12437
12516
12499
12501
12510
12528
12472
12436
12466
12519
12462
12480
12491
12510
12477
12450
12453
12461
12447
12517
12512
12480
12525
12488
12502
12461
12504
12458
12527
12480
12476
12459
12523
12540
12495
12472
12550
12515
12478
12478
12521
12552
12534
12501
12470
12517
12530
12509
12571
12537
12495
12565
12557
12530
12554
12577
12517
12487
12576
12485
12554
12576
12522
12522
12507
12543
12543
12543
12568
12509
12515
12522
12502
12515
12585
12516
12584
12573
12525
12510
12507
12560
12543
12586
12528
12562
12519
12554
12580
12514
12585
12534
12589
12564
12608
12558
12580
12566
12592
12583
12617
12526
12600
12591
12542
12582
12620
12600
12582
12549
12578
12542
12613
12595
12597
12578
12581
12563
12628
12603
12603
12571
12556
12591
12593
12551
12563
12592
12556
12628
12600
12598
12634
12560
12567
12622
12588
12566
12598
12568
12592
12586
12590
12585
12620
12604
12649
12629
12585
12598
12596
12578
12587
12625
12621
12606
12596
12605
12675
12624
12663
12623
12621
12662
12600
12623
12598
12617
12634
12603
12669
12596
12639
12608
12662
12622
