181
145
157
158
125
171
136
205
109
129
184
184
200
143
148
181
134
178
171
189
152
132
221
220
206
218
172
218
217
151
225
178
209
208
158
25
165
220
165
211
191
225
186
165
173
215
168
230
247
235
155
184
-170
247
186
243
246
166
195
216
221
163
250
224
172
203
182
172
208
187
182
233
266
238
235
265
207
274
277
274
247
238
250
231
267
233
224
193
243
282
236
266
214
205
259
254
252
286
230
259
-317
287
270
211
288
255
216
307
277
216
246
291
307
299
270
291
265
260
308
266
224
306
302
307
253
298
253
292
260
273
243
-26
282
272
261
273
270
303
286
254
282
328
273
266
251
251
292
286
284
322
312
279
254
335
276
264
285
274
267
338
272
271
295
346
352
325
336
343
335
299
298
272
325
-214
297
356
338
333
292
356
309
358
328
337
349
298
350
381
311
323
307
380
355
326
326
387
324
311
389
311
317
377
389
344
384
364
348
335
386
366
372
380
381
354
339
321
335
362
390
343
339
339
412
351
366
328
340
390
373
344
384
97
399
368
382
342
352
405
341
349
400
408
387
429
388
397
404
378
440
435
437
376
422
372
388
364
413
374
395
367
453
415
405
402
412
452
369
441
462
416
449
384
455
457
450
466
438
471
406
465
467
419
420
428
442
431
472
423
398
483
456
406
456
407
399
456
446
-82
427
470
441
435
494
445
459
429
489
434
469
452
468
484
511
435
496
493
472
484
501
432
423
461
432
437
467
426
511
509
517
480
455
527
471
472
505
443
460
449
533
495
477
534
446
540
527
540
450
538
497
469
461
514
531
517
497
505
521
485
490
544
476
499
468
509
474
540
565
534
563
553
552
476
530
567
526
519
549
535
518
521
534
514
496
491
559
557
493
548
550
587
583
549
530
548
560
554
586
593
550
581
503
559
702
588
559
514
581
508
573
559
537
529
550
580
582
538
552
589
541
533
530
579
569
554
565
564
557
582
561
604
565
589
602
581
628
555
601
591
549
568
571
574
571
629
210
570
614
596
647
588
641
650
583
575
629
575
648
609
582
496
624
606
629
618
660
603
625
591
588
595
617
608
654
573
672
638
676
619
623
623
663
674
638
591
585
631
667
629
898
642
626
624
628
680
650
666
651
616
631
615
654
624
669
624
636
690
639
607
691
664
672
640
637
683
703
290
662
708
677
623
644
654
709
681
701
715
635
678
708
650
716
658
683
666
657
656
671
707
701
713
708
705
712
700
737
710
650
718
651
862
727
744
736
711
732
699
741
696
667
687
732
679
718
758
733
729
722
678
745
686
733
725
714
770
702
717
705
773
699
690
709
707
716
768
746
712
734
765
701
765
766
707
746
698
736
761
768
768
784
765
717
772
796
730
752
766
793
763
722
724
789
737
737
721
757
787
768
733
808
883
771
787
745
822
726
787
823
792
803
730
769
754
765
831
780
764
740
776
769
784
775
815
781
828
822
752
759
787
837
782
791
827
847
819
771
838
767
764
781
769
824
837
806
817
840
825
772
822
791
863
830
854
800
805
803
783
777
804
797
874
805
851
790
830
794
800
860
843
862
834
886
851
879
821
816
859
845
874
840
811
834
814
882
856
887
860
858
853
868
847
854
811
878
816
873
903
913
895
895
885
824
914
839
853
911
837
871
923
890
889
904
847
862
917
851
921
908
888
913
893
870
849
921
936
858
928
847
882
923
909
865
867
920
882
894
880
858
915
950
863
923
923
918
874
898
911
887
902
930
882
928
967
956
898
898
919
959
918
925
899
917
977
931
885
925
955
954
985
975
950
914
927
927
944
936
984
929
981
996
974
921
902
966
910
916
984
949
946
986
912
961
982
946
1004
991
991
942
989
963
1007
962
962
985
1000
943
967
1021
976
931
948
999
1025
1016
959
998
940
975
963
983
951
991
979
960
1018
952
1040
1017
1026
1042
950
956
958
960
1052
975
1023
980
963
961
963
1048
996
1033
1006
1034
1036
999
1022
1028
1019
1016
984
1004
1036
998
1022
1054
1057
1018
1066
1017
1058
1001
991
1045
1076
1043
1073
993
1082
990
1085
1064
1009
1016
1017
1040
1095
1065
1090
1081
1071
1043
1019
1019
1089
1079
1076
1057
1100
1070
1083
1078
1077
1039
1097
1111
1062
1023
1021
1024
1044
1114
1092
1086
1095
1043
1079
1060
1106
1036
1103
1035
1085
1058
1094
1079
1088
1063
1077
1044
1111
1051
1064
1084
1137
1142
1066
1104
1094
1138
1092
1139
1130
1132
1144
1108
1140
1147
1147
1111
1082
1111
1102
1108
1086
1140
1139
1123
1077
1131
1109
1081
1098
1119
1147
1103
1144
1153
1153
1084
1099
1176
1112
1095
1142
1175
1120
1149
1118
1138
1127
1172
1145
1153
1160
1179
1152
1179
1134
1180
1109
1127
1117
1113
1138
1139
1151
1162
1177
1147
558
1176
1196
1211
1169
1161
1194
1127
1179
1124
1187
1127
1185
1196
1164
1189
1178
1195
1163
1166
1174
1216
1226
1165
1222
1196
1206
1156
1166
1166
1220
1205
1166
1211
1176
1221
1216
1224
1217
1248
1227
1245
1191
1175
1164
1168
1227
1179
1161
1257
1185
1248
1249
1196
1196
1197
1192
1214
1222
1226
1265
1185
1242
1258
1179
1181
1225
1192
1244
1211
1214
1238
1277
1197
1202
1272
1284
1203
1249
1239
1239
1273
1207
1218
1216
1251
1240
1201
1229
1257
1296
1300
1240
1265
1290
1287
1292
1263
1280
1289
1287
1308
1242
1294
1234
1288
1246
1247
1232
1286
1321
1300
1295
1276
1226
1273
1240
1284
1286
1241
1270
1263
1322
1304
1252
1325
1278
1313
1339
1284
1262
1293
1282
1304
1313
1254
1258
1250
1326
1275
1278
1328
1267
1336
1329
1315
1304
1268
1271
1284
1310
665
1275
1309
1280
1338
1283
1295
1295
1320
1315
1293
1329
1341
1318
1363
1374
1370
1292
1315
1374
1331
1363
1368
1292
1369
1320
1356
1326
1329
1378
1321
1376
1325
1362
1302
1309
1350
1388
1350
1388
1324
1325
1370
1327
1320
1564
1364
1337
1379
1380
1339
1330
1344
1361
1345
1361
1379
1336
1340
1332
1339
1373
1409
1369
1327
1368
1403
1352
1375
1416
1348
1340
1362
1360
1352
1368
1398
1378
1358
1355
1440
1382
1419
1395
1348
1397
1361
1438
1370
1433
1353
1397
1417
1408
1375
1100
1387
1407
1428
1397
1393
1444
1448
1446
1367
1402
1463
1462
1402
1436
1441
1420
1449
1426
1403
1418
1471
1426
1407
1395
1433
1421
1430
1436
1428
1458
1436
1424
1470
1402
1467
1404
1475
1468
1411
1476
1488
1492
1469
1418
1498
1407
1442
1429
1501
1422
1490
1445
1440
1477
1428
1490
1503
1445
1458
1510
1473
1463
1477
1436
1443
1465
1466
1475
1517
1513
1467
1464
1495
1447
1491
1472
1476
1456
1492
1440
1468
1473
1457
1512
1479
1523
1522
1521
1482
1520
1501
1498
1452
1490
1466
1462
1534
1496
1473
1494
1500
1481
1485
1519
1479
1535
1480
1515
1474
1521
1490
1555
1473
1543
1521
1518
1548
1564
1296
1568
1571
1492
1556
1577
1529
1523
1573
1542
1497
1507
1548
1526
1589
1565
1525
1559
1566
1537
1532
1514
1531
1555
1537
1543
1521
1580
1526
1601
1583
1607
1532
1593
1526
1515
1589
1579
1558
1540
1530
1541
1530
1617
1587
1550
1588
1604
1612
1816
1600
1554
1617
1620
1600
1580
1612
1584
1582
1625
1580
1632
1540
1579
1581
1560
1565
1625
1632
1638
1622
1580
1625
1629
1573
1562
1575
1651
1609
1598
1601
1629
1626
1561
1654
1587
1646
1597
1579
1572
1627
1666
1667
1599
1590
1607
1664
1641
1619
1647
1578
1668
1666
1674
1583
1594
1634
1646
1679
1632
1675
1614
1644
1615
1599
1663
1619
1631
1662
1674
1648
1635
1626
1678
1669
1640
1652
1696
1619
1623
1622
1703
1642
1677
1676
1685
1646
1691
1657
1707
1666
1649
1699
1698
1687
1634
1671
1644
1639
1643
1692
1712
1636
1666
1639
1633
1640
1729
1730
1701
1703
1726
1649
1659
1736
1684
1670
1704
1672
1645
1661
1709
1673
1696
1750
1703
1751
1749
1703
1688
1659
1669
1667
1685
1735
1734
1726
1711
1667
1727
1708
1684
1694
1724
1743
1768
1714
1761
1734
1692
1765
1729
1727
1764
1714
1719
1700
1727
1693
1750
1701
1691
1725
1726
1734
1724
1777
1728
1742
1751
1761
1722
1726
1704
1720
1787
1759
1756
1728
1778
1714
1737
1715
1762
1717
1797
1725
1755
1806
1814
1759
1754
1723
1742
1724
1789
1771
1731
1817
1819
1726
1807
1825
1763
1804
1767
1791
1762
1763
1784
1793
1737
1789
1814
1777
1754
1793
1818
1824
1836
1832
1778
1810
1781
1820
1831
1815
1824
1802
1796
1758
1763
1843
1792
1765
1776
1853
1766
1796
1798
1774
1779
1817
1798
1780
1783
1835
1859
1782
1805
1785
1837
1834
1802
1799
1851
1802
1814
1828
1846
1834
1820
1867
1853
1829
1860
1878
1827
1865
1887
1877
1877
1845
1814
1803
1845
1841
1878
1895
1821
1899
1892
1811
1885
1887
1846
1910
1850
1824
1856
1838
1905
1909
1821
1855
1885
1871
1854
1880
1878
1830
1919
1831
1915
1865
1921
1865
1842
1877
1846
1914
1869
1914
1898
1862
1940
1915
1910
1911
1892
1934
1906
1939
1876
1920
1907
1892
1901
1913
1899
1949
1907
1924
1869
1959
1877
1889
1929
1947
1997
1917
1885
1946
1888
1911
1961
1902
1884
1964
1884
1882
1971
1882
1907
1912
1951
1907
1933
1898
1886
1930
1952
1964
1897
1348
1983
1962
2253
1933
1994
1947
1908
1928
1930
1903
1923
1996
1944
1978
1960
1965
1988
2007
1999
1938
1989
1958
1993
1924
1984
2008
1935
1999
1946
2020
2006
1968
1963
1970
1937
1941
1985
1991
1999
1970
1988
1941
1942
2010
2022
1991
1988
2011
1994
2006
1994
2016
2021
1958
2035
1999
1954
2025
2026
1982
2042
2050
1953
1973
1986
2035
1976
1996
2046
1998
2061
1998
2058
1983
2013
1997
2029
2051
2024
2038
2029
2037
2049
2044
2066
2036
2000
2025
2061
1991
2032
1990
1989
2018
2067
2060
2035
2034
2033
2023
2031
2065
2077
2053
2090
2013
2037
2019
2004
2050
2073
2027
2030
2056
2025
2073
2030
2087
2046
2107
2040
2089
2079
2026
2078
2109
2115
2093
2090
2021
2046
2028
2117
2107
2086
2063
2105
2036
2052
2102
2053
2120
2042
2072
2075
2068
2067
2073
2071
2134
2116
2140
2097
2083
2059
2093
2124
2097
2077
2109
2095
2103
2118
2138
2060
2082
2110
2063
2116
2090
2076
2089
2134
2119
2087
2069
2092
2166
2151
2099
2097
2152
2128
2124
2127
2146
2171
2095
2110
2124
2178
2100
2120
2098
2135
2181
2094
2094
2137
2145
2158
2119
2158
2102
2142
2182
2106
2157
2174
2117
2175
2158
2112
2184
2175
2175
2176
2192
2126
2204
2142
2147
2132
2211
2208
2161
2217
2140
2205
2145
2178
2216
2158
2184
2177
2137
2184
2181
2204
2224
2184
2212
2189
2180
2230
2194
2160
2156
2162
2192
2184
2190
2163
2199
2157
2185
2150
2168
2211
2183
2189
2232
2231
2235
2184
2162
2210
2239
2235
2202
2238
2166
2164
2225
2203
2247
2210
2268
2209
2262
2260
2262
2178
2267
2384
2206
2182
2178
2200
2227
2206
2206
2195
2271
2225
2278
2187
2238
2232
2271
2229
2276
2255
2268
2239
2237
2218
2200
2216
2252
2259
2262
2301
2246
2277
2261
2300
2248
2290
2263
2242
2262
2280
2236
2271
2225
2225
2310
2284
2291
2319
2300
2226
2316
2245
2246
2311
2327
2255
2264
2327
2257
2251
2289
2293
2267
2296
2319
2326
2301
2307
2313
2250
2338
2336
2271
2335
2282
2309
2284
2291
2285
2295
2281
2342
2261
2328
2314
2309
2308
2302
2357
2327
2296
2300
2356
2322
2315
2338
2321
2325
2371
2312
2366
2318
2292
2318
2287
2354
2355
2283
2317
2592
2350
2331
2294
2327
2315
2298
2311
2349
2377
2294
2322
2376
2351
2362
2352
2351
2318
2330
2366
2385
2400
2367
2313
2383
2401
2311
2390
2351
2330
2355
2382
2335
2329
2383
2344
2352
2321
2419
2329
2391
2336
2381
2375
2337
2334
2343
2407
2385
2414
2421
2362
2421
2436
2364
2395
2381
2381
2403
2366
2406
2431
2349
2408
2362
2421
2386
2436
2449
2376
2363
2388
2392
2436
2404
2405
2425
2423
2370
2457
2363
2441
2412
2378
2409
2453
2408
2385
2391
2387
2441
2438
2427
2392
2462
2417
2427
2380
2408
2421
2399
2459
2404
2402
2482
2483
2451
2442
2411
2454
2438
2432
2419
2465
2475
2486
2404
2455
2419
2418
2459
2495
2474
2441
2465
2481
2436
2416
2411
2498
2417
2443
2479
2494
2509
2420
2461
2452
2481
2499
2436
2487
2442
2450
2453
2433
2509
2482
2450
2451
2497
2485
1849
2527
2470
2524
2476
2452
2457
2486
2480
2517
2542
2484
2476
2489
2499
2468
2457
2520
2549
2457
2552
2517
2556
2495
2083
2521
2497
2543
2483
2478
2472
2118
2500
2530
2552
2502
2499
2570
2515
2573
2512
2488
2547
2558
2563
2564
2519
2519
2561
2507
2511
2490
2492
2514
2519
2494
2587
2559
2531
2494
2560
2536
2549
2502
2552
2511
2538
2552
2532
2546
2595
2561
2573
2523
2604
2573
2592
2578
2566
2561
2543
2567
2542
2618
2849
2577
2597
2576
2595
2616
2593
2584
2533
2554
2595
2546
2583
2620
2581
2595
2574
2556
2627
2559
2550
2542
2577
2612
2577
2625
2585
2583
2633
2585
2561
2649
2640
2601
2563
2579
2564
2562
2628
2655
2636
2609
2647
2570
2609
2663
2646
2571
2650
2664
2659
2580
2639
2575
2606
2597
2589
2639
2622
2613
2653
2601
2616
2625
2616
2669
2590
2625
2604
2681
2673
2616
2596
2661
2680
2643
2675
2655
2597
2694
2690
2634
2631
2662
2698
2703
2685
2692
2685
2672
2625
2667
2658
2684
2667
2646
2687
2667
2649
2652
2698
2700
2721
2681
2703
2719
2684
2678
2651
2653
2729
2712
2835
2669
2636
2671
2667
2651
2857
2714
2705
2719
2734
2659
2679
2681
2646
2656
2673
2702
2692
2666
2660
2745
2719
2698
2734
2737
2716
2712
2674
2728
2750
2664
2697
2692
2693
2688
2723
2734
2742
2699
2690
2756
2734
2684
2723
2705
2707
2712
2705
2753
2715
2773
2704
2693
2689
2737
2765
2747
2712
2762
2783
2788
2698
2743
2779
2725
2736
2732
2702
2759
2702
2779
2705
2790
2713
2755
2734
2759
2777
2718
2947
2767
2728
2803
2719
2791
2725
2792
2810
2795
2785
2789
2735
2735
2749
2776
2771
2782
2730
2747
2813
2782
2741
2754
2816
2813
2817
2824
2821
2770
2773
2778
2788
2780
2754
2782
2766
2806
2783
2779
2804
2773
2757
2845
2809
2853
2828
2853
2840
2809
2818
2846
2842
2828
2810
2788
2776
2845
2828
2788
2866
2832
2871
2823
2825
2863
2834
2833
2873
2803
2871
2852
2806
2826
2814
2858
2878
2871
2829
2882
2821
2889
2820
2851
2820
2869
2870
2809
2809
2838
2827
2895
2895
2873
2881
2862
2436
2870
2845
2862
2873
2885
2818
2852
2898
2882
2901
2894
2886
2893
2900
2845
2867
2846
2868
2917
2848
2880
2879
2896
2900
2848
2902
2908
2839
2859
2843
2891
2860
2911
2915
2913
2860
2874
2936
2884
2928
2849
2945
2868
2864
2946
2939
2943
2858
2943
2892
2901
2949
2908
2925
2877
2931
2934
2911
2941
2867
2942
2943
2925
2892
2880
2942
2943
2966
2955
2883
2916
2974
2967
2886
2955
2955
2933
2900
2982
2965
2972
2907
2895
2922
2983
2914
2901
2972
2942
2933
2939
2911
2909
2948
2952
2967
2960
2972
2929
2941
2914
2940
2922
2998
3012
2973
2968
3005
2944
3004
2961
2993
2976
3000
2934
2945
3010
2984
2997
2950
2964
3025
3023
2984
3006
2976
2991
3028
2972
2964
3012
3017
2973
3012
2958
3041
2997
2969
2953
3042
3015
2993
2983
2960
2956
3013
3009
2961
2999
3025
3042
2998
2971
2998
3047
3058
3035
3050
2980
2998
2991
3007
3054
2985
3057
3013
3050
3006
3030
3039
3034
3191
3041
3077
2993
3030
3055
3033
3040
2997
3053
3027
3060
2995
3081
3082
3084
3051
3045
3024
3092
3035
3036
3038
3014
3068
3032
3022
3007
3073
3082
3094
3012
3032
3029
3027
3024
3070
3058
3043
3114
3099
3038
3092
3052
3094
3082
3025
3082
3125
3051
3076
3116
3109
3068
3101
3097
3086
3074
3111
3121
3103
3088
3090
3119
3086
3111
3057
3097
3132
3064
3135
3081
3057
3084
3074
3083
3094
3096
3061
3144
3155
3129
3074
3103
3160
3154
3102
3067
3095
3075
3152
3160
3107
3097
3122
3089
3108
3102
3135
3152
3140
3173
3129
3155
3104
3173
3173
3106
3136
3107
3152
3098
3126
3108
3108
3190
3150
3168
3157
3124
3136
3165
3105
3185
3116
3132
3110
3126
3110
3166
3186
3116
3161
3210
3139
3142
3210
3198
3118
3143
3151
3190
3165
3211
3186
3208
3222
3169
3168
3185
3147
3146
3165
3193
3193
3186
3151
3226
3217
3147
3150
3157
3200
3211
3170
3210
3195
3230
3183
3221
3175
3228
3236
3196
3199
3209
3220
3159
3163
3245
3179
3212
3172
3235
3252
3176
3191
3201
3260
3251
3238
3228
3244
3262
3181
3226
3216
3257
3271
3228
3229
3225
3226
3186
3230
3257
3265
3213
3272
3262
3273
3223
3219
3260
3261
3245
3220
3245
3242
3241
3269
3278
3272
3266
3252
3264
3220
3234
3239
3281
3262
3210
3226
3270
3241
3283
3256
3238
3223
3293
3310
3277
3319
3290
3287
3259
3240
3276
3267
3303
3327
3292
3300
3293
3325
3281
3264
3307
3278
3303
3284
3291
3307
3304
2864
3263
3341
3289
3336
3293
3263
3283
3276
3273
3347
3257
3332
3303
3288
3333
3283
3349
3317
3345
3296
3361
3289
3318
3294
3280
3346
3105
3310
3275
3295
3329
3309
3354
3311
3329
3371
3353
3376
3367
3363
3297
3304
3289
3292
3362
3315
3356
3368
3355
3297
3326
3352
3365
3307
3378
3377
3313
3326
3364
3392
3384
3398
3366
3341
3371
3408
3358
3327
3355
3350
3368
3369
3340
3408
3335
3371
3368
3365
3342
3414
3359
3327
3356
3357
3355
3428
3350
3413
3348
3349
3411
3365
3398
3384
3417
3344
3340
3422
3396
3398
3417
3407
3385
3443
3359
3441
3401
3167
3439
3428
3393
3453
3394
3382
3386
3451
3399
3392
3459
3432
3437
3377
3400
3431
3387
3445
3464
3458
3396
3459
3418
3441
3442
3384
3391
3401
3450
3458
3452
3456
3456
3462
3427
3457
3406
3432
3410
3398
3473
3442
3436
3442
3469
3460
3486
3463
3413
3432
3404
3428
3425
3418
3414
3411
3426
3477
3495
3422
3476
3487
3476
3483
3511
3424
3443
3480
3427
3433
3500
3431
3500
3428
3521
3468
3436
3467
3520
3469
3478
3450
3457
3520
3516
3470
3475
3482
3448
3445
3494
3454
3459
3489
3524
3657
3464
3530
3481
3461
3519
3471
3526
3491
3485
3494
3541
3501
3523
3529
3488
3563
3470
3555
3525
3470
3473
3520
3547
3526
3548
3486
3555
3481
3522
3541
3521
3494
3560
3508
3512
3567
3501
3514
3513
3522
3586
3560
3503
3495
3043
3580
3578
3531
3591
3499
3538
3167
3511
3506
3549
3567
3557
3509
3558
3533
3519
3607
3521
3542
3609
3568
3603
3594
3526
3568
3520
3544
3535
3603
3593
3603
3558
3587
3620
3604
3604
3612
3553
3613
3620
3592
3624
3541
3566
3551
3581
3618
3621
3613
3556
3574
3627
3616
3563
3571
3567
3551
3598
3565
3612
3628
3605
3557
3576
3643
3572
3610
3574
3618
3572
3647
3568
3657
3598
3608
3634
3581
3659
3622
3612
3595
3657
3630
3605
3637
3600
3642
3625
3587
3586
3630
3621
3647
3627
3607
3592
3663
3641
3612
3689
3600
3644
3686
3611
3656
3670
3655
3630
3663
3648
3606
3649
3689
3695
3628
3677
3665
3663
3633
3682
3628
3627
3684
3639
3699
3657
3715
3680
3663
3643
3674
3713
3713
3720
3667
3674
3702
3639
3710
3701
3696
3733
3675
3651
3697
3683
3641
3666
3732
3715
3691
3716
3718
3661
3744
3710
3649
3670
3750
3652
3670
3713
3655
3729
3675
3751
3683
3726
3756
3744
3710
3735
3715
3699
3689
3705
3761
3739
3696
3715
3752
3747
3760
3719
3716
3688
3719
3695
3700
3774
3752
3701
3738
3693
3705
3746
3710
3692
3728
3692
3749
3745
3728
3760
3711
3772
3747
3765
3723
3776
3742
3225
3755
3755
3739
3748
3753
3711
3746
3787
3751
3764
3790
3766
3789
3797
3733
3805
3779
3769
3749
3782
3726
3795
3817
3796
3779
3752
3812
3741
3832
3769
3740
3826
3815
3812
3779
3818
3771
3787
3823
3812
3819
3818
3825
3814
3431
3756
3827
3764
3767
3849
3786
3820
3826
3825
3764
3816
3818
3846
3826
3817
3817
3824
3867
3817
3866
3831
3822
3790
3812
3867
3797
3836
3872
3858
3846
3813
3858
3811
3796
3787
3814
3796
3816
3790
3878
3875
3812
3822
3801
3857
3809
3885
3844
3886
3811
3825
3882
3888
3840
3844
3848
3827
3890
3885
3844
3863
3813
3875
3906
3912
3897
3854
3845
3871
3828
3913
3890
3915
3905
3881
3903
3837
3866
3889
3887
3909
3890
3860
3836
3842
3869
3923
3851
3896
3927
3925
3879
3847
3908
3867
3916
3938
3909
3882
3938
3851
3944
3915
3906
3924
3894
3918
3905
3919
3899
3887
3888
3898
3921
3911
3909
3933
3967
3889
3896
3920
3885
3930
3951
3909
3915
3911
3947
3970
3880
3886
3941
3962
3904
3949
3956
3900
3904
3918
3896
3956
3978
3917
3960
3986
3915
3993
3979
3954
3963
3943
3960
3931
3966
3978
3964
3962
3970
3949
3986
3920
3995
3921
3965
3955
3985
4015
3941
3872
3999
3939
3981
3973
3976
3985
3986
4019
4007
3969
4004
4008
3975
3984
4015
3953
3980
4007
3967
3947
3983
3965
4038
4005
3955
3996
3954
4005
3972
4024
3966
3953
3965
4024
3960
3969
3998
3986
3980
3966
3984
4042
4054
3992
4058
4016
4035
4004
3999
4062
3995
4035
4006
4070
4045
4036
4046
4003
4066
4001
4014
4041
4076
4057
4024
4032
4017
4013
3989
4003
4022
4041
4023
4000
4069
4058
4030
4082
4061
4039
4053
4001
4049
4004
4013
4057
4036
4079
4091
4069
4089
4031
4085
4054
4109
4016
4096
4103
4034
4046
4095
4046
4055
4100
4070
4035
4062
4102
4077
4070
4070
4045
4124
4067
4048
4129
4089
4111
3976
4086
4059
4088
4074
4082
4091
4056
4089
4122
4115
4064
4141
4120
4066
4117
4087
4121
4128
4076
4075
4100
4114
4103
4128
4121
4120
4114
4115
4151
4087
4096
4103
4130
4144
4088
4095
4150
4090
4149
4114
4162
4094
4152
4101
4128
4148
4182
4125
4109
4111
4158
4189
4143
4107
4186
4111
4138
4184
4167
4165
4135
4181
4109
4137
4168
4191
4128
4176
4198
4167
4113
4197
4145
4130
4198
4145
4208
4207
4211
4208
4195
4157
4133
4184
4141
4139
4132
4213
4208
4207
4175
4143
4193
4138
4230
4223
4215
4151
4154
4197
4182
4230
4186
4145
4214
4200
4190
4198
4165
4241
4170
4227
4155
4183
4157
4207
4168
4237
4227
4231
4197
4235
4187
4164
4178
4256
4202
4217
4197
4207
4235
4173
4182
4243
4222
4249
4235
4222
4214
4204
4244
4250
4185
4247
4203
4213
4203
4276
4234
4241
4269
4234
4199
4219
4193
4245
4196
4195
4224
4258
4225
4227
4282
4253
4210
4263
4222
4284
4247
4245
4216
4235
4273
4212
4241
4218
4265
4303
4221
4301
4272
4252
4309
4236
4234
4274
4276
4249
4280
4313
4245
4297
4246
4318
4239
4308
4237
4308
4311
4332
4260
4298
4246
4315
4284
4329
4304
4333
4275
4309
4268
4323
4288
4301
4293
4339
4312
4330
4341
4308
4328
4330
4280
4336
4312
4273
4290
4294
4267
4307
4322
4340
4349
4335
4306
4279
4354
4345
4343
4376
4313
4309
4373
4285
4322
4354
4379
4356
4289
4345
4344
4337
4379
4307
4356
4352
4364
4373
4389
4381
4328
4305
4307
4325
4346
4317
4324
4341
4351
4326
4316
4331
4367
4323
4385
4339
4353
4363
4359
4378
4342
4364
4369
4410
4363
4388
4417
4416
4414
4415
4332
4334
4402
4344
4342
4365
4381
4374
4430
4424
4372
4361
4430
4346
4386
4411
4383
4423
4392
4392
4355
4370
4363
4351
4371
4407
4371
4400
4391
4377
4452
4395
4397
4409
4426
4391
4366
4419
4397
4445
4422
4431
4465
4403
4443
4463
4439
4435
4458
4408
4427
4472
4456
4443
4434
4395
4387
4468
4398
4415
4427
4451
4451
4430
4435
4478
4483
4454
4407
4467
4455
4461
4479
4469
4453
4439
4432
4485
4492
4489
4411
4446
4423
4442
4413
4507
4453
4513
4515
4440
4497
4494
4496
4490
4436
4494
4492
4499
4526
4493
4432
4440
4494
4435
4516
4492
4503
4447
4531
4448
4445
4521
4508
4478
4459
4509
4464
4494
4520
4461
4498
4538
4500
4491
4469
4542
4472
4472
4485
4503
4497
4485
4526
4524
4533
4537
4562
4468
4494
4484
4515
4548
4524
4543
4563
4567
4547
4560
4549
4530
4507
4565
4571
4482
4484
4519
4582
4557
4543
4550
4494
4556
4499
4524
4589
4572
4525
4586
4520
4551
4563
4564
4591
4567
4522
4599
4585
4566
4557
4566
4802
4580
4514
4596
4566
4563
4584
4537
4546
4580
4529
4618
4522
4615
4541
4616
4544
4572
4599
4597
4538
4552
4564
4550
4614
4545
4553
4632
4599
4592
4612
4614
4600
4605
4595
4635
4628
4574
4630
4635
4625
4617
4561
4616
4577
4565
4593
4594
4598
4583
4627
4622
4613
4641
4633
4576
4598
4569
4633
4640
4578
4618
4605
4578
4637
4605
4646
4613
4634
4650
4596
4615
4660
4647
4599
4644
4653
4657
4607
4589
4675
4590
4621
4665
4644
4630
4631
4618
4657
4618
4666
4615
4692
4614
4683
4605
4690
4672
4647
4683
4660
4617
4641
4619
4654
4690
4671
4631
4632
4694
4678
4694
4647
4690
4679
4644
4639
4691
4704
4649
4713
4729
4661
4646
4717
4722
4717
4689
4731
4735
4675
4656
4668
4738
4721
4675
4651
4693
4672
4660
4692
4682
4673
4681
4729
4742
4710
4679
4701
4714
4697
4737
4714
4670
4730
4692
4752
4702
4739
4748
4679
4754
4683
4738
4705
4674
4764
4752
4754
4728
4725
4717
4719
4711
4701
4778
4771
4767
4752
4764
4700
4777
4775
4770
4729
4717
4735
4720
4726
4751
4783
4791
4731
4732
4731
4782
4714
4742
4715
4760
4725
4767
4761
4730
4799
4723
4805
4730
4795
4744
4767
4775
4726
4750
4787
4727
4740
4822
4798
4825
4801
4769
4744
4785
4754
4771
4758
4738
4812
4798
4774
4810
4798
4786
4747
4750
4771
4779
4756
4767
4821
4809
4774
4818
4759
4757
4848
4826
4798
4767
4805
4854
4844
4761
4820
4834
4774
4838
4773
4840
4842
4792
4833
4806
4817
4782
4794
4775
4826
4849
4826
4873
4845
4838
4856
4840
4847
4876
4855
4871
4802
4862
4832
4885
4868
4868
4817
4817
4804
4802
4881
4810
4857
4869
4837
4834
4888
4812
4846
4824
4852
4894
4837
4843
4813
4869
4878
4883
4911
4917
4908
4856
4824
4848
4863
4852
4911
4909
4366
4924
4889
4926
4849
4898
4891
4865
4875
4919
4877
4928
4880
4841
4857
4893
4927
4926
4924
4931
4877
4899
4896
4918
4891
4896
4890
4923
4908
4859
4870
4863
4926
4927
4885
4928
4907
4940
4935
4868
4951
4881
4955
4962
4966
4910
4946
4955
4881
4896
4895
4967
4937
4933
4918
4963
4912
4936
4939
4930
4961
4913
4967
4915
4924
4968
5236
4935
4938
4901
4884
4959
4953
4964
4996
4907
4969
4947
4969
4929
4944
4954
4940
5103
5002
4913
4977
4938
4931
4999
5015
4966
4966
4974
4946
4955
4935
4973
4959
4990
4952
4941
4996
4945
4998
4937
4954
4957
4935
4987
5029
4962
4951
4960
4987
5014
5012
5018
5037
4978
5014
5004
4475
4998
5018
5030
5048
5031
5003
5019
4957
5040
5022
4976
4972
5009
5057
5030
4996
5061
5009
5022
5004
4990
4975
4977
4989
5031
5069
5013
5051
5069
4991
4983
4995
5050
4989
5022
5013
5063
5029
5087
4989
5042
5083
5043
5014
5049
5087
5054
5009
5014
5076
5075
5011
5005
5024
5013
5061
5103
5056
5013
5072
5076
5103
5011
5076
5044
5074
5075
5088
5028
5080
5037
5088
5100
5101
5082
5044
5036
5061
5031
5050
5070
5057
5083
5121
5093
5127
5074
5113
5047
5099
5088
5059
5113
5080
5110
5092
5101
5104
5121
5074
5054
5101
5131
5137
5101
5115
5142
5057
5123
5066
5142
5110
5157
5078
5086
5146
5163
5106
5106
5080
5160
5163
5075
5074
5152
5144
5171
5110
5113
5134
5135
5104
5163
5114
5151
5096
5130
5169
5098
5115
5165
5115
5124
5142
5138
5102
5172
5110
5099
5108
5140
5154
5112
5156
5178
5201
5137
5111
5194
5125
5145
5164
5190
5173
5126
5137
5117
5150
5171
5160
5206
5169
5195
5193
5173
5199
5202
5176
5210
5169
5189
5162
5207
5142
5229
5142
5177
5189
5198
5138
5184
5145
5179
5191
5200
5178
5202
5228
5247
5241
5167
5153
5206
5194
5243
5184
5205
5171
5230
5229
5244
5254
5162
5224
5179
5208
5260
5188
5203
5201
5259
5214
5249
5253
5204
5208
5236
5274
5183
5226
5250
5202
5234
5226
5225
5195
5285
5205
5250
5130
5256
5282
5237
5210
5222
5227
5288
5252
5243
5242
5237
5250
4836
5265
5238
5255
5271
5302
5306
5288
5221
5292
5303
5279
5279
5291
5313
5295
5238
5307
5292
5301
5266
5306
5292
5317
5299
5298
5302
5164
5251
5263
5302
5243
5331
5241
5303
5323
5240
5309
5277
5301
5296
5249
5324
5344
5319
5318
5316
5311
5302
5319
5349
5335
5293
5288
5340
5322
5315
5332
5309
5335
5312
5262
5281
5293
5342
5301
5345
5356
5276
5361
5304
5326
5338
5277
5315
5296
5314
5317
4776
5380
5307
5370
5333
5378
5302
5360
5353
5311
5297
5299
5305
5354
5346
5302
5361
5346
5393
5300
5349
5349
5308
5683
5383
5341
5309
5397
5314
5343
5389
5406
5311
5348
5334
5323
5328
5406
5412
5340
5401
5355
5380
5366
5355
5410
5395
5384
5338
5357
5364
5399
5385
5353
5383
5357
5341
5380
5367
5421
5381
5357
5367
5353
5441
5360
5384
5407
5374
5383
5447
5405
5432
5402
5389
5376
5417
5369
5399
5424
5423
5431
5415
5411
5375
5370
5414
5432
5466
5373
5453
5370
5401
5437
5417
5445
5426
5469
5395
5430
5443
5444
5476
5431
5479
5437
5423
5464
5454
5463
5445
5436
5478
5465
5465
5435
5470
5424
5410
5434
5492
5470
5478
5432
5406
5473
5442
5439
5488
5450
5418
5433
5499
5477
5497
5424
5491
5499
5468
5518
5514
5496
5460
5518
5494
5497
5500
5493
5435
5444
5522
5459
5460
5492
5505
5504
5522
5466
5451
5504
5483
5501
5470
5516
5475
5537
5510
5465
5471
5506
5483
5529
5519
5536
5512
5524
5518
5508
5550
5482
5530
5461
5539
5471
5497
5517
5473
5471
5551
5535
5550
5514
5554
5473
5503
5524
5483
5483
5492
5574
5574
5538
5551
5495
5531
5520
5570
5523
5572
5516
5503
5567
5579
5503
5576
5578
5502
5546
5572
5567
5529
5520
5512
5532
5553
5545
5563
5604
5542
5517
5544
5607
5517
5551
5572
5531
5550
5583
5519
5527
5554
5571
5563
5600
5564
5548
5571
5597
5618
5534
5530
5591
5591
5553
5580
5614
5606
5615
5608
5558
5575
5621
5631
5556
5608
5628
5581
5635
5565
5581
5603
5582
5588
5604
5598
5577
5645
5585
5567
5614
5618
5568
5586
5647
5590
5656
5603
5655
5631
5605
5585
5637
5652
5589
5608
5590
5604
5618
5668
5623
5678
5636
5624
5607
5597
5654
5607
5632
5604
5686
5679
5645
5648
5634
5647
5690
5686
5690
5645
5687
5682
5695
5682
5624
5667
5699
5637
5640
5041
5626
5298
5658
5673
5699
5660
5617
5667
5704
5637
5668
5708
5701
5713
5685
5673
5724
5686
5721
5724
5702
5697
5172
5708
5642
5694
5690
5724
5640
5649
5733
5717
5723
5649
5720
5729
5717
5734
5738
5650
5747
5649
5746
5750
5663
5654
5676
5679
5671
5695
5697
5741
5723
5700
5749
5745
5664
5763
5757
5746
5681
5718
5752
5745
5673
5756
5739
5734
5703
5757
5744
5747
5749
5779
5719
5690
5698
5750
5755
5712
5776
5774
5738
5765
5767
5715
5784
5728
5758
5699
5763
5780
5760
5776
5735
5764
5798
5758
5721
5774
5784
5800
5753
5786
5772
5802
5794
5747
5740
5731
5776
5816
5781
5808
5797
5767
5740
5741
5765
5775
5787
5735
5824
5796
5808
5760
5789
5764
5748
5762
5745
5838
5764
5795
5818
5755
5777
5823
5763
5795
5802
5772
5762
5772
5825
5804
5786
5794
5789
5793
5790
5801
5800
5829
5804
5857
5787
5804
5844
5851
5823
5813
5805
5801
5781
5868
5873
5781
5825
5799
5812
5801
5804
5840
5835
5802
5826
5843
5811
5835
5853
5859
5842
5818
5831
5821
5860
5800
5881
5808
5887
5868
5885
5846
5866
5885
5840
5851
5894
5879
5900
5848
5875
5855
5828
5820
5875
5899
5869
5898
5917
5894
5872
5827
5829
5892
5829
5868
5872
5851
5859
5854
5909
5929
5905
5898
5920
5836
5845
5865
5918
5898
5877
5877
5886
5885
5889
5894
5928
5933
5852
5884
5898
5869
5925
5929
5885
5875
5866
5863
5878
5951
5950
5948
5928
5931
5930
5872
5927
5901
5876
5913
5887
5918
5945
5932
5883
5935
5963
5882
5962
5905
5807
5906
5916
5912
5958
5901
5890
5985
5905
5974
5937
5961
5991
5910
5980
5903
5982
5951
5912
5920
5906
5902
5991
5924
5939
5972
5965
5988
5946
5966
5942
6006
5954
6010
5978
5933
5935
5981
5966
6001
5949
5941
5939
5987
5937
6004
5983
5957
5932
6023
5948
5933
5973
6027
5954
5972
6029
5938
6014
6014
5995
6009
5945
6041
5973
5954
5995
5950
5951
6038
5963
5956
6035
5968
5984
6012
5990
5982
6002
6021
6022
6055
6033
6062
6002
6039
5990
6039
6017
6011
6041
5977
6047
6056
5974
6041
6065
5985
6067
6000
6021
6066
6030
6026
5987
6033
6007
6020
6040
6074
6016
6076
6022
6056
6092
6068
6074
6009
6088
6024
6023
6015
6049
6032
6071
6057
6017
6056
6025
6065
6091
6066
6085
6057
6042
6023
6074
6086
6089
6060
6041
6074
6047
6029
6111
6121
6058
6037
6058
6058
6096
6055
6096
6051
6053
6077
6070
6088
6135
6121
6042
6096
6133
6108
6054
6059
6093
6075
6092
6127
6073
6069
6084
6139
6055
6149
6132
6083
6153
6073
6064
6071
6114
6106
6116
6153
6162
6095
6134
6113
6138
6090
6147
6097
6090
6128
6156
6164
6150
6135
6178
6094
6121
6132
6090
6154
6180
6141
6152
6172
6167
6145
6102
6113
6132
6136
6131
6181
6190
6141
6108
6194
6110
6171
6120
6150
6160
6184
6117
6127
6164
6169
6119
6196
6117
6124
6126
6211
6194
6173
6213
6217
6123
6215
6204
6161
6222
6188
6192
6183
6201
6227
6152
6194
6190
6150
6171
6208
6177
6228
6224
6162
6204
6213
6184
6162
6225
6180
6230
6192
6184
6196
6205
6189
6231
6219
6199
6188
6158
6250
6190
6251
6189
6238
6197
6263
6181
6231
6234
6206
6224
6195
6174
6204
6199
6180
6207
6195
6186
6271
6235
6272
6203
6215
6259
6233
6234
6230
6216
6229
6204
6268
6236
6225
6229
6235
6260
6276
6205
6260
6237
6276
6203
6248
6237
6293
6280
6254
6270
6230
6287
6215
6307
6240
6250
6260
6261
6309
6313
6275
6305
6244
6301
6302
6312
6237
6287
6297
6284
6235
6269
6301
6321
6327
6281
6238
6276
6242
6257
6320
6267
6250
6255
6283
6316
6287
6287
6299
6274
6288
6271
6300
6282
6316
6296
6320
6301
6347
6337
6343
6338
6325
6344
6359
6311
6295
6338
6329
6316
6287
6362
6323
6367
6302
6369
6368
6357
6289
6315
6370
6290
6352
6335
6310
6372
6299
6370
6301
6325
6315
6342
6378
6376
6375
6374
6359
6327
6324
6321
6387
6350
6303
6369
6382
6309
6308
6692
6334
6364
6317
6397
6327
6321
6379
6388
6387
6410
6399
6359
6405
6412
6418
6347
6407
6415
6412
6377
6390
6424
6392
6384
6364
6356
6340
6434
6428
6385
6409
6403
6431
6357
6425
6373
6407
6387
6413
6425
6437
6430
6432
6414
6404
6382
6445
6404
6390
6421
6368
6376
6432
6439
6385
6369
6461
6392
6451
6458
6372
6462
6388
6440
6448
6400
6426
6440
6436
6443
6413
6378
6422
6469
6426
6465
6422
6461
6469
6430
6453
6452
6484
6432
6447
6466
6473
6436
6426
6430
6488
6464
6427
6476
6417
6419
6421
6420
6434
6415
6439
6418
6480
6417
5922
6476
6452
6479
6441
6513
6444
6429
6517
6481
6441
6455
6456
6508
6513
6433
6494
6470
6457
6517
6436
6488
6455
6725
6495
6501
6519
6488
6514
6468
6513
6455
6482
6542
6513
6474
6514
6480
6535
6504
6540
6483
6493
6480
6528
6494
6539
6469
6532
6559
6507
6472
6482
6556
6466
6495
6486
6477
6493
6521
6499
6483
6570
6548
6491
6551
6529
6565
6543
6534
6557
6527
6583
6503
6500
6491
6496
6529
6504
6507
6500
6494
6534
6586
6528
6569
6533
6528
6598
6577
6516
6523
6505
6507
6549
6529
6581
6553
6517
6575
6569
6583
6521
6607
6582
6585
6612
6584
6612
6526
6582
6526
6563
6580
6614
6537
6566
6579
6610
6594
5945
6615
6603
6567
6604
6581
6578
6571
6611
6628
6602
6626
6621
6631
6557
6561
6614
6584
6635
6597
6576
6556
6610
6613
6643
6643
6622
6628
6617
6644
6616
6584
6584
6627
6604
6577
6591
6643
6585
6601
6641
6630
6606
6612
6626
6671
6630
6657
6669
6675
6619
6649
6583
6643
6610
6682
6616
6641
6636
6616
6691
6617
6678
6616
6654
6671
6619
6643
6668
6694
6603
6669
6607
6671
6682
6126
6675
6675
6661
6640
6624
6637
6652
6670
6631
6711
6680
6665
6702
6648
6662
6647
6686
6649
6716
6684
6705
6670
6651
6634
6697
6651
6699
6678
6639
6665
6689
6700
6724
6732
6714
6713
6677
6713
6723
6672
6681
6649
6689
6734
6680
6687
6671
6701
6677
6739
6698
6687
6683
6739
6760
6701
6726
6706
6761
6741
6681
6724
6754
6711
6718
6605
6711
6743
6754
6761
6716
6685
6694
6733
6748
6720
6756
6761
6717
6774
6692
6735
6690
6714
6761
6711
6717
6723
6723
6793
6705
6719
6708
6732
6714
6796
6772
6774
6716
6780
6759
6806
6736
6766
6782
6771
6746
6747
6737
6799
6748
6724
6772
6810
6766
6752
6743
6804
6818
6808
6825
6734
6817
6756
6782
6739
6769
6831
6753
6740
6772
6823
6834
6744
6795
6768
6807
6763
6810
6772
6812
6806
6834
6823
6760
6763
6844
6808
6335
6767
6784
6823
6840
6823
6771
6775
6857
6833
6864
6845
6854
6808
6788
6812
6788
6791
6825
6868
6776
6836
6873
6780
6800
6801
6800
6862
6783
6798
6869
6845
6807
6883
6878
6883
6818
6812
6627
6884
6854
6833
6890
6825
6869
6853
6882
6826
6835
6823
6858
6901
6819
6833
6878
6843
6845
6876
6851
6858
6830
6915
6884
6911
6915
6913
6838
6831
6830
6917
6857
6924
6924
6905
6837
6837
6907
6848
6838
6909
6874
6899
6886
6902
6894
6865
6901
6858
6879
6942
6912
6876
6867
6896
6871
6926
6899
6893
6900
6903
6936
6931
6956
6900
6929
6938
6888
6913
6950
6900
6918
6916
6872
6933
6938
6923
6937
6911
6924
6972
6961
6893
6951
6935
6893
6965
6943
6923
6960
6933
6906
6899
6928
6899
6890
6965
6911
6901
6986
6960
6985
6959
6933
6991
6961
6929
6956
6932
6916
6972
7004
6934
6947
6998
6984
6915
6978
6988
6937
7005
6949
7013
6973
6977
6975
6973
6973
6984
6926
6946
6981
6979
6940
6993
6966
6988
6968
6949
7022
7030
6980
6938
7022
7018
7008
6967
6982
7015
6971
6950
7006
6972
7002
6991
6968
7018
6961
6985
7042
6988
6969
6988
6983
7036
6970
7012
7050
7043
6984
6967
7055
7014
7031
7025
6981
6981
7045
6997
7064
7028
7030
7074
7040
7068
7054
7025
7010
7037
6986
7027
7034
7029
7049
6995
7069
7034
7083
7074
6998
7063
7065
7080
7045
7096
7003
7070
7073
7018
7088
7094
7026
7088
7059
7060
7095
7078
7060
7078
7063
7108
7068
7051
7056
7087
7059
7056
7091
7115
7076
7029
7081
7034
7062
7117
7041
7076
7041
7057
7102
7122
7110
7065
7054
7087
7097
7075
7137
7071
7107
7066
7056
7117
7071
7097
7063
7114
7104
7089
7105
6866
7095
7110
7107
7116
7088
7060
7110
7146
7093
7163
7077
7138
7158
7140
7115
7080
7133
7146
7109
7103
7141
7085
7133
7113
7171
7157
7127
7083
7181
7162
7166
7099
7125
7184
7160
7121
7169
7104
7188
7174
7182
7133
7133
7120
7133
7194
7119
7196
7166
7196
7179
7163
7193
7133
7111
7181
7121
7154
7127
7206
7130
7141
7132
7145
7207
7126
7207
7176
7141
7176
7138
7225
7175
7147
7188
7146
7227
7208
7215
7213
7199
7222
7198
7155
7234
7231
7198
7221
7224
7172
7192
7233
7229
7186
7208
7205
7249
7238
7159
7242
7219
7201
7220
7208
7196
7244
7176
7234
7205
7254
7217
7200
7201
7169
7259
7220
7195
7261
7241
7232
7246
7260
7262
7261
7257
7189
7255
7201
7200
7198
7240
7246
7242
7251
7270
7229
7235
7253
7276
7231
7285
7262
7286
7293
7239
7254
7206
7230
7222
7222
7145
7295
7273
7291
7274
7283
7230
7310
7306
7289
7264
7239
7217
7301
7311
7241
7240
7309
7308
7290
7227
7241
7320
7016
7307
7253
7247
7281
7317
7282
7304
7334
7299
7317
7308
7327
7330
7246
7340
7266
7309
7339
7271
7320
7296
7266
7270
7270
7281
7298
7344
7304
7281
7334
7272
7296
7303
7277
7277
7360
7314
7280
7320
7310
7272
7318
7310
7329
7340
7341
7345
7303
7368
7373
7304
7299
7315
7349
7327
7360
7341
7349
7379
7379
7312
7308
7310
7312
7307
7378
7329
7377
7324
7312
7385
7355
7378
7376
7373
7353
7379
7404
7396
7343
7355
7312
7382
7376
7340
7344
7315
7319
7372
7387
7381
7347
7377
7402
7341
7372
7362
7350
7373
7404
7329
7396
7349
7384
7345
7417
7377
7376
7406
7398
7438
7406
7408
7388
7383
7387
7405
7395
7431
7428
7379
7382
7376
7437
7431
7409
7413
7454
7434
7372
7439
7434
7413
7393
7402
7401
7462
7423
7370
7400
7465
7376
7445
7422
7456
7438
7475
7468
7432
7425
7441
7468
7437
7452
7478
7410
7431
7439
7439
7459
7402
7403
7400
7491
7452
7470
7425
7409
7420
7414
7449
7406
7452
7430
7501
7485
7429
7415
7481
7486
7500
7442
7463
7455
7478
7422
7476
7504
7496
7486
7485
7506
7428
7476
7510
7514
7434
7428
7446
7514
7471
7456
7437
7530
7481
7474
7456
7516
7483
7514
7469
7445
7487
7529
7459
7536
7455
7485
7463
7536
7542
7523
7483
7471
7546
7528
7479
7458
7498
7556
7504
7508
7533
7500
7468
7491
7537
7505
7507
7526
7489
7491
7492
7550
7491
7556
7562
7497
7523
7548
7518
7576
7491
7573
7553
7553
7493
7580
7524
7513
7491
7577
7543
7546
7504
7524
7589
7531
7563
7561
7597
7502
7564
7580
7536
7531
7557
7517
7585
7578
7585
7537
7583
7599
7521
7539
7610
7537
7594
7594
7600
7557
7617
7532
7544
7526
7620
7616
7539
7572
7553
7541
7611
7424
7575
7542
7628
7614
7630
7634
7597
7617
7630
7607
7575
7548
7550
7613
7633
7637
7556
7633
7596
7574
7613
7603
7617
7640
7563
7651
7582
7646
7652
7579
7598
7583
7569
7586
7663
7618
7573
7635
7636
7621
7581
7613
7667
7613
7609
7665
7621
7664
7643
7582
7673
7586
7593
7622
7601
7650
7625
7592
7674
7689
7660
7627
7606
7679
7608
7648
7603
7681
7614
7672
7691
7647
7673
7680
7667
7705
7635
7695
7661
7710
7680
7698
7636
7664
7648
7627
7710
7623
7647
7693
7654
7645
7699
7665
7715
7670
7682
7686
7722
7655
7689
7681
7671
7685
7657
7728
7700
7727
7663
7672
7664
7743
7669
7661
7667
7746
7711
7743
7663
7704
7700
7660
7664
7728
7663
7738
7679
7719
7669
7683
7715
7696
7741
7741
7687
7727
7712
7759
7707
7679
7768
7742
7753
7757
7684
7766
7758
7748
7740
7719
7753
7755
7701
7699
7781
7742
7702
7722
7703
7758
7763
7736
7746
7775
7763
7750
7755
7760
7795
7745
7715
7723
7715
7757
7710
7773
7782
7732
7787
7733
7801
7770
7755
7811
7807
7789
7818
7787
7774
7725
7795
7774
7767
7809
7735
7807
7749
7773
7768
7736
7825
7805
7829
7818
7802
7824
7747
7802
7768
7761
7765
7824
7789
7784
7774
7820
7789
7773
7774
7768
7811
7775
7820
7840
7800
7847
7762
7772
7770
7848
7797
7806
7838
7830
7827
7807
7829
7843
7818
7847
7805
7813
7780
7848
7817
7875
7812
7825
7827
7790
7787
7873
7862
7832
7822
7819
7803
7814
7865
7802
7860
7860
7802
7866
7868
7890
7836
7815
7847
7812
7894
7846
7818
7871
7881
7874
7825
7870
7901
7873
7913
7846
7858
7906
7850
7831
7819
7873
7919
7888
7905
7861
7860
7858
7925
7849
7839
7897
7855
7901
7915
7925
7921
7872
7893
7899
7915
7914
7872
7903
7902
7877
7869
7847
7914
7860
7903
8089
7908
7907
7855
7855
7876
7880
7904
7935
7928
7885
7949
7953
7910
7889
7898
7916
7916
7912
7883
7931
7880
7945
7888
7880
7930
7920
7896
7912
7907
7965
7976
7939
7948
7914
7974
7910
7927
7965
7935
7919
7933
7958
7924
7923
7969
7955
7906
7948
7955
7936
7930
7949
7944
7979
7965
7988
7968
8003
7988
7990
7985
7991
7919
7933
8010
7969
7957
7920
7945
7974
7926
8019
8017
7943
7954
8021
7970
7940
8001
7939
7965
7986
7961
7967
8015
7958
7946
7947
7971
7988
8019
8023
7953
8014
8037
8015
7950
8017
7956
8008
8012
7983
7993
7958
8029
7960
7994
7967
8034
7984
8001
8028
8050
8011
8020
8053
8043
7977
7999
8058
7983
8027
8059
8006
8022
8008
8025
8034
8048
8062
8022
7982
8034
8033
8019
8002
8016
8065
8079
8049
8045
8042
8018
8081
8082
8076
8093
8092
8098
8057
8053
8036
8098
8103
8028
8039
8093
8085
8063
8080
8055
8085
8058
8048
8048
8082
8079
8050
8064
8099
8047
8038
8045
8107
8074
8069
8098
8121
8079
8078
8083
8118
7735
8109
8076
8036
8097
8059
8097
8099
8131
8103
8130
8086
8144
8054
8066
8090
8052
8109
8065
8065
8144
8084
8148
8070
8131
8065
8086
8098
8105
8144
8146
8105
8085
8075
8080
8094
8167
8169
8165
8162
8133
8089
8133
8139
8117
8129
8154
8174
8090
8154
8112
8146
8133
8089
8156
8104
8174
8112
8158
8178
8150
8101
8144
8168
8150
8104
8164
8196
8167
8182
8132
8116
8186
8136
8149
8111
8192
8153
8195
8155
8139
8207
8195
8203
8131
8137
8187
8136
8121
8175
8143
8205
8135
8202
8224
8145
8176
8196
8131
8167
8215
8146
8223
8191
8166
8212
8204
8182
8155
8207
8164
8231
8213
8190
8210
8225
8404
8171
8199
8228
8158
8196
8242
8227
8247
8188
8205
8250
8212
8199
8249
8175
8185
8214
8177
8203
8226
8233
8212
8182
8201
8191
8202
8203
8268
8222
8237
8190
8279
8270
8199
8201
8217
8281
8215
8223
8197
8205
8280
8262
8274
8267
8228
8265
8266
8283
8297
8201
8208
8215
8237
8229
8280
8294
8221
8275
8241
8285
8305
8233
8286
8300
8281
8295
8286
8254
7863
8236
8279
8260
8253
8226
8319
8295
8245
8294
8281
8285
8319
8265
8241
8260
8333
8273
8246
8275
8295
8249
8267
8332
8317
8303
8328
8338
8256
8336
8339
8305
8322
8320
8332
8260
8268
8318
8313
8276
8274
8313
8355
8307
8322
8310
8357
8331
8363
8341
8302
8310
8365
8346
8355
8276
8296
8288
8306
8376
8328
8361
8366
8354
8363
8290
8327
8331
8353
8366
8323
8262
8349
8312
8314
8374
8321
8393
8365
8377
8336
8323
8383
8382
8310
8319
8358
8382
8367
8313
8319
8349
8337
8392
8361
8399
8361
7733
8382
8344
8359
8398
8368
8336
8406
8341
8412
8390
8355
8366
8351
8420
8409
8423
8418
8407
8391
8367
8429
8387
8404
8429
8414
8397
8356
8437
8419
8402
8357
8387
8358
8428
8420
8356
8434
8355
8388
8425
8426
8425
8381
8416
8449
8383
8394
8399
8386
8373
8373
8422
8401
8375
8439
8444
8408
8377
8463
8426
8382
8381
8446
8409
8451
8455
8461
8423
8387
8419
8479
8487
8447
8434
8402
8427
8446
8491
8469
8405
8432
8451
8456
8470
8486
8468
8483
8405
8428
8424
8432
8467
8477
8446
8439
8487
8420
8429
8486
8479
8483
8458
8494
8470
8443
8466
8510
8508
8464
8500
8467
8504
8513
8472
8439
8486
8450
8511
8529
8521
8451
8468
8497
8505
8518
8452
8453
8518
8492
8527
8460
8508
8462
8455
8522
8452
8476
8458
8537
8491
8458
8553
8483
8529
8516
8537
8484
8508
8525
8492
8487
8558
8490
8525
8558
8566
8478
8474
8537
8563
8480
8559
8484
8565
8554
8523
8506
8494
8493
8491
8560
8563
8530
8531
7941
8563
8547
8530
8513
8548
8557
8587
8584
8540
8532
8585
8527
8566
8511
8511
8566
8546
8555
8594
8571
8604
8570
8612
8563
8751
8605
8564
8585
8609
8567
8598
8556
8571
8587
8530
8560
8570
8600
8542
8596
8632
8593
8621
8536
8539
8627
8583
8634
8584
8614
8566
8622
8570
8619
8612
8564
8569
8602
8620
8648
8651
8616
8643
8559
8639
8593
8629
8658
8656
8641
8644
8642
8642
8642
8596
8642
8569
8659
8655
8653
8621
8578
8602
8629
8630
8643
8611
8580
8657
8674
8604
8615
8680
8643
8640
8648
8599
8680
8666
8657
8635
8637
8603
8653
8596
8648
8610
8646
8698
8623
8651
8681
8616
8679
8628
8654
8668
8637
8642
8708
8648
8708
8637
8677
8673
8618
8640
8705
8667
8658
8684
8705
8887
8684
8636
8675
8648
8692
8675
8703
8676
8637
8728
8640
8683
8707
8725
8734
8644
8655
8672
8646
8678
8692
8732
8666
8681
8701
8682
8732
8665
8683
8660
8740
8732
8753
8686
8668
8670
8714
8753
8673
8673
8763
8712
8757
8719
8758
8703
8693
8758
8678
8764
8710
8771
8766
8771
8730
8733
8704
8766
8740
8686
8708
8776
8705
8777
8725
8718
8722
8782
8723
8773
8778
8712
8774
8731
8783
8707
8738
8730
8723
8797
8719
8799
8191
8793
8726
8751
8773
8754
8789
8732
8789
8809
8757
8767
8735
8723
8738
8786
8776
8747
8822
8824
8732
8755
8752
8739
8807
8767
8742
8742
8768
8741
8766
8816
8773
8803
8745
8819
8765
8758
8763
8787
8804
8813
8800
8828
8846
8786
8759
8763
8841
8812
8793
8837
8851
8792
8770
8784
8785
8815
8776
8862
8798
8826
8809
8810
8827
8808
8778
8807
8865
8790
8793
8796
8785
8822
8859
8855
8811
8863
8787
8830
8831
8858
8868
8837
8842
8867
8810
8828
8865
8852
8851
8869
8823
8860
8811
8882
8824
8852
8896
8850
8897
8855
8845
8878
8902
8822
8879
8887
8841
8828
8869
8853
8819
8856
8824
8850
8842
8838
8838
8844
8908
8895
8839
8910
8908
8884
8914
8881
8901
8889
8851
8919
8910
8910
8925
8888
8911
8855
8908
8902
8861
8874
8925
8940
8908
8877
8900
8887
8951
8947
8949
8872
8953
8886
8931
8933
8903
8901
8921
8925
8907
8873
8910
8784
8946
8885
8947
8888
8962
8954
8895
8923
8966
8968
8930
8933
8962
8916
8921
8908
8917
8903
8932
8909
8965
8920
8945
8913
8956
8975
8984
8905
8908
8926
8979
8943
8928
8935
8921
8978
8968
8922
8927
8932
8964
8985
8935
8999
8995
8960
8951
9009
8982
8920
8953
8999
8985
8943
8990
8970
9005
8969
9000
8932
8994
8965
8990
8972
8955
8972
8989
8993
8994
9020
8960
8951
8949
9000
9009
8990
8951
9012
9003
8983
9013
9000
9027
9017
8972
8999
8978
9049
8959
9002
8967
8987
9052
9039
9000
9001
9001
8985
8976
8972
9049
8999
8980
9030
9027
8995
9047
9030
9077
9010
8993
9014
9042
9029
9071
9059
9085
9053
8991
9015
9018
9048
9037
9094
9045
9086
9003
9078
9086
9051
9073
9055
9034
9020
9022
9016
9081
9088
9022
9022
9044
9086
9031
9033
9026
9034
9025
9068
9118
9054
9040
9040
9101
9072
9102
9117
9081
9099
9048
9082
9044
9109
9106
9100
9035
9044
9080
9135
9061
9064
9062
9074
9050
9103
9117
9053
9054
9062
9146
9131
9079
9126
9130
9124
9096
9095
9111
9112
9428
9063
9120
9127
9133
9085
9083
9115
9145
9131
9161
9095
9105
9144
9145
9140
9118
9143
9155
9144
9112
9125
9154
9090
9177
9145
9125
9141
9145
9176
9167
9181
9177
9102
9110
9160
9185
9194
9143
9172
9149
9126
9169
9104
9148
8542
9184
9109
9119
9194
9132
9184
9117
9170
9148
9162
9198
9162
9130
9153
9200
9203
9206
9173
9191
9167
9181
9181
9173
9177
9216
9229
9135
9154
9230
9160
9231
9153
9174
9148
9218
9150
9219
9192
9203
9224
9149
9232
9158
9245
9176
9196
9278
9221
9160
9155
9180
9245
9200
9161
9163
9179
9193
9230
9184
9216
9197
9195
9257
9218
9244
9171
9255
9270
9234
9236
9184
9254
9186
9215
9273
9182
9185
9245
9250
9255
9218
9273
9229
9275
9191
9202
9227
9236
9205
9222
9287
9249
9218
9284
9255
9214
9205
9217
9272
9300
9244
9212
9273
9225
9261
9216
9311
9292
9237
9301
9266
9304
9223
9277
9317
9229
9310
9252
9318
9282
9228
9290
9322
9326
9266
9244
9232
9323
9332
9243
9264
9254
9293
9318
9287
9274
9326
9340
9339
9298
9249
9343
9343
9344
9273
9343
9258
9257
9267
9275
9279
9355
9340
9273
9295
9291
9299
9319
9338
9360
9340
9275
9347
9356
9316
9280
9301
9279
9299
9294
9308
9285
9290
9376
9335
9378
9360
9372
9330
9333
9303
9383
9386
9363
9377
9332
9386
9332
9338
9331
9389
9371
9385
9343
9333
9364
8974
9306
9384
9322
9403
9403
9367
9332
9361
9320
9340
9351
9401
9332
9328
9404
9378
9401
9336
9338
9359
9336
9421
9345
9414
9342
9379
9412
9408
9372
9415
9376
9400
9349
9371
9430
9389
9430
9386
9400
9358
9367
9413
9359
9362
9397
9368
9350
9373
9385
9370
9371
9430
9367
9406
9415
9456
9455
9449
9362
9434
8885
9375
9426
9431
9433
9384
8769
9416
9412
9458
9372
9454
9457
9464
9418
9429
9428
9442
9446
9451
9426
9422
9429
9420
9402
9427
9400
9476
9432
9402
9466
9461
9399
9464
9436
9469
9456
9462
9473
9431
9499
9440
9433
9462
9486
9500
9498
9508
9446
9429
9452
9423
9440
9504
9473
9434
9471
9454
9425
9511
9442
9476
9498
9521
9483
9449
9510
9443
9441
9512
9435
9487
9511
9496
9464
9497
9470
9538
9505
9513
9456
9447
9470
9520
9523
9507
9497
9532
9491
9539
9461
9526
9499
9494
9523
9466
9466
9545
9539
9555
9557
9479
9471
9501
9543
9510
9514
9499
9554
9547
9564
9570
9480
9525
9547
9536
9539
9563
9493
9544
9500
9486
9504
9585
9585
9530
9532
9580
9513
9587
9590
9572
9554
9502
9504
9501
9573
9502
9576
9502
9518
9566
9571
9583
9534
9555
9572
9563
9581
9573
9529
9528
9547
9539
9568
9614
9567
9615
9590
9529
9535
9558
9561
9555
9606
9627
9597
9531
9628
9625
9618
9537
9614
9539
9631
9581
9607
9557
9584
9598
9558
9581
9562
9554
9551
9562
9551
9573
9642
9599
9629
9646
9569
9563
9564
9605
9643
9608
9368
9610
9606
9606
9621
9593
9664
9623
9635
9590
9638
9577
9578
9660
9583
9605
9639
9656
9641
9585
9667
9619
9612
9627
9638
9667
9677
9623
9603
9632
9627
9598
9681
9602
9613
9641
9661
9661
9660
9641
9678
9696
9695
9660
9628
9625
9639
9706
9676
9703
9678
9709
9686
9697
9644
9700
9673
9650
9662
9683
9688
9720
9627
9673
9640
9645
9627
9698
9647
9654
9692
9691
9636
9636
9675
9689
9714
9697
9733
9665
9727
9710
9707
9687
9680
9726
9680
9668
9737
9736
9658
9741
9721
9669
9706
9678
9692
9716
9745
9710
9744
9674
9748
9759
9680
9678
9684
9748
9670
9707
9708
9757
9674
9704
9746
9716
9709
9681
9768
9751
9763
9718
9735
9709
9690
9690
9730
9726
9717
9698
9711
9780
9753
9699
9705
9704
9719
9709
9788
9798
9726
9742
9769
9710
9786
9789
9761
9746
9787
9775
9756
9774
9802
9792
9786
9739
9734
9793
9723
9749
9784
9763
9808
9745
9746
9752
9766
9788
9802
9778
9808
9805
9756
9886
9816
9749
9741
9810
9808
9823
9825
9795
9768
9758
9831
9804
9812
9842
9798
9828
9843
9817
9757
9762
9785
9789
9845
9836
9816
9779
9848
9828
9775
9795
9851
9782
9857
9770
9798
9796
9823
9822
9780
9835
9839
9788
9778
9737
9845
9841
9820
9853
9804
9790
9830
9849
9832
9808
9859
9796
9800
9837
9845
9847
9819
9818
9824
9890
9880
9884
9838
9828
9830
9891
9880
9831
9811
9899
9839
9868
9844
9877
9841
9820
9844
9838
9832
9868
9824
9868
9820
9865
9908
9912
9882
9878
9882
9896
9880
9891
9878
9848
9834
9840
9839
9902
9853
9877
9900
9902
9901
9883
9924
9846
9869
9869
9915
9921
9891
9893
9943
9854
9855
9947
9902
9868
9893
9878
9898
9939
9866
9878
9890
9899
9873
9881
9874
9901
9870
9871
9908
9940
9918
9881
9879
9938
9918
9892
9957
9928
9901
9932
9963
9972
9922
9963
9898
9963
9980
9953
9919
9961
9988
9981
9990
9963
9974
9994
9964
9917
9927
9926
9940
9918
9929
9932
9996
9914
9988
9950
9924
9944
9961
9986
9983
9959
9937
9961
9932
10011
9952
10003
9960
9954
9948
10023
9979
9932
9973
9963
9976
10008
9991
9942
9973
10025
9998
9999
9967
9986
9963
10030
9978
9947
10020
9953
9970
9982
9955
9996
10046
10011
10050
9965
10045
10053
10021
9961
10050
9980
9965
10024
10019
10005
10000
10006
9979
9980
10001
10068
10059
10068
10016
9995
10011
10038
10006
10063
10034
10063
10057
10060
9997
10034
10045
10074
10076
10011
10023
10029
10043
10076
10006
10071
10037
10014
10004
10029
10040
10070
10047
10096
10088
10028
10040
10043
10019
10048
10034
10100
10051
10094
10064
10095
10108
10080
10110
10029
10062
10074
10080
10120
10086
10107
10058
10080
10081
10075
10041
10065
10087
10067
10192
10081
10050
10037
10127
10048
10057
10126
10056
10083
10063
10053
10045
10130
10095
10056
10122
10144
10139
10066
10147
10102
10114
10138
10106
10142
10124
10141
10088
10104
10076
10109
10106
10093
10132
10111
10136
10128
10109
10086
10101
10158
10075
10145
10176
10153
10136
10103
10177
10112
10087
10123
10141
10120
10157
10159
10128
10120
10134
10169
10123
10093
10141
10179
10154
10148
10170
10172
10111
10164
10116
10179
10187
10192
10168
10153
10208
10182
10146
10142
10174
10179
10154
10149
10216
10154
10176
10121
10200
10203
10190
10207
10213
10178
10198
10147
10188
10141
10152
10160
10147
10188
10184
10212
10163
10163
10204
10143
10143
10203
10205
10179
10195
10180
10210
10236
10234
10220
10179
10205
10168
10218
10231
10237
10253
10245
10168
10190
10186
10162
10172
10251
10178
10264
10231
10255
10235
10222
10245
10218
10207
10193
10233
10218
10233
10181
10246
10229
10237
10182
10273
10224
10204
10191
10227
10197
10288
10264
10225
10197
10221
10260
10254
10275
10224
10274
10216
9857
10290
10240
10255
10276
10287
10271
10259
10247
10255
10301
10233
10236
10298
10227
10303
10305
10276
10283
10287
10277
10234
10235
10297
10312
10315
10241
10286
10274
10321
10277
10276
10305
10314
10324
10254
10247
10291
10251
10252
10255
10328
10271
10276
10258
10264
10248
10264
10327
10336
10253
10332
10276
10306
10324
10284
10331
10346
10266
10336
10259
10302
10323
10312
10354
10315
10329
10347
10351
10325
10324
10351
10344
10294
10313
10286
10353
10337
10339
10329
10329
10299
10358
10346
10348
10369
10368
10382
10307
10326
10343
10371
10360
10366
10308
10309
10303
10381
10315
10393
10325
10332
10347
10309
10369
10353
10342
10355
10333
10371
10342
10146
10373
10406
10405
10352
10336
10373
10356
10328
10376
10371
10336
10353
10410
10420
10417
10423
10363
10414
10336
10350
10356
10359
10343
10348
10428
10429
10431
10423
10366
10418
10391
10397
10387
10392
10396
10382
10404
10433
10405
10375
10359
10373
10399
10401
10387
10446
10372
10400
10407
10428
10361
10367
10372
10377
10442
10368
10434
10450
10377
10380
10374
10464
10451
10386
10400
10459
10459
10458
10387
10389
10475
10410
10467
10397
10461
10396
10486
10461
10439
10409
10438
10434
10434
10460
10396
10444
10429
10482
10485
10417
10419
10471
10452
10439
10416
10439
10413
10439
10463
10432
10431
10487
10429
10431
10448
10432
10488
10491
10457
10464
10516
10486
10516
10515
10429
10467
10508
10475
10478
10492
10449
10491
10492
10502
10503
10470
10496
10439
10532
10486
10454
10443
10502
10488
10518
10498
10474
10474
10467
10511
10511
10476
10512
10502
10468
10486
10481
10471
10550
10482
10519
10466
10553
10469
10528
10527
10492
10489
10520
10525
10478
10536
10505
10515
10556
10504
10491
10556
10541
10154
10516
10573
10563
10533
10503
10517
10542
10539
10522
10587
10570
10589
10562
10541
10552
10541
10595
10557
10593
10548
10596
10544
10517
10574
10581
10582
10540
10521
10582
10535
10608
10546
10563
10562
10539
10542
10592
10546
10579
10575
10576
10622
10576
10569
10544
10585
10550
10563
10609
10606
10602
10621
10546
10615
10610
10611
10602
10562
10577
10551
10593
10549
10618
10604
10548
10617
10637
10563
10630
10607
10622
10552
10567
10605
10559
10645
10631
10631
10608
10623
10606
10632
10658
10631
10665
10609
10570
10612
10659
10606
10612
10588
10638
10634
10630
10672
10584
10589
10587
10677
10670
10612
10620
10584
10647
10683
10632
10683
10688
10661
10667
10674
10598
10651
10599
10666
10689
10623
10680
10600
10650
10640
10699
10607
10613
10675
10664
10674
10662
10660
10687
10673
10622
10643
10696
10628
10670
10664
10652
10663
10668
10625
10718
10676
10674
10686
10641
10687
10671
10729
10650
10636
10717
10683
10725
10686
10687
10711
10691
10713
10712
10686
10664
10644
10698
10694
10729
10691
10712
10707
10687
10671
10750
10670
10687
10701
10718
10739
10740
10674
10726
10759
10753
10747
10683
10676
10694
10685
10746
10765
10716
10751
10710
10687
10721
10758
10687
10707
10705
10707
10760
10753
10703
10712
10779
10777
10744
10701
10772
10762
10697
10791
10782
10758
10744
10774
10711
10715
10753
10773
10743
10714
10801
10782
10705
10763
10764
10718
10743
10738
10747
10745
10736
10778
10784
10765
10810
10761
10787
10811
10805
10764
10822
10755
10778
10765
10814
10774
10809
10768
10747
10772
10815
10824
10825
10782
10762
10828
10768
10770
10770
10815
10825
10752
10794
10768
10817
10823
10781
10823
10841
10791
10814
10784
10810
10760
10818
10779
10799
10800
10831
10822
10810
10803
10783
10780
10823
10846
10863
10805
10772
10775
10790
10827
10777
10846
10829
10816
10829
10831
10785
10864
10813
10828
10816
10828
10855
10834
10810
10878
10860
10798
10857
10886
10805
10863
10828
10880
10830
10886
10886
10877
10810
10815
10869
10891
10861
10862
10886
10857
10828
10906
10890
10913
10828
10865
10898
10837
10863
10907
10898
10916
10908
10849
10840
10925
10865
10841
10902
10925
10926
10916
10854
10841
10871
10881
10861
10838
10911
10938
10881
10873
10902
10881
10908
10875
10918
10898
10867
10893
10910
10868
10860
10901
10864
10921
10897
10921
10933
10934
10862
10950
10888
10955
10959
10900
10922
10888
10940
10953
10899
10879
10917
10883
10969
10956
10946
10972
10963
10969
10930
10935
10912
10908
10945
10890
10907
10948
10969
10964
10896
10899
10960
10920
10942
10959
10963
10934
10914
10935
10971
10937
10971
10976
10993
10964
10989
10959
10975
11002
10963
10977
10999
11003
10934
11003
11013
10984
11017
10941
11011
11016
10967
10928
10992
11015
11001
10975
10930
11024
11030
10974
10986
10947
10942
10985
11026
11000
10997
11012
11032
10990
11029
11022
10970
10995
10996
11006
10977
11047
11033
11015
11007
11032
11040
10973
11025
11055
11042
11018
11016
11002
10998
11037
10977
11042
11045
11056
10976
10982
11049
10974
11058
11063
11014
10988
11057
11055
10996
11051
11047
11080
10993
11016
11027
11044
11027
11082
11050
11071
11082
11062
11040
11049
11073
11068
11048
11072
11041
11068
11053
11072
11056
11084
11046
11032
11044
11056
11010
11036
11073
11098
11020
11249
11037
11027
11108
11054
11092
11025
11037
11054
11100
11107
11096
11029
11116
11028
11129
11047
11047
11116
11035
11046
11113
11038
11096
11043
11102
11102
11086
11075
11084
11104
11120
11047
11118
11126
11129
11145
11132
11133
11083
11150
11148
11106
11073
11117
11131
11149
11134
11102
11143
11093
11157
11133
11111
11114
11161
11130
11096
11133
11163
11143
11138
11152
11089
11091
11094
11109
11170
11103
11148
11159
11176
11104
11116
11173
11123
11099
11114
11132
11100
11100
11130
11190
11101
11193
11192
11165
11103
11150
11109
11140
11185
11183
11163
11191
11136
11177
11207
11185
11156
11182
11154
11118
11157
11131
11134
11145
11138
11127
10688
11203
11167
11142
11164
11183
11223
11197
11214
11152
11135
11158
11230
11167
11149
11151
11162
11218
11201
11229
11204
11238
11196
11190
11200
11170
11198
11227
11207
11175
11223
11228
11180
11229
11157
11218
11186
11199
11248
11190
11200
11193
11210
11239
11190
11228
11206
11264
11172
11236
11272
11186
11205
11234
11267
11275
11259
11200
11269
11261
11246
11197
11232
11202
11203
11266
11234
11243
11206
11255
11200
11283
11241
11219
11282
11236
11203
11201
11268
11223
11227
11260
11294
11236
11268
11271
11210
11216
11309
11257
11216
11246
11272
11247
11276
11278
11306
11289
11283
11242
11316
11304
11583
11282
11285
11263
11282
11279
11256
11253
11310
11319
11328
11321
11271
11244
11274
11328
11247
11319
11335
11270
11252
11299
11271
11258
11291
11295
11294
11263
11297
10660
11283
11289
11334
11261
11316
11319
11295
11353
11275
11344
11326
11282
11296
11359
11346
11357
11302
11342
11293
11355
11348
11349
11362
11364
11301
11358
11282
11325
11381
11378
11286
11357
11320
11330
11300
11315
11349
11369
11352
11303
11385
11346
11354
11388
11385
11350
11356
11394
11364
11392
11361
11359
11358
11371
11354
11396
11404
11323
11379
11336
11415
11401
11396
11371
11412
11372
11378
11382
11352
11383
11419
11345
11373
11421
11370
11413
11403
11335
11370
11336
11379
11430
11363
11348
11376
11438
11401
11395
11419
11430
11390
11425
11360
11425
11428
11446
11407
11425
11366
11374
11355
11433
11368
11377
11449
11447
11420
11364
11377
11382
11463
11431
11376
11411
11390
11427
11421
11443
11433
11403
11474
11376
11407
11424
11466
11405
11415
11412
11412
11468
11471
11395
11440
11463
11432
11432
11449
11397
11479
11475
11464
11424
11414
11456
11476
11495
11497
11402
11411
11480
11432
11415
11466
11426
11503
11465
11502
11447
11433
11447
11470
11482
11469
11491
11476
11480
11466
11447
11443
11430
11434
11513
11468
11504
11501
11435
11439
11482
11511
11437
11467
11498
11531
11506
11511
11489
11516
11534
11451
11495
11491
11510
11502
11542
11468
11498
11460
11503
11540
11539
11543
11542
11536
11507
11460
11482
11475
11509
11500
11529
11537
11539
11564
11524
11594
11514
11557
11536
11540
11519
11493
11511
11576
11493
11482
11523
11578
11551
11531
11579
11547
11527
11508
11542
11530
11562
11509
11520
11580
11550
11554
11540
11531
11518
11515
11509
11589
11521
11529
11571
11524
11552
11508
11604
11530
11537
11546
11604
11561
11522
11598
11583
11526
11531
11574
11549
11580
11547
11591
11541
11623
11578
11558
11590
11625
11550
11621
11593
11598
11569
11595
11634
11554
11591
11587
11601
11602
11552
11584
11626
11631
11600
11630
11634
11599
11616
11617
11601
11622
11575
11605
11606
11645
11609
11569
11632
11647
11655
11596
11612
11566
11599
11659
11648
11616
11667
11652
11608
11586
11594
11646
11588
11650
11578
11656
11628
11641
11655
11616
11678
11638
11604
11591
11669
11686
11653
11653
11660
11633
11612
11597
11671
11604
11658
11644
11666
11632
11636
11646
11609
11637
11675
11607
11694
11661
11657
11657
11639
11671
11713
11686
11683
11699
11640
11713
11654
11710
11666
11660
11646
11631
11671
11719
11672
11677
11699
11689
11663
11682
11694
11666
11653
11713
11322
11678
11654
11699
11713
11714
11695
11727
11714
11712
11726
11718
11729
11702
11664
11659
11702
11730
11747
11739
11689
11741
11728
11717
11680
11699
11758
11724
11760
11746
11739
11703
11728
11689
11768
11678
11718
11727
11735
11735
11773
11686
11703
11706
11740
11726
11758
11730
11699
11744
11765
11781
11777
11762
11779
11695
11725
11778
11746
11702
11710
11721
11774
11766
11797
11703
11803
11729
11789
11806
11723
11766
11768
11723
11721
11771
11729
11815
11764
11752
11722
11765
11787
11759
11754
11790
11727
11789
11779
11739
11794
11775
11803
11821
11822
11823
11737
11766
11761
11757
11808
11803
11752
11774
11817
11783
11805
11844
11833
11792
11845
11789
11815
11841
11765
11848
11851
11766
11808
11797
11810
11765
11766
11777
11841
11784
11795
11805
11778
11772
11834
11841
11806
11852
11815
11843
11865
11840
11784
11876
11846
11803
11835
11831
11789
11818
11791
11838
11884
11873
11868
11860
11835
11841
11886
11882
11799
11816
11803
11384
11822
11864
11879
11833
11803
11882
11822
11873
11898
11836
11824
11848
11894
11839
11897
11888
11895
11902
11821
11885
11848
11885
11869
11884
11919
11851
11891
11852
11878
11878
11849
11922
11838
11901
11895
11856
11858
11929
11878
11874
11897
11876
11932
11920
11857
11917
11899
11924
11894
11908
11898
11877
11943
11865
11939
11918
11912
11919
11943
11884
11957
11866
11944
11902
11904
11962
11951
11905
11898
11906
11916
11904
11905
11938
11963
11944
11894
11921
11953
11941
11878
11942
11918
11961
11908
11935
11961
11977
11901
11908
11945
11893
11908
11910
11917
11937
11933
11949
11970
11906
11979
11996
11993
11950
11968
11986
11988
11936
11594
11959
11938
11954
11972
11322
11970
11978
11916
11998
11920
11954
11985
12018
11993
11934
11930
11926
11997
11998
11975
11931
11992
11977
11961
11941
11973
11992
12017
11998
11971
11999
12035
11970
12035
12023
11943
11991
11985
11956
11950
11997
11982
11992
11962
12004
12039
11997
11998
11983
12032
12020
12024
11966
11966
12030
12053
12011
12057
11984
12001
11981
11990
12021
12066
12006
12037
11991
12013
11975
12044
12004
12007
12043
12066
12063
12014
12031
11997
12036
12051
12043
12059
11993
12074
12005
11994
12048
12022
12011
12015
12020
12096
12014
12001
12095
12016
11769
12071
12075
12081
12012
12016
12054
12062
12052
12100
12095
12068
12047
12072
12088
12077
12028
12073
11704
12099
12090
12056
12086
12056
12105
12046
12075
12051
12084
12110
12041
12036
12111
12117
12094
12067
12102
12111
12046
12057
12118
12083
12114
12046
12078
12069
12067
12061
12051
12091
12079
12152
12089
12145
12077
12086
12066
12063
12151
12123
12154
12071
12073
12084
12124
12168
12076
12089
12142
12121
12112
12079
12110
12160
12095
12124
12133
12173
12169
12131
12113
12085
12184
12178
12148
12137
12143
12189
12096
12191
12141
12133
12183
12133
12154
12144
12190
12113
12183
12108
12125
12173
12115
12150
12152
12202
12176
12190
12158
12153
12168
12209
12139
12135
12142
12165
12144
12209
12191
12153
12179
12132
12153
12138
12190
12194
12150
12197
12215
12146
12164
12143
12210
12154
12203
12187
12182
12197
12236
12181
12204
12236
12223
12210
12229
12227
12181
12243
12243
12249
12239
12208
12182
12244
12234
12176
12238
12218
12212
12171
12237
12239
12167
12233
12176
12242
12253
12222
12177
12231
12205
12259
12251
12191
12265
12226
12218
12270
12238
12242
12271
12240
12205
12228
12279
12286
12231
12238
12274
12201
12209
12239
12212
12290
12273
12296
12219
12269
12301
12226
12292
12253
12267
12295
12291
12239
12255
12294
12276
12251
12213
12295
12307
12260
12217
12274
12316
12234
12311
12232
12300
12239
12302
12248
12250
12256
12327
12262
12276
12300
12331
12254
12289
12266
12336
12240
12310
12324
12247
12283
12330
12288
12267
12285
12296
12261
12250
12260
12278
12321
12289
12281
12297
12330
12348
12290
12352
12324
12292
12344
12340
12303
12349
12315
12356
12313
12282
12340
12328
12327
12362
12289
12078
12304
12347
12337
12302
12309
12381
12334
12297
12382
12380
12291
12291
12324
12312
12388
12354
12308
12366
12353
12391
12381
12318
12359
12393
12377
12369
12324
12381
12366
12361
12310
12355
12352
12310
12334
12386
12359
12316
12360
12358
12360
11890
12406
12341
12343
12347
12363
12390
12354
12385
12356
12406
12428
12385
12361
12377
12432
12360
12423
12365
12409
12405
12423
12415
12432
12370
12361
12404
12378
12393
12414
12349
12444
12394
12366
12405
12371
12426
12411
12447
12369
12390
12367
12421
12445
12398
12453
12456
12457
12375
12373
12450
12384
12375
12381
12423
12460
12468
12381
12463
12467
12396
12425
12457
12415
12400
12458
12433
12472
12408
12425
12428
12441
12422
12450
12413
12415
12472
12441
12406
12389
12492
12426
12424
12464
12449
12423
12405
12445
12413
12471
12445
12476
12472
12471
12411
12448
12492
12491
12511
12439
12425
12430
12519
12507
12457
12493
12478
12481
12429
12450
12428
12477
12434
12474
12526
12485
12451
12508
12576
12454
12508
12507
12502
12503
12529
12467
12527
12525
12510
12154
12524
12486
12505
12541
12456
12521
12513
12541
12494
12541
12553
12522
12549
12496
12504
12508
12526
12536
12558
12545
12503
12504
12484
12489
12487
12524
12489
12475
12558
12538
12489
12557
12576
12489
12556
12554
12527
12511
12545
12561
12492
12557
12574
12534
12518
12592
12502
12506
12580
12560
12569
12502
12591
12573
12599
12574
12534
12520
12543
12576
12535
12827
12530
12519
12560
12575
12569
12576
12596
12550
12555
12548
12562
12596
12564
12602
12616
12618
12534
12589
12569
12552
12577
12606
12630
12536
12605
12607
12547
12596
12869
12544
12565
12552
12609
12551
12591
12585
12589
12640
12565
12597
12603
12578
12641
12579
12578
12628
12596
12637
12630
12602
12561
12652
12645
12620
12635
12642
12587
12636
12606
12606
12585
12613
12572
12642
12660
12662
12672
12631
12672
12676
12650
12675
12651
12595
12630
12613
12641
12593
12654
12630
12607
12658
12623
12596
12609
12639
12640
12665
12644
12680
12621
