183
174
123
110
108
136
153
114
200
116
198
118
158
137
124
214
146
199
156
130
149
132
184
221
198
164
190
164
200
134
218
196
161
151
200
162
159
225
148
145
193
220
230
179
182
179
159
202
167
237
218
160
230
245
211
232
221
201
183
205
242
206
257
235
173
231
193
208
212
251
181
245
213
208
183
214
238
221
236
230
237
272
213
236
251
205
229
280
205
201
241
258
236
279
277
268
198
264
244
292
279
213
241
245
244
290
234
214
222
218
282
269
253
307
242
245
231
236
232
291
287
299
237
228
304
285
227
301
261
301
323
279
281
323
294
286
275
247
271
276
279
260
258
306
301
313
340
313
279
331
348
259
276
333
346
292
282
284
331
305
264
317
296
354
344
320
349
274
365
318
296
319
278
275
352
363
331
289
293
285
343
350
363
379
373
312
373
307
365
376
310
371
366
323
341
322
332
388
333
375
343
377
343
395
365
324
347
332
341
407
345
395
349
381
315
377
410
408
340
408
338
389
334
350
363
375
379
407
339
409
419
331
398
388
432
357
405
397
359
358
415
435
397
344
354
400
411
395
418
374
436
370
382
402
432
393
446
389
361
387
445
435
405
450
413
397
434
402
466
387
380
424
420
460
433
449
465
436
394
416
421
424
446
392
440
459
429
426
467
435
425
396
473
461
482
457
481
457
470
450
476
414
489
434
465
441
469
501
506
459
465
418
439
463
506
426
454
437
491
476
457
477
431
478
438
516
513
477
501
499
491
464
473
502
492
530
457
476
443
496
470
483
458
528
514
477
545
490
529
546
470
470
504
464
554
485
520
470
489
543
529
489
526
522
476
513
471
525
516
562
523
545
539
531
480
539
516
555
513
512
529
568
535
493
551
545
495
494
491
525
583
590
528
505
503
499
521
538
549
575
595
565
570
528
527
524
590
554
534
565
588
530
547
537
553
517
526
596
558
537
560
535
528
556
618
581
552
561
613
599
569
591
594
550
555
562
554
626
615
632
545
584
552
543
626
574
579
588
583
616
623
606
644
641
642
637
632
601
637
609
655
603
594
580
633
575
576
644
593
649
576
611
635
655
595
665
589
587
667
606
608
677
616
663
609
656
632
666
615
614
616
606
632
691
656
675
600
604
677
658
620
669
645
657
647
691
685
687
670
652
707
690
675
635
682
687
618
638
682
716
689
636
671
689
647
700
711
675
640
700
686
631
731
705
675
675
649
679
707
700
673
649
708
696
673
703
701
695
664
708
672
716
744
672
667
665
713
745
719
704
728
748
738
760
671
680
738
727
765
765
751
752
727
725
747
694
768
719
683
767
774
714
688
782
769
717
779
705
776
777
784
788
694
770
742
764
788
716
733
751
760
715
762
706
760
727
770
748
779
789
767
780
762
779
736
807
774
816
753
792
727
752
794
774
776
781
802
734
797
794
748
788
830
815
764
819
759
761
786
754
831
803
750
836
843
788
802
787
838
765
850
761
842
845
796
760
780
764
793
855
768
804
770
773
854
775
863
780
776
777
817
805
839
839
794
832
798
783
849
876
861
791
822
817
784
785
831
872
848
824
845
811
857
875
891
857
863
896
801
805
866
869
859
898
838
872
890
854
818
835
892
868
817
875
879
842
874
885
823
871
832
852
823
847
892
861
830
828
928
924
887
911
833
879
881
905
868
840
864
900
906
875
939
860
942
933
879
888
903
863
866
914
948
908
939
930
941
899
865
916
955
901
897
918
947
934
961
937
968
951
910
871
931
960
890
888
970
891
905
929
934
933
947
919
897
907
931
924
889
922
902
901
965
976
943
965
975
916
911
901
906
942
927
906
943
949
978
952
932
949
978
1000
990
927
965
958
1013
919
945
989
996
972
929
967
960
1023
930
986
1010
1015
990
978
1021
984
939
939
958
955
939
968
970
987
997
990
1001
963
1009
959
985
994
995
996
1028
1032
1040
999
1041
993
975
965
1024
1036
969
977
1016
1040
1033
1017
1050
987
1058
1067
1053
1016
1046
998
1053
1057
1021
1060
1050
1000
1026
1006
1080
1028
1058
1050
1058
1054
1049
999
1025
1062
1052
1046
1037
1010
1052
1081
1082
1084
1078
1063
1020
1063
1044
1036
1074
1029
1046
1030
1013
1094
1110
1096
1089
1034
1033
1026
1065
1028
1032
1025
1077
1102
1060
1125
1085
1091
1123
1040
1059
1130
1071
1099
1085
1065
1080
1101
1120
1046
1066
1056
1077
1132
1118
1105
1144
1097
1094
1147
1125
1061
1092
1133
1103
1099
1148
1081
1098
1081
1127
1107
1113
1085
1160
1104
1074
1084
1102
1106
1094
1076
1151
1089
1146
1122
1101
1095
1141
1123
1112
1130
1139
1131
1169
1154
1100
1115
1111
1139
1180
1129
1158
1105
1106
1132
1132
1151
1138
1119
1114
1199
1150
1107
1162
1109
1148
1112
1205
1136
1145
1188
1127
1161
1181
1174
1124
1151
1165
1149
1189
1177
1172
1135
1133
1160
1147
1163
1162
1203
1178
1171
1150
1210
1202
1222
1198
1143
1207
1176
1215
1225
1217
1219
1230
1204
1153
1216
1246
1210
1249
1174
1175
1165
1237
1162
1175
1188
1167
1184
1171
1236
1183
1177
1168
1231
1202
1242
1268
1205
1249
1232
1274
1204
1220
1275
1191
1247
1207
1267
1265
1230
1245
1195
1226
1190
1280
1280
1248
1289
1261
1221
1285
1266
1220
1241
1256
1200
1225
1208
1260
1214
1273
1280
1281
1243
1284
1255
1297
1278
1265
1298
1245
1310
1278
1224
1250
1238
1295
1259
1315
1234
1226
1310
1261
1295
1298
1328
1308
1261
1275
1279
1310
1274
1292
1270
1245
1333
1264
1311
1321
1264
1299
1256
1270
1255
1283
1316
1300
1288
1269
1270
1350
1338
1323
1352
1357
1267
1329
1297
1280
1326
1340
1289
1327
1343
1294
1327
1341
1308
1278
1275
1297
1334
1366
1298
1289
1290
1294
1316
1306
1369
1313
1324
1291
1343
1312
1321
1341
1341
1370
1374
1321
1308
1330
1351
1308
1334
1373
1345
1361
1327
1340
1402
1334
1355
1374
1384
1351
1339
1389
1341
1389
1352
1385
1378
1330
1342
1411
1370
1395
1386
1381
1327
1408
1344
1424
1428
1414
1345
1357
1428
1357
1426
1339
1416
1419
1418
1402
1410
1423
1388
1375
1403
1398
1421
1393
1436
1372
1401
1363
1422
1354
1452
1426
1413
1372
1414
1434
1369
1420
1452
1435
1406
1415
1436
1421
1434
1403
1464
1373
1404
1376
1389
1393
1396
1413
1410
1429
1385
1393
1471
1465
1473
1449
1444
1435
1429
1439
1392
1440
1412
1418
1439
1412
1468
1496
1486
1453
1446
1460
1462
1495
1470
1505
1468
1473
1464
1432
1444
1448
1428
1431
1426
1470
1515
1471
1420
1427
1502
1470
1518
1522
1443
1431
1482
1497
1520
1488
1456
1513
1435
1455
1495
1461
1497
1514
1516
1472
1512
1478
1485
1527
1532
1504
1537
1450
1544
1486
1531
1509
1466
1539
1495
1470
1476
1493
1545
1497
1474
1510
1463
1561
1472
1519
1518
1469
1568
1527
1560
1488
1475
1505
1494
1524
1524
1492
1521
1514
1482
1517
1502
1508
1540
1564
1533
1582
1546
1534
1575
1563
1526
1530
1532
1514
1521
1511
1517
1512
1549
1546
1517
1523
1566
1513
1515
1594
1524
1593
1582
1575
1610
1599
1555
1595
1554
1530
1536
1567
1583
1557
1545
1608
1564
1561
1575
1605
1585
1551
1629
1572
1573
1573
1623
1589
1557
1628
1578
1632
1640
1553
1547
1583
1599
1615
1619
1603
1609
1636
1629
1587
1581
1642
1563
1558
1601
1578
1596
1652
1630
1600
1619
1617
1662
1595
1643
1590
1608
1612
1641
1623
1612
1652
1649
1581
1616
1663
1653
1668
1613
1593
1622
1669
1599
1596
1669
1680
1661
1647
1625
1652
1622
1629
1663
1668
1617
1650
1694
1608
1632
1672
1697
1656
1614
1658
1674
1635
1693
1617
1649
1671
1677
1706
1640
1645
1671
1654
1680
1638
1696
1691
1649
1699
1650
1644
1643
1689
1723
1729
1719
1657
1721
1647
1701
1735
1637
1714
1689
1662
1670
1724
1695
1648
1704
1740
1725
1663
1748
1703
1749
1724
1655
1732
1678
1676
1661
1671
1674
1754
1682
1751
1689
1735
1691
1750
1718
1724
1711
1721
1695
1672
1718
1680
1689
1716
1761
1719
1767
1777
1778
1687
1779
1709
1695
1754
1774
1714
1744
1779
1725
1774
1718
1705
1774
1790
1731
1782
1793
1783
1756
1724
1788
1734
1764
1797
1796
1721
1741
1745
1746
1737
1713
1716
1747
1749
1814
1752
1746
1801
1800
1735
1744
1741
1810
1766
1780
1767
1772
1812
1775
1747
1798
1741
1740
1740
1798
1789
1762
1779
1789
1784
1812
1753
1746
1805
1758
1764
1775
1837
1796
1823
1799
1823
1812
1844
1814
1766
1798
1850
1782
1762
1819
1810
1768
1779
1829
1782
1774
1836
1788
1869
1823
1802
1818
1789
1788
1789
1838
1793
1805
1839
1873
1881
1809
1871
1807
1864
1857
1798
1884
1886
1809
1879
1828
1837
1806
1849
1823
1808
1866
1814
1896
1877
1869
1809
1888
1836
1816
1825
1909
1873
1879
1859
1848
1837
1854
1847
1836
1854
1912
1859
1868
1909
1882
1876
1909
1870
1917
1843
1852
1890
1881
1904
1907
1888
1858
1929
1880
1893
1878
1883
1926
1932
1899
1855
1907
1909
1922
1895
1905
1933
1933
1952
1887
1864
1924
1920
1874
1888
1934
1878
1927
1930
1921
1954
1906
1884
1894
1904
1884
1907
1886
1921
1940
1892
1947
1977
1965
1910
1948
1884
1957
1892
1968
1959
1949
1911
1961
1974
1979
1951
1949
1908
1957
1958
1945
1907
1969
1991
1904
1964
1982
1960
1997
1980
2004
1948
1973
2005
1984
1927
1919
2011
1983
1936
1986
1930
2000
2000
1963
1960
1946
1983
1996
1960
1958
1965
1969
2015
2002
1994
1976
2014
1991
2015
2033
1949
2022
1946
1974
1983
1998
1984
1960
1962
1955
2044
2013
2024
1971
1972
2024
2025
1983
2041
2012
2036
2029
2035
2059
2022
2041
1977
2029
2028
2017
2048
2047
2034
1971
2006
2065
2033
2055
1982
1987
2065
2020
2079
2065
2050
2069
2068
2030
2022
2077
2016
2000
2088
2068
2082
2084
2060
2043
2042
2039
2074
2028
2050
2032
2006
2034
2047
2095
2049
2027
2042
2038
2091
2091
2059
2084
2095
2086
2068
2064
2049
2070
2052
2086
2121
2034
2098
2083
2107
2101
2032
2108
2031
2032
2091
2072
2067
2101
2106
2132
2057
2042
2094
2115
2071
2118
2080
2069
2084
2143
2143
2149
2113
2149
2058
2053
2126
2074
2064
2139
2062
2080
2144
2149
2114
2087
2145
2084
2075
2147
2141
2109
2094
2084
2133
2109
2155
2086
2098
2141
2145
2162
2171
2085
2085
2105
2088
2094
2138
2140
2164
2166
2154
2129
2137
2093
2123
2123
2147
2180
2118
2164
2113
2147
2149
2111
2154
2133
2165
2117
2196
2139
2179
2147
2168
2121
2152
2170
2179
2214
2175
2169
2192
2192
2178
2157
2141
2179
2213
2180
2204
2227
2166
2172
2152
2140
2164
2142
2172
2165
2203
2216
2146
2212
2215
2201
2171
2177
2150
2171
2233
2158
2237
2176
2236
2232
2202
2198
2177
2240
2171
2205
2205
2259
2245
2209
2242
2218
2189
2196
2203
2204
2171
2201
2191
2254
2223
2214
2187
2185
2278
2257
2213
2234
2238
2246
2231
2219
2212
2221
2281
2268
2200
2245
2223
2224
2283
2209
2259
2262
2229
2237
2278
2231
2295
2296
2236
2228
2232
2232
2260
2307
2278
2247
2288
2222
2306
2229
2301
2272
2279
2253
2224
2249
2290
2262
2320
2270
2271
2243
2310
2246
2299
2274
2234
2306
2256
2291
2314
2305
2312
2271
2276
2285
2264
2262
2265
2308
2253
2286
2253
2299
2342
2341
2267
2283
2345
2311
2261
2278
2307
2324
2292
2334
2347
2324
2327
2319
2336
2350
2291
2285
2281
2329
2329
2363
2338
2368
2295
2287
2367
2324
2339
2375
2329
2334
2328
2343
2302
2382
2289
2307
2310
2371
2356
2387
2363
2321
2300
2382
2344
2359
2322
2332
2339
2336
2384
2391
2320
2323
2323
2360
2380
2372
2394
2361
2344
2377
2399
2381
2359
2364
2339
2361
2409
2343
2325
2397
2335
2389
2390
2377
2334
2421
2416
2391
2383
2377
2409
2349
2377
2351
2357
2365
2351
2412
2424
2411
2435
2372
2381
2358
2379
2443
2400
2450
2376
2373
2382
2387
2374
2402
2414
2369
2409
2380
2461
2444
2383
2434
2430
2384
2417
2411
2413
2455
2383
2461
2429
2409
2410
2456
2381
2385
2394
2480
2415
2398
2461
2433
2434
2446
2457
2442
2395
2445
2405
2416
2414
2485
2423
2439
2461
2426
2497
2492
2407
2407
2478
2419
2497
2416
2510
2426
2440
2414
2453
2456
2512
2512
2419
2496
2517
2493
2448
2484
2495
2465
2435
2451
2466
2431
2456
2478
2510
2476
2533
2452
2489
2508
2448
2531
2482
2470
2538
2532
2492
2468
2485
2525
2472
2540
2526
2452
2477
2478
2532
2502
2546
2503
2521
2554
2478
2548
2475
2527
2498
2555
2536
2509
2534
2503
2471
2503
2496
2534
2511
2553
2491
2532
2528
2522
2572
2543
2573
2498
2518
2487
2555
2540
2582
2542
2575
2495
2506
2518
2504
2545
2568
2505
2537
2552
2550
2544
2503
2582
2552
2562
2566
2517
2589
2550
2610
2597
2576
2592
2602
2537
2570
2540
2607
2595
2535
2585
2581
2599
2549
2577
2621
2613
2540
2609
2533
2577
2599
2613
2562
2594
2585
2635
2573
2549
2598
2544
2616
2623
2584
2634
2588
2605
2589
2576
2597
2612
2598
2607
2585
2653
2601
2560
2572
2604
2591
2625
2608
2593
2625
2567
2636
2570
2618
2631
2600
2636
2603
2645
2635
2658
2642
2583
2614
2579
2594
2582
2677
2618
2609
2658
2616
2638
2687
2681
2678
2644
2663
2677
2608
2621
2639
2684
2663
2631
2694
2615
2684
2607
2678
2650
2695
2694
2609
2612
2703
2669
2621
2670
2659
2683
2634
2694
2630
2672
2691
2705
2650
2639
2645
2655
2720
2713
2678
2687
2705
2642
2685
2695
2685
2709
2685
2724
2649
2723
2712
2675
2675
2731
2647
2700
2666
2672
2667
2720
2678
2743
2686
2654
2725
2705
2662
2657
2700
2745
2705
2662
2753
2762
2675
2682
2742
2676
2710
2753
2749
2717
2752
2689
2688
2694
2689
2680
2688
2700
2755
2726
2719
2757
2750
2701
2732
2702
2697
2693
2709
2773
2757
2708
2771
2775
2789
2715
2761
2754
2719
2716
2704
2717
2798
2753
2725
2741
2750
2727
2743
2740
2802
2754
2768
2775
2805
2815
2720
2766
2811
2803
2801
2771
2806
2760
2745
2822
2820
2786
2808
2797
2763
2807
2791
2800
2818
2826
2814
2765
2776
2832
2751
2819
2843
2788
2837
2768
2837
2848
2765
2845
2825
2763
2793
2836
2779
2833
2819
2832
2855
2768
2764
2831
2793
2853
2774
2830
2845
2802
2836
2845
2789
2839
2813
2847
2785
2837
2835
2835
2878
2834
2882
2860
2787
2811
2798
2810
2820
2797
2876
2889
2835
2824
2812
2889
2810
2814
2817
2888
2870
2829
2827
2841
2825
2867
2807
2872
2865
2901
2910
2846
2874
2887
2817
2913
2880
2883
2853
2867
2868
2911
2896
2824
2882
2921
2880
2850
2905
2839
2874
2904
2909
2848
2863
2840
2894
2897
2891
2887
2911
2926
2928
2879
2854
2877
2934
2945
2872
2906
2911
2891
2905
2949
2855
2857
2912
2873
2875
2947
2860
2955
2870
2881
2899
2917
2921
2917
2929
2872
2970
2897
2946
2962
2971
2933
2898
2962
2925
2914
2890
2949
2903
2981
2943
2957
2984
2927
2902
2896
2986
2971
2917
2905
2971
2994
2968
2980
2936
2980
2983
2950
2996
2987
2978
2965
2959
2990
2959
3003
2927
2966
2988
2986
2965
2952
2980
2967
2943
3018
3010
2945
2923
2982
2940
3000
3024
2991
2933
2973
2989
2996
3026
2934
2989
3010
2975
2955
2988
3021
2961
2952
3003
3005
2999
2946
2954
3032
3023
2977
2968
2964
3012
3001
2982
2994
3045
2960
3029
3053
3049
2968
2994
2994
3061
2993
3014
2989
3050
3069
2991
3015
3067
2989
3027
3075
2988
3066
3054
3003
2984
3042
3001
3074
3063
2991
2991
3021
3038
3020
2995
3048
3004
2996
3028
3088
3018
3079
3078
3017
3067
3099
3090
3101
3087
3099
3047
3093
3095
3090
3023
3038
3023
3052
3044
3099
3114
3049
3069
3094
3079
3046
3111
3119
3035
3041
3068
3039
3124
3066
3120
3081
3109
3130
3116
3100
3061
3056
3088
3127
3094
3096
3092
3067
3095
3106
3136
3128
3142
3120
3087
3121
3119
3120
3139
3079
3090
3096
3131
3088
3148
3117
3089
3067
3078
3142
3126
3120
3103
3072
3127
3160
3123
3170
3153
3153
3076
3133
3118
3126
3132
3127
3095
3091
3171
3179
3098
3110
3171
3151
3171
3186
3182
3193
3140
3142
3175
3197
3175
3187
3141
3147
3163
3152
3136
3146
3133
3163
3180
3180
3114
3196
3115
3150
3162
3167
3157
3131
3214
3184
3176
3178
3139
3195
3173
3161
3220
3180
3224
3138
3190
3144
3196
3152
3148
3167
3188
3164
3186
3198
3150
3229
3216
3241
3208
3201
3147
3244
3244
3239
3222
3205
3249
3229
3253
3210
3184
3246
3168
3168
3238
3194
3220
3186
3218
3230
3187
3186
3178
3180
3197
3174
3250
3256
3268
3210
3192
3212
3222
3207
3203
3272
3209
3227
3252
3200
3258
3239
3195
3261
3263
3268
3289
3290
3281
3287
3260
3244
3212
3293
3225
3277
3281
3272
3269
3238
3248
3268
3248
3219
3211
3273
3246
3303
3290
3311
3252
3238
3266
3252
3269
3293
3281
3306
3272
3232
3267
3246
3305
3247
3309
3296
3324
3244
3265
3325
3285
3317
3252
3299
3337
3290
3313
3338
3251
3299
3303
3252
3265
3322
3267
3260
3332
3332
3334
3276
3314
3338
3301
3290
3309
3353
3307
3342
3283
3290
3270
3360
3317
3353
3342
3292
3311
3320
3351
3324
3374
3350
3360
3371
3331
3287
3326
3346
3366
3383
3329
3303
3351
3317
3383
3317
3380
3323
3313
3324
3347
3369
3361
3365
3389
3397
3319
3370
3323
3309
3351
3377
3328
3336
3361
3395
3408
3321
3378
3317
3411
3395
3326
3368
3325
3374
3421
3367
3330
3389
3357
3425
3361
3378
3350
3405
3408
3419
3399
3423
3398
3366
3417
3430
3427
3423
3371
3367
3435
3361
3413
3440
3400
3368
3429
3439
3402
3379
3450
3388
3413
3365
3366
3379
3373
3427
3383
3417
3375
3440
3461
3421
3460
3460
3384
3437
3447
3377
3430
3463
3437
3431
3404
3460
3396
3424
3462
3433
3436
3439
3464
3481
3438
3466
3422
3430
3460
3453
3432
3437
3428
3425
3439
3451
3498
3477
3408
3496
3487
3479
3470
3496
3417
3419
3440
3486
3438
3451
3476
3445
3439
3431
3459
3503
3440
3519
3448
3468
3489
3435
3464
3453
3494
3475
3501
3465
3490
3471
3442
3444
3501
3484
3537
3523
3537
3535
3487
3489
3502
3458
3537
3537
3531
3487
3507
3525
3486
3497
3554
3546
3535
3471
3553
3471
3464
3550
3517
3558
3521
3551
3476
3552
3548
3548
3490
3487
3500
3548
3529
3498
3553
3490
3503
3497
3490
3547
3575
3510
3510
3517
3525
3565
3548
3513
3582
3567
3534
3580
3578
3579
3592
3578
3506
3527
3599
3594
3576
3551
3568
3600
3548
3585
3512
3515
3532
3557
3608
3580
3546
3526
3564
3545
3606
3555
3579
3590
3583
3548
3597
3530
3571
3623
3608
3570
3552
3569
3552
3550
3628
3610
3629
3620
3606
3612
3635
3567
3543
3596
3627
3631
3628
3601
3607
3645
3568
3647
3627
3585
3627
3623
3594
3637
3654
3604
3645
3625
3615
3588
3622
3598
3650
3652
3591
3650
3634
3587
3652
3583
3582
3593
3581
3674
3663
3658
3646
3645
3598
3606
3626
3659
3683
3592
3638
3639
3603
3651
3686
3640
3600
3631
3678
3639
3620
3608
3671
3656
3621
3635
3609
3651
3686
3614
3704
3657
3633
3680
3678
3684
3631
3706
3658
3684
3657
3622
3667
3691
3700
3665
3649
3659
3691
3669
3692
3635
3690
3671
3693
3709
3684
3646
3680
3664
3664
3668
3724
3646
3721
3684
3735
3664
3683
3694
3741
3677
3683
3738
3731
3710
3712
3702
3670
3734
3723
3686
3681
3691
3732
3700
3733
3743
3733
3690
3730
3723
3729
3684
3710
3691
3770
3689
3716
3748
3752
3774
3734
3762
3685
3698
3695
3747
3769
3759
3741
3740
3709
3768
3771
3757
3794
3729
3779
3767
3770
3797
3751
3762
3706
3771
3728
3714
3712
3764
3740
3763
3736
3730
3758
3762
3786
3751
3740
3778
3760
3807
3817
3807
3799
3731
3735
3756
3768
3741
3757
3817
3801
3761
3743
3735
3831
3831
3794
3765
3823
3788
3799
3812
3809
3766
3748
3845
3846
3805
3830
3848
3845
3828
3785
3822
3758
3766
3780
3833
3833
3855
3781
3763
3859
3806
3827
3805
3771
3851
3780
3857
3837
3833
3811
3827
3867
3843
3856
3829
3841
3867
3817
3830
3871
3865
3793
3793
3813
3824
3866
3870
3832
3810
3891
3861
3795
3803
3803
3870
3884
3818
3811
3897
3884
3807
3872
3861
3823
3840
3853
3868
3903
3900
3867
3839
3839
3911
3822
3835
3837
3916
3867
3884
3826
3922
3885
3905
3894
3868
3911
3846
3877
3872
3866
3904
3896
3848
3892
3920
3886
3890
3924
3905
3854
3898
3856
3943
3926
3873
3901
3906
3856
3943
3883
3935
3886
3892
3862
3860
3870
3890
3864
3938
3942
3875
3868
3937
3943
3946
3925
3953
3947
3879
3964
3910
3966
3899
3974
3936
3891
3949
3958
3944
3921
3953
3888
3956
3947
3890
3974
3933
3948
3921
3909
3985
3912
3970
3934
3996
3907
3997
3991
3920
3936
3943
3948
3936
3955
3929
3972
3998
3953
4008
3938
3943
3994
3981
3942
3936
3947
4003
3945
3975
4017
3929
3983
4017
3988
4021
3942
3969
3984
4028
4009
4003
3974
3935
4012
3956
4002
4011
4022
3954
3968
3964
4008
4017
3999
4017
4032
3958
3976
4024
3982
4018
3968
3959
3958
4001
4046
3963
4009
3984
3976
4029
4001
4055
4033
4052
4049
3971
4065
3975
3999
3992
4040
3999
4036
4017
4016
4011
3996
4065
4069
4041
4083
4007
4012
3995
4055
4000
4007
4052
4006
4006
4011
4037
4041
4030
4038
4067
4064
4039
4080
4075
4058
4037
4031
4021
4088
4014
4093
4046
4020
4079
4090
4067
4077
4038
4075
4115
4105
4067
4067
4040
4105
4124
4119
4126
4076
4031
4100
4040
4039
4124
4130
4070
4059
4066
4131
4057
4058
4120
4078
4118
4132
4126
4049
4135
4116
4077
4091
4093
4133
4054
4076
4119
4062
4128
4106
4150
4109
4122
4110
4137
4153
4141
4120
4095
4142
4147
4126
4150
4139
4158
4114
4084
4122
4171
4121
4156
4100
4114
4131
4111
4140
4100
4154
4103
4150
4155
4175
4162
4102
4139
4142
4176
4186
4158
4112
4164
4151
4192
4128
4181
4152
4107
4131
4168
4153
4166
4111
4203
4193
4161
4193
4214
4206
4153
4157
4135
4144
4203
4133
4175
4128
4160
4145
4185
4197
4155
4157
4221
4186
4219
4186
4160
4199
4164
4202
4163
4234
4188
4207
4180
4194
4221
4148
4235
4230
4175
4201
4193
4252
4182
4161
4156
4171
4246
4227
4177
4238
4208
4210
4238
4195
4203
4223
4240
4267
4262
4247
4209
4182
4220
4234
4237
4251
4274
4274
4235
4239
4212
4273
4188
4263
4224
4233
4263
4220
4267
4215
4280
4276
4273
4290
4254
4247
4264
4269
4231
4262
4221
4235
4206
4222
4240
4223
4207
4296
4236
4230
4264
4254
4246
4276
4248
4300
4238
4279
4246
4231
4258
4280
4252
4272
4229
4313
4270
4246
4307
4262
4291
4247
4279
4281
4249
4324
4275
4285
4335
4281
4256
4327
4309
4292
4273
4260
4328
4313
4332
4275
4346
4340
4336
4334
4297
4278
4319
4332
4317
4354
4327
4309
4285
4346
4311
4283
4302
4271
4307
4350
4291
4307
4286
4344
4319
4276
4279
4349
4327
4289
4283
4368
4288
4366
4311
4372
4315
4301
4316
4315
4295
4294
4375
4374
4383
4373
4321
4339
4388
4323
4313
4353
4356
4364
4357
4361
4387
4313
4368
4337
4380
4346
4334
4382
4394
4382
4327
4338
4363
4406
4398
4342
4402
4407
4390
4401
4416
4394
4353
4335
4405
4376
4338
4350
4386
4367
4394
4428
4385
4408
4373
4391
4431
4393
4380
4404
4354
4374
4419
4427
4447
4371
4407
4360
4395
4394
4389
4390
4364
4458
4362
4407
4432
4429
4437
4396
4397
4425
4459
4470
4431
4448
4471
4459
4438
4433
4395
4448
4404
4445
4441
4456
4463
4477
4400
4415
4476
4409
4411
4427
4430
4403
4397
4426
4441
4449
4470
4495
4410
4464
4472
4440
4463
4440
4449
4437
4412
4460
4470
4437
4434
4463
4425
4419
4459
4437
4422
4482
4436
4445
4425
4502
4518
4482
4492
4453
4457
4434
4508
4488
4453
4514
4446
4486
4535
4446
4467
4529
4517
4527
4474
4522
4482
4505
4470
4486
4486
4497
4548
4466
4524
4530
4476
4460
4468
4527
4546
4542
4508
4494
4544
4506
4557
4547
4502
4562
4474
4508
4513
4548
4554
4560
4536
4492
4528
4522
4495
4538
4482
4511
4533
4554
4527
4556
4576
4537
4544
4538
4584
4568
4507
4557
4502
4523
4548
4538
4498
4593
4562
4593
4507
4519
4578
4549
4581
4575
4556
4591
4593
4527
4564
4567
4547
4560
4560
4593
4563
4552
4589
4574
4538
4583
4587
4553
4616
4578
4558
4596
4556
4570
4583
4596
4571
4571
4555
4594
4560
4573
4559
4597
4597
4577
4601
4635
4633
4559
4616
4622
4565
4606
4632
4627
4598
4592
4596
4591
4637
4651
4616
4636
4644
4578
4632
4626
4654
4627
4584
4636
4623
4571
4639
4666
4629
4601
4661
4589
4625
4582
4643
4646
4627
4619
4668
4645
4628
4593
4590
4687
4672
4663
4597
4607
4655
4639
4658
4618
4616
4658
4694
4674
4700
4615
4686
4691
4617
4699
4642
4662
4692
4651
4627
4685
4681
4616
4648
4622
4701
4701
4698
4702
4715
4702
4657
4650
4657
4652
4664
4668
4641
4722
4681
4645
4696
4718
4661
4648
4664
4646
4709
4661
4644
4723
4704
4679
4703
4733
4731
4723
4704
4703
4682
4721
4670
4686
4698
4722
4680
4667
4715
4686
4751
4671
4710
4733
4687
4724
4755
4732
4683
4766
4703
4720
4679
4762
4766
4737
4775
4769
4766
4764
4707
4706
4722
4693
4714
4739
4754
4761
4787
4716
4776
4776
4769
4707
4782
4735
4785
4779
4708
4708
4745
4731
4790
4730
4804
4777
4771
4739
4768
4775
4756
4750
4734
4759
4794
4804
4810
4749
4775
4759
4818
4762
4738
4795
4798
4752
4767
4785
4802
4775
4827
4786
4743
4794
4763
4786
4823
4814
4809
4754
4820
4828
4760
4794
4789
4829
4781
4776
4813
4816
4786
4784
4778
4805
4802
4837
4788
4797
4784
4785
4835
4802
4815
4783
4821
4830
4815
4832
4781
4867
4846
4837
4777
4853
4781
4872
4799
4813
4830
4816
4861
4846
4874
4855
4841
4854
4799
4827
4829
4847
4819
4855
4889
4838
4816
4834
4858
4889
4833
4824
4803
4837
4884
4853
4855
4850
4894
4835
4821
4811
4826
4833
4872
4824
4862
4876
4880
4890
4849
4893
4897
4873
4912
4831
4852
4879
4843
4840
4881
4835
4860
4902
4878
4915
4902
4922
4856
4915
4893
4864
4897
4926
4899
4915
4888
4928
4901
4895
4896
4853
4936
4923
4868
4927
4943
4913
4932
4871
4913
4900
4944
4921
4872
4864
4882
4937
4911
4878
4930
4884
4905
4887
4936
4931
4968
4878
4890
4975
4953
4908
4918
4945
4945
4960
4917
4978
4914
4978
4986
4907
4988
4935
4896
4994
4911
4931
4918
4992
4935
4983
4926
4916
4980
4943
4985
4988
4979
4981
4988
4922
4920
4965
4930
4993
5005
4977
4988
4925
4994
4998
5005
4979
4977
4950
4940
5002
5007
4998
5002
4986
5025
4992
4958
5000
5010
4939
4965
4949
5012
4980
4953
4956
4984
5023
5023
5035
4960
5044
4995
4962
4990
5036
5018
5026
5031
4990
4992
4998
5022
5024
5036
5020
5027
5019
4991
5043
5025
4999
5010
5026
4975
5068
5043
5053
5002
5006
5046
4988
5047
5027
4985
5079
5033
5034
5005
5054
5064
5079
5068
5040
5034
5090
5063
5076
5010
5001
5089
5049
5031
5059
5096
5093
5020
5099
5034
5045
5042
5060
5034
5065
5043
5110
5030
5075
5057
5053
5097
5055
5105
5045
5083
5101
5066
5046
5090
5027
5048
5103
5055
5124
5049
5042
5068
5040
5081
5075
5134
5127
5130
5082
5112
5142
5139
5120
5086
5053
5121
5104
5059
5125
5096
5109
5113
5074
5152
5089
5105
5082
5138
5095
5146
5151
5154
5085
5096
5118
5110
5089
5144
5169
5155
5076
5080
5131
5141
5159
5146
5101
5118
5133
5128
5123
5114
5107
5143
5087
5107
5158
5111
5182
5111
5136
5170
5114
5166
5101
5097
5099
5196
5181
5138
5135
5195
5120
5143
5115
5199
5121
5112
5139
5160
5118
5206
5190
5132
5213
5120
5155
5145
5197
5170
5148
5209
5216
5184
5185
5204
5175
5217
5137
5196
5177
5226
5227
5208
5160
5210
5164
5185
5189
5208
5204
5233
5209
5190
5164
5158
5237
5163
5212
5160
5233
5207
5171
5218
5160
5180
5216
5201
5186
5212
5179
5239
5192
5243
5263
5187
5208
5190
5220
5207
5225
5198
5210
5197
5256
5235
5205
5200
5206
5184
5254
5245
5200
5231
5246
5192
5222
5247
5222
5283
5268
5214
5230
5278
5282
5248
5276
5222
5278
5227
5226
5226
5208
5284
5237
5216
5259
5266
5233
5214
5242
5278
5311
5233
5308
5245
5260
5235
5238
5293
5234
5237
5240
5305
5244
5295
5328
5269
5252
5256
5240
5252
5313
5321
5257
5325
5269
5278
5291
5279
5340
5300
5297
5311
5267
5342
5341
5251
5289
5286
5282
5274
5325
5259
5334
5306
5261
5327
5280
5282
5291
5292
5311
5319
5366
5360
5307
5284
5357
5327
5313
5342
5275
5298
5282
5291
5317
5297
5343
5338
5360
5319
5316
5317
5306
5340
5298
5340
5372
5369
5358
5339
5388
5322
5296
5335
5381
5381
5338
5390
5400
5308
5326
5330
5348
5335
5316
5331
5346
5316
5326
5389
5329
5354
5377
5362
5399
5384
5408
5411
5403
5330
5349
5387
5380
5388
5418
5392
5361
5403
5405
5370
5421
5373
5382
5378
5370
5436
5372
5396
5343
5401
5434
5361
5387
5391
5359
5374
5387
5371
5411
5381
5387
5403
5446
5366
5388
5381
5443
5410
5409
5401
5385
5402
5453
5374
5396
5430
5418
5455
5450
5459
5450
5389
5439
5464
5447
5434
5435
5470
5398
5410
5444
5465
5426
5418
5450
5433
5407
5416
5458
5411
5458
5407
5405
5476
5482
5497
5438
5418
5491
5440
5415
5470
5438
5485
5430
5498
5510
5471
5436
5423
5475
5466
5429
5449
5465
5471
5439
5440
5446
5489
5481
5515
5512
5453
5439
5503
5476
5518
5501
5530
5489
5529
5506
5455
5526
5496
5495
5501
5525
5520
5511
5510
5514
5483
5486
5519
5542
5456
5532
5464
5511
5460
5555
5549
5503
5507
5538
5489
5539
5489
5548
5549
5468
5561
5497
5525
5554
5513
5559
5524
5553
5523
5545
5564
5544
5521
5506
5547
5521
5555
5541
5576
5576
5541
5550
5515
5535
5564
5571
5508
5528
5522
5595
5555
5520
5543
5579
5528
5564
5530
5564
5603
5558
5572
5564
5606
5604
5547
5559
5561
5580
5559
5528
5592
5591
5539
5528
5574
5581
5614
5608
5606
5598
5529
5558
5580
5547
5563
5549
5556
5542
5593
5580
5637
5579
5583
5545
5626
5572
5616
5594
5579
5627
5624
5579
5588
5609
5639
5578
5622
5568
5615
5636
5593
5570
5594
5658
5647
5622
5613
5566
5625
5652
5667
5592
5637
5574
5643
5613
5602
5615
5611
5669
5629
5652
5598
5633
5589
5592
5674
5658
5603
5646
5593
5657
5595
5596
5673
5613
5624
5666
5668
5656
5658
5611
5692
5686
5638
5629
5681
5643
5674
5691
5628
5662
5667
5636
5656
5691
5634
5667
5713
5638
5675
5680
5707
5706
5628
5683
5717
5681
5686
5637
5667
5665
5683
5673
5645
5668
5719
5684
5725
5721
5702
5738
5695
5701
5718
5729
5715
5739
5739
5732
5720
5706
5689
5682
5660
5654
5684
5735
5747
5754
5754
5665
5685
5712
5723
5693
5700
5689
5753
5670
5735
5674
5715
5754
5700
5751
5711
5681
5687
5754
5706
5729
5682
5755
5694
5700
5777
5762
5751
5750
5742
5701
5727
5712
5755
5785
5755
5775
5791
5783
5702
5718
5794
5764
5771
5792
5723
5760
5712
5735
5778
5777
5782
5752
5714
5807
5733
5755
5786
5782
5731
5751
5727
5721
5756
5802
5780
5812
5795
5767
5756
5736
5759
5799
5787
5828
5749
5735
5749
5743
5743
5815
5742
5837
5761
5832
5770
5771
5834
5836
5794
5806
5836
5772
5773
5769
5826
5812
5807
5761
5790
5773
5857
5787
5794
5783
5844
5782
5818
5825
5790
5802
5838
5804
5772
5847
5830
5873
5825
5845
5811
5826
5872
5855
5801
5797
5873
5809
5801
5807
5853
5839
5846
5822
5868
5862
5878
5828
5828
5884
5843
5850
5828
5801
5846
5900
5848
5807
5843
5852
5819
5860
5833
5840
5853
5860
5830
5852
5883
5913
5852
5876
5841
5901
5885
5825
5833
5902
5888
5841
5903
5869
5852
5832
5911
5884
5910
5902
5835
5916
5937
5905
5916
5887
5893
5927
5906
5877
5889
5941
5895
5878
5908
5901
5914
5926
5919
5933
5941
5911
5887
5901
5887
5879
5890
5918
5870
5941
5902
5950
5932
5967
5961
5886
5873
5916
5904
5935
5920
5880
5886
5916
5918
5949
5885
5913
5943
5964
5916
5950
5903
5905
5910
5893
5930
5978
5949
5994
5986
5933
5913
5983
5918
5990
5967
6002
5992
5978
6004
6003
5943
5932
5956
5921
5933
5967
5967
5927
5931
5984
5918
5927
5992
5978
5946
6007
6003
6009
5975
6014
6020
5969
5994
6021
6026
5942
5940
5946
6031
5978
5985
6003
6008
5949
5991
5950
5971
5945
6030
6004
5991
5957
5956
5962
5991
6044
5994
5976
6025
6049
6014
6016
6055
5986
6047
6015
5992
5987
6009
5987
6025
6011
5999
5972
6026
5987
6056
5978
6018
6045
6041
6020
6026
6048
6005
6016
6037
6020
6029
6057
6073
6084
6083
6071
6026
6015
6087
6072
6017
6056
6014
6089
6084
6049
6031
6085
6103
6044
6103
6026
6065
6101
6079
6051
6094
6067
6113
6090
6077
6031
6055
6110
6049
6111
6064
6111
6122
6119
6056
6057
6033
6033
6045
6102
6053
6106
6066
6050
6125
6038
6125
6075
6071
6124
6100
6108
6109
6120
6119
6104
6126
6076
6082
6121
6107
6152
6135
6113
6091
6093
6075
6092
6147
6130
6152
6092
6085
6073
6091
6131
6089
6150
6098
6162
6116
6165
6163
6077
6163
6113
6162
6099
6153
6126
6133
6130
6179
6106
6180
6179
6176
6182
6103
6103
6124
6134
6145
6189
6127
6195
6100
6174
6190
6177
6173
6179
6146
6165
6196
6132
6160
6178
6189
6175
6206
6199
6145
6131
6139
6127
6124
6121
6219
6201
6209
6210
6137
6152
6162
6187
6198
6169
6209
6152
6170
6180
6221
6204
6200
6216
6145
6151
6199
6219
6172
6198
6179
6240
6168
6148
6243
6237
6211
6195
6155
6157
6248
6191
6238
6159
6198
6203
6208
6207
6260
6213
6229
6193
6210
6222
6209
6258
6220
6201
6213
6184
6196
6194
6188
6225
6212
6187
6191
6220
6224
6215
6257
6278
6285
6266
6215
6198
6245
6220
6229
6214
6257
6262
6231
6280
6233
6268
6241
6285
6277
6273
6250
6225
6289
6275
6265
6249
6256
6244
6240
6235
6246
6303
6216
6297
6306
6270
6272
6318
6225
6254
6268
6276
6288
6248
6239
6312
6327
6301
6279
6311
6302
6274
6293
6239
6336
6317
6245
6337
6316
6314
6264
6329
6254
6343
6307
6314
6323
6307
6351
6286
6321
6278
6290
6295
6271
6352
6350
6285
6316
6362
6324
6308
6355
6299
6271
6362
6321
6364
6367
6298
6334
6325
6370
6336
6363
6353
6283
6353
6311
6300
6291
6339
6321
6333
6346
6344
6336
6377
6307
6368
6371
6350
6323
6320
6381
6350
6363
6349
6353
6350
6378
6370
6387
6339
6391
6398
6313
6374
6334
6348
6371
6315
6406
6346
6412
6411
6331
6400
6400
6329
6417
6396
6360
6412
6381
6362
6421
6355
6405
6427
6420
6363
6368
6384
6434
6436
6370
6428
6341
6425
6356
6393
6372
6373
6380
6427
6435
6442
6396
6394
6356
6367
6380
6431
6427
6442
6385
6412
6408
6413
6449
6370
6461
6366
6388
6378
6382
6425
6411
6427
6409
6402
6431
6474
6406
6382
6466
6431
6472
6404
6468
6388
6408
6424
6469
6444
6465
6470
6429
6412
6467
6416
6415
6489
6472
6455
6436
6481
6426
6437
6481
6451
6436
6408
6478
6418
6498
6426
6471
6427
6481
6457
6502
6451
6482
6512
6486
6456
6476
6513
6477
6448
6514
6438
6454
6488
6503
6465
6437
6517
6504
6439
6487
6518
6478
6519
6511
6485
6501
6521
6456
6478
6462
6458
6524
6458
6523
6542
6494
6486
6484
6533
6493
6516
6523
6552
6553
6536
6518
6559
6538
6557
6474
6510
6508
6545
6547
6550
6555
6494
6538
6555
6509
6572
6564
6568
6565
6533
6533
6580
6552
6502
6528
6490
6503
6525
6500
6510
6517
6525
6585
6552
6556
6501
6596
6580
6562
6540
6510
6600
6578
6524
6573
6573
6570
6578
6544
6570
6588
6544
6597
6602
6545
6613
6564
6556
6527
6568
6557
6543
6601
6591
6553
6608
6620
6571
6564
6614
6586
6613
6631
6546
6584
6633
6624
6601
6630
6570
6633
6566
6547
6625
6579
6610
6635
6613
6600
6617
6570
6628
6589
6554
6611
6572
6561
6591
6569
6627
6562
6640
6570
6622
6654
6661
6654
6595
6650
6592
6670
6635
6602
6651
6616
6661
6602
6677
6658
6615
6611
6631
6600
6609
6682
6594
6591
6607
6622
6684
6678
6648
6672
6620
6688
6597
6684
6598
6676
6635
6660
6642
6701
6699
6619
6661
6650
6675
6661
6655
6704
6622
6629
6619
6667
6660
6715
6716
6691
6686
6712
6631
6718
6635
6649
6627
6699
6691
6686
6639
6705
6718
6686
6636
6713
6657
6728
6703
6651
6648
6645
6721
6697
6697
6738
6662
6678
6710
6747
6707
6705
6666
6678
6670
6732
6734
6710
6750
6679
6684
6716
6689
6735
6706
6756
6734
6719
6711
6671
6682
6760
6765
6697
6741
6675
6774
6768
6772
6703
6706
6777
6767
6685
6762
6754
6712
6781
6698
6771
6744
6764
6776
6771
6724
6767
6723
6792
6775
6783
6748
6728
6731
6746
6774
6752
6714
6747
6721
6780
6726
6783
6757
6785
6771
6720
6724
6724
6791
6816
6788
6727
6805
6817
6816
6775
6749
6731
6748
6750
6774
6771
6782
6747
6812
6808
6756
6758
6801
6835
6773
6815
6785
6817
6822
6811
6771
6749
6847
6774
6794
6831
6794
6774
6846
6772
6822
6765
6852
6849
6792
6855
6793
6834
6817
6810
6859
6831
6847
6861
6866
6797
6870
6796
6792
6819
6799
6839
6855
6819
6796
6826
6807
6788
6853
6875
6878
6866
6806
6862
6833
6869
6861
6861
6797
6885
6817
6850
6825
6836
6848
6822
6863
6870
6893
6846
6844
6901
6894
6839
6821
6877
6862
6839
6824
6844
6886
6829
6835
6902
6864
6836
6894
6840
6839
6842
6847
6882
6862
6829
6865
6897
6884
6916
6856
6875
6931
6936
6889
6871
6864
6884
6936
6889
6877
6867
6930
6925
6858
6939
6915
6911
6917
6901
6926
6916
6887
6908
6954
6902
6886
6878
6892
6900
6947
6920
6878
6870
6881
6921
6965
6952
6902
6874
6936
6936
6959
6908
6923
6886
6931
6889
6954
6897
6915
6922
6899
6939
6919
6979
6942
6906
6930
6935
6957
6991
6982
6983
6994
6983
6941
6929
6931
6939
6923
6915
6944
6952
6974
6974
6990
6949
7008
6916
6946
6945
6946
7015
6936
7001
7007
6923
6969
6982
6954
7013
6942
6942
6951
6998
6944
6956
7028
6987
7031
6942
6940
7007
7003
7013
7029
7008
6996
6996
6972
7041
7028
7000
6992
7025
6986
6976
7048
7037
7036
7014
7012
7032
6979
7014
6961
7052
7020
6996
6974
7041
7012
6982
6995
6971
7001
7034
7008
6999
6974
6979
7046
7062
7073
7041
7009
7066
7075
7077
7032
7061
7018
6991
7006
7089
6999
7037
7040
7065
7025
7094
7053
7071
7010
7020
7094
7050
7065
7007
7081
7032
7082
7094
7049
7083
7053
7110
7032
7046
7084
7018
7020
7057
7117
7021
7049
7121
7023
7105
7053
7094
7041
7101
7041
7112
7074
7080
7066
7104
7059
7057
7092
7136
7127
7114
7104
7075
7124
7103
7108
7102
7146
7050
7094
7115
7102
7081
7139
7104
7103
7155
7113
7112
7157
7064
7143
7114
7066
7089
7147
7088
7134
7164
7102
7086
7100
7139
7145
7103
7154
7137
7082
7136
7092
7119
7149
7162
7091
7114
7160
7158
7098
7132
7114
7168
7138
7190
7161
7152
7130
7104
7133
7152
7101
7122
7173
7200
7133
7108
7167
7200
7117
7116
7191
7201
7112
7144
7133
7171
7115
7140
7177
7156
7193
7200
7165
7141
7220
7157
7139
7146
7152
7169
7220
7168
7207
7171
7153
7230
7182
7142
7176
7181
7183
7192
7216
7170
7234
7200
7173
7187
7194
7187
7237
7222
7208
7199
7161
7227
7223
7169
7162
7168
7232
7192
7224
7245
7178
7262
7247
7203
7215
7225
7206
7199
7231
7265
7240
7175
7175
7176
7224
7259
7201
7253
7240
7277
7216
7216
7260
7245
7208
7218
7197
7249
7242
7196
7236
7233
7251
7276
7227
7231
7242
7299
7287
7292
7260
7238
7216
7234
7241
7217
7259
7237
7255
7219
7227
7267
7238
7306
7275
7259
7277
7269
7281
7222
7263
7312
7281
7296
7249
7302
7259
7308
7267
7319
7258
7298
7238
7297
7246
7282
7322
7331
7299
7274
7277
7279
7293
7331
7340
7295
7274
7328
7280
7274
7281
7317
7295
7298
7277
7343
7270
7279
7268
7319
7337
7318
7291
7347
7349
7350
7343
7306
7331
7305
7288
7358
7356
7368
7297
7313
7286
7323
7283
7296
7372
7285
7292
7377
7375
7387
7315
7292
7384
7316
7330
7383
7317
7331
7379
7347
7310
7399
7381
7304
7306
7354
7350
7397
7380
7322
7313
7324
7370
7376
7336
7383
7361
7329
7348
7357
7321
7416
7403
7410
7417
7334
7334
7341
7362
7356
7376
7341
7367
7388
7367
7387
7418
7385
7420
7402
7404
7355
7390
7410
7393
7398
7407
7389
7351
7431
7396
7359
7441
7405
7399
7387
7412
7366
7365
7364
7450
7443
7370
7400
7367
7434
7437
7423
7452
7429
7382
7416
7396
7449
7433
7442
7469
7441
7378
7380
7470
7435
7426
7454
7382
7464
7483
7471
7434
7477
7421
7476
7447
7411
7463
7491
7487
7448
7418
7425
7465
7420
7458
7426
7437
7458
7445
7412
7463
7437
7505
7416
7479
7502
7445
7508
7496
7460
7504
7472
7455
7420
7510
7506
7472
7446
7470
7489
7521
7486
7490
7477
7493
7508
7462
7443
7520
7454
7511
7530
7512
7509
7466
7476
7481
7471
7511
7457
7507
7537
7531
7493
7535
7522
7529
7529
7464
7507
7497
7514
7475
7543
7520
7528
7506
7556
7546
7505
7521
7502
7503
7500
7536
7537
7549
7484
7521
7543
7477
7563
7522
7513
7548
7527
7524
7513
7497
7566
7546
7500
7504
7558
7504
7515
7499
7535
7588
7530
7529
7535
7596
7503
7560
7592
7565
7512
7603
7575
7585
7578
7557
7512
7608
7553
7587
7551
7523
7582
7532
7610
7618
7547
7570
7560
7525
7546
7596
7603
7593
7594
7593
7548
7533
7623
7625
7537
7578
7625
7602
7559
7571
7568
7596
7629
7633
7563
7642
7576
7629
7572
7587
7604
7646
7640
7612
7586
7598
7652
7574
7631
7620
7596
7572
7629
7658
7651
7634
7566
7648
7657
7652
7627
7579
7593
7614
7631
7628
7621
7624
7639
7654
7587
7644
7631
7668
7653
7674
7592
7646
7641
7670
7654
7674
7648
7668
7675
7620
7678
7664
7684
7645
7679
7620
7606
7665
7646
7662
7650
7627
7690
7658
7660
7706
7709
7677
7694
7686
7703
7688
7635
7643
7669
7656
7630
7719
7634
7703
7658
7637
7688
7640
7667
7721
7644
7688
7724
7635
7654
7728
7690
7732
7670
7665
7657
7728
7692
7662
7740
7699
7647
7748
7735
7650
7734
7693
7658
7743
7699
7725
7667
7674
7689
7701
7681
7672
7720
7753
7754
7765
7748
7728
7699
7758
7753
7764
7764
7757
7710
7775
7731
7777
7738
7687
7767
7740
7778
7699
7709
7735
7721
7690
7744
7759
7715
7718
7733
7771
7746
7793
7750
7718
7732
7717
7793
7757
7786
7726
7760
7738
7768
7781
7745
7769
7797
7812
7785
7715
7726
7798
7779
7792
7785
7739
7772
7755
7780
7822
7820
7736
7738
7761
7747
7793
7803
7745
7818
7735
7739
7763
7755
7750
7839
7823
7825
7758
7788
7815
7839
7827
7780
7794
7800
7842
7778
7790
7842
7817
7843
7836
7799
7767
7781
7762
7799
7783
7794
7780
7861
7811
7788
7820
7814
7789
7852
7857
7826
7819
7869
7802
7874
7832
7839
7856
7835
7806
7868
7862
7877
7817
7812
7804
7848
7826
7848
7820
7839
7832
7814
7821
7853
7845
7897
7833
7824
7887
7846
7896
7812
7852
7860
7896
7838
7836
7822
7908
7863
7885
7869
7897
7891
7889
7848
7823
7908
7847
7824
7849
7906
7831
7862
7921
7845
7913
7835
7860
7919
7855
7894
7874
7868
7933
7914
7852
7869
7877
7849
7888
7932
7942
7906
7941
7939
7867
7876
7868
7902
7857
7936
7857
7906
7914
7877
7889
7892
7883
7931
7935
7901
7959
7870
7895
7891
7918
7917
7947
7936
7900
7959
7902
7962
7949
7899
7950
7950
7954
7940
7921
7966
7960
7970
7937
7981
7911
7978
7976
7974
7965
7942
7935
7986
7901
7929
7984
7910
7948
7996
7984
7947
7930
7953
7936
7960
7945
7917
7962
7994
8010
7959
8012
7943
7975
7967
8014
7932
8011
8019
8015
7929
7991
7984
8009
8011
7976
7938
7975
7970
7950
8001
7998
8000
7963
8019
7981
7962
7955
7971
7960
8016
7952
8003
7958
7965
7988
7982
7986
7989
7987
8046
8046
7969
8042
8007
8056
8045
8037
8026
7976
8054
8020
8023
7980
8009
8053
8043
8000
8067
7998
8058
8017
8038
8056
7979
7983
8044
8075
8050
7994
8012
8062
8058
7990
8061
8071
8088
8022
8038
8015
8052
8066
8047
8085
8054
8036
8049
8099
8071
8072
8029
8067
8094
8105
8018
8097
8102
8057
8079
8081
8047
8107
8111
8112
8061
8098
8037
8106
8052
8041
8027
8032
8075
8038
8069
8074
8101
8069
8047
8102
8092
8070
8106
8117
8065
8067
8068
8090
8112
8083
8103
8137
8068
8139
8059
8077
8080
8122
8135
8104
8094
8056
8090
8097
8127
8068
8152
8084
8100
8151
8072
8119
8116
8123
8116
8076
8123
8115
8117
8097
8126
8173
8147
8124
8126
8083
8110
8148
8099
8174
8178
8186
8152
8127
8107
8168
8126
8105
8145
8114
8111
8176
8195
8127
8122
8129
8117
8155
8135
8200
8135
8147
8160
8112
8174
8111
8121
8183
8201
8116
8150
8127
8121
8154
8137
8134
8146
8141
8143
8195
8196
8208
8205
8147
8151
8136
8178
8162
8154
8153
8199
8217
8200
8196
8222
8167
8156
8233
8180
8181
8180
8176
8212
8183
8221
8180
8154
8158
8177
8191
8187
8183
8181
8161
8216
8248
8237
8173
8244
8188
8245
8232
8246
8254
8232
8211
8224
8201
8184
8193
8195
8261
8258
8228
8199
8190
8253
8212
8255
8245
8252
8266
8204
8211
8192
8215
8233
8196
8210
8231
8228
8203
8210
8270
8210
8248
8284
8290
8262
8268
8285
8231
8267
8304
8267
8245
8247
8234
8270
8305
8216
8310
8276
8220
8251
8298
8254
8259
8250
8264
8240
8282
8244
8328
8263
8259
8325
8283
8310
8275
8271
8244
8256
8252
8298
8284
8253
8333
8258
8260
8334
8247
8321
8253
8273
8337
8257
8343
8264
8255
8259
8285
8330
8266
8344
8285
8329
8266
8268
8335
8286
8313
8330
8316
8355
8349
8299
8286
8366
8285
8280
8344
8280
8294
8324
8347
8282
8354
8350
8341
8345
8289
8295
8370
8375
8295
8371
8305
8373
8338
8392
8336
8379
8309
8389
8373
8323
8333
8340
8352
8375
8391
8323
8360
8356
8387
8389
8358
8343
8360
8371
8404
8399
8413
8370
8387
8361
8382
8423
8372
8419
8375
8347
8371
8331
8416
8372
8368
8419
8361
8433
8426
8432
8433
8430
8386
8375
8394
8389
8388
8412
8444
8382
8392
8444
8352
8403
8404
8421
8397
8394
8375
8447
8407
8404
8376
8417
8373
8462
8442
8418
8451
8414
8442
8454
8428
8423
8390
8469
8404
8389
8409
8464
8446
8446
8387
8383
8476
8461
8425
8479
8416
8432
8393
8391
8419
8408
8399
8453
8430
8406
8469
8492
8487
8411
8485
8414
8479
8503
8456
8415
8415
8460
8475
8432
8436
8444
8490
8508
8431
8480
8457
8511
8471
8488
8474
8519
8446
8496
8426
8437
8446
8462
8482
8517
8508
8433
8507
8445
8459
8459
8492
8439
8487
8529
8489
8511
8524
8498
8456
8544
8529
8493
8503
8460
8541
8518
8526
8527
8494
8522
8500
8459
8479
8513
8476
8548
8481
8469
8526
8549
8543
8484
8540
8499
8535
8472
8496
8572
8508
8537
8531
8517
8577
8498
8515
8550
8498
8548
8579
8537
8567
8533
8569
8540
8560
8554
8501
8588
8494
8538
8594
8506
8548
8588
8558
8579
8514
8535
8573
8512
8584
8532
8515
8576
8607
8577
8551
8561
8591
8519
8534
8523
8545
8548
8574
8581
8604
8583
8525
8604
8611
8608
8569
8547
8566
8597
8591
8620
8551
8563
8575
8629
8632
8607
8603
8563
8599
8622
8612
8552
8552
8585
8623
8577
8635
8564
8563
8556
8626
8580
8625
8564
8576
8605
8603
8651
8619
8566
8629
8578
8588
8600
8604
8623
8588
8580
8640
8618
8661
8602
8651
8626
8639
8593
8667
8644
8633
8626
8605
8658
8595
8629
8676
8648
8665
8627
8669
8652
8670
8601
8596
8614
8649
8691
8623
8623
8635
8643
8637
8643
8659
8608
8684
8628
8676
8644
8641
8683
8652
8690
8694
8651
8638
8664
8704
8673
8630
8642
8643
8665
8667
8727
8705
8634
8672
8668
8652
8645
8713
8675
8693
8736
8733
8670
8660
8643
8686
8682
8710
8709
8720
8736
8702
8665
8686
8716
8699
8707
8729
8657
8744
8743
8733
8707
8692
8670
8713
8762
8695
8754
8708
8717
8749
8743
8686
8735
8739
8709
8736
8711
8772
8714
8746
8694
8696
8683
8722
8750
8697
8719
8712
8718
8765
8766
8739
8746
8694
8736
8769
8734
8706
8741
8754
8709
8760
8761
8736
8760
8737
8761
8714
8772
8793
8747
8763
8811
8726
8781
8781
8737
8734
8768
8763
8818
8790
8726
8748
8804
8824
8816
8734
8774
8827
8810
8803
8748
8824
8751
8779
8834
8760
8751
8747
8781
8762
8770
8760
8781
8767
8799
8806
8818
8781
8821
8811
8803
8788
8776
8854
8771
8790
8849
8833
8796
8772
8785
8801
8844
8859
8851
8843
8861
8771
8825
8860
8863
8809
8862
8850
8784
8814
8840
8808
8810
8824
8870
8870
8808
8856
8818
8822
8852
8822
8867
8844
8844
8800
8799
8804
8798
8806
8876
8853
8884
8824
8834
8883
8860
8845
8875
8822
8852
8899
8890
8898
8850
8842
8880
8877
8863
8907
8865
8839
8826
8847
8910
8898
8826
8901
8887
8897
8911
8830
8910
8917
8857
8840
8886
8876
8874
8856
8921
8927
8921
8843
8914
8882
8891
8844
8910
8907
8883
8869
8892
8923
8940
8873
8909
8906
8901
8946
8941
8903
8955
8891
8865
8881
8904
8963
8954
8926
8893
8959
8932
8934
8924
8962
8950
8904
8902
8974
8970
8938
8889
8882
8946
8885
8885
8937
8956
8935
8913
8963
8895
8918
8941
8964
8898
8939
8919
8964
8954
8980
8954
8994
8964
9000
8973
8966
8961
9004
8957
8929
8955
8952
8970
8962
9010
8933
8995
9001
8994
9001
8968
8982
8953
8946
8950
8998
8971
8960
8988
9021
8946
8988
8983
9003
9011
8950
8980
8995
8993
8942
8993
8968
9028
8994
9034
9000
9042
9008
9028
8975
8952
8997
8959
8955
9016
9039
9052
9043
8961
8968
8980
9026
8988
9047
9012
8978
9026
8990
9058
8990
9032
9063
9064
9009
8976
9009
9056
9009
8981
9075
9034
9056
8982
9074
8995
8986
9048
9027
9006
9077
9033
9041
9027
9043
9062
9008
9015
9073
9045
9038
9065
9069
9066
9061
9087
9067
9049
9099
9071
9014
9009
9032
9040
9020
9098
9059
9114
9093
9090
9073
9032
9055
9117
9082
9026
9030
9039
9082
9087
9114
9063
9107
9055
9057
9121
9113
9054
9129
9046
9065
9084
9108
9062
9141
9095
9059
9138
9111
9091
9082
9136
9107
9121
9095
9074
9141
9077
9128
9137
9137
9065
9109
9073
9123
9076
9096
9159
9124
9101
9113
9089
9120
9150
9103
9155
9149
9138
9114
9163
9165
9171
9090
9111
9155
9118
9109
9098
9136
9185
9103
9141
9095
9166
9106
9147
9153
9186
9190
9182
9175
9151
9154
9133
9135
9105
9182
9190
9188
9169
9129
9137
9172
9199
9140
9153
9163
9207
9195
9128
9154
9141
9194
9124
9206
9139
9204
9208
9190
9144
9214
9146
9148
9144
9171
9211
9142
9210
9223
9192
9192
9146
9191
9180
9215
9158
9174
9177
9192
9164
9231
9245
9179
9203
9237
9165
9202
9250
9188
9225
9220
9222
9173
9192
9250
9221
9210
9234
9192
9204
9190
9239
9268
9202
9237
9197
9174
9184
9265
9275
9208
9239
9228
9199
9218
9244
9243
9226
9228
9254
9235
9285
9251
9239
9227
9264
9272
9253
9223
9277
9229
9259
9300
9203
9252
9251
9269
9230
9259
9233
9291
9216
9280
9248
9235
9290
9270
9275
9282
9278
9227
9275
9224
9244
9224
9232
9308
9305
9262
9251
9318
9267
9294
9320
9321
9298
9332
9289
9305
9305
9248
9274
9292
9246
9270
9281
9341
9296
9290
9267
9280
9306
9324
9320
9291
9272
9292
9266
9309
9271
9291
9308
9349
9339
9354
9340
9272
9283
9289
9276
9328
9309
9317
9277
9342
9356
9289
9323
9364
9338
9374
9356
9346
9355
9296
9357
9368
9296
9289
9329
9366
9337
9301
9331
9337
9304
9351
9332
9304
9343
9332
9321
9381
9375
9310
9354
9340
9405
9397
9330
9336
9350
9338
9319
9336
9325
9391
9347
9373
9335
9418
9324
9381
9400
9383
9376
9325
9326
9393
9328
9398
9366
9428
9362
9378
9374
9404
9336
9388
9351
9363
9380
9426
9398
9360
9349
9376
9400
9418
9438
9361
9432
9415
9371
9419
9362
9409
9410
9446
9397
9442
9367
9402
9441
9410
9424
9442
9413
9383
9382
9448
9416
9445
9425
9394
9464
9431
9442
9415
9386
9466
9476
9466
9411
9473
9398
9430
9433
9458
9422
9395
9471
9432
9438
9446
9401
9463
9432
9426
9405
9445
9425
9496
9476
9414
9498
9454
9484
9471
9448
9485
9496
9448
9507
9451
9510
9514
9432
9498
9450
9475
9450
9515
9441
9462
9444
9474
9459
9432
9491
9510
9460
9440
9442
9456
9436
9505
9517
9488
9505
9480
9456
9528
9449
9514
9458
9497
9497
9496
9475
9494
9538
9464
9470
9545
9453
9512
9544
9531
9548
9552
9551
9511
9482
9477
9517
9482
9498
9552
9494
9472
9512
9486
9492
9567
9514
9574
9483
9518
9548
9523
9489
9499
9567
9506
9515
9503
9571
9525
9495
9574
9498
9517
9557
9581
9516
9534
9582
9528
9593
9512
9594
9554
9536
9521
9543
9541
9548
9533
9520
9544
9548
9550
9594
9525
9516
9571
9523
9599
9551
9583
9585
9610
9602
9532
9548
9528
9619
9573
9613
9528
9620
9559
9545
9540
9538
9609
9548
9630
9564
9560
9545
9583
9634
9585
9559
9583
9577
9646
9591
9567
9633
9552
9599
9578
9620
9603
9583
9596
9641
9597
9599
9575
9634
9619
9651
9583
9636
9603
9656
9635
9624
9629
9594
9620
9651
9629
9617
9577
9611
9597
9649
9616
9671
9629
9643
9588
9648
9616
9664
9597
9653
9637
9622
9642
9600
9657
9636
9632
9682
9643
9643
9700
9630
9700
9654
9653
9622
9693
9693
9615
9705
9710
9709
9612
9707
9701
9637
9627
9712
9633
9716
9718
9696
9670
9652
9675
9643
9654
9665
9650
9698
9695
9656
9684
9655
9667
9734
9727
9723
9646
9667
9709
9678
9733
9662
9730
9693
9674
9739
9680
9737
9677
9676
9744
9745
9717
9670
9755
9745
9732
9675
9723
9668
9684
9755
9677
9674
9721
9684
9750
9711
9749
9738
9709
9720
9738
9682
9761
9770
9772
9689
9746
9757
9774
9778
9766
9762
9733
9786
9693
9697
9761
9697
9758
9782
9759
9705
9750
9757
9743
9798
9781
9798
9735
9741
9781
9798
9758
9799
9775
9726
9799
9810
9713
9767
9789
9805
9743
9776
9728
9811
9799
9764
9726
9789
9796
9787
9776
9728
9817
9735
9776
9759
9741
9797
9813
9808
9821
9741
9770
9784
9759
9824
9783
9839
9770
9787
9794
9802
9797
9797
9775
9804
9848
9820
9766
9813
9795
9853
9809
9806
9771
9768
9840
9785
9766
9775
9837
9841
9819
9865
9835
9806
9825
9847
9842
9816
9859
9787
9807
9825
9867
9800
9852
9837
9803
9803
9823
9836
9845
9829
9886
9818
9878
9822
9799
9827
9818
9828
9864
9849
9822
9897
9896
9862
9886
9866
9836
9820
9859
9844
9839
9882
9839
9821
9870
9871
9909
9898
9850
9871
9878
9829
9885
9855
9891
9913
9857
9889
9877
9875
9913
9906
9872
9923
9931
9915
9925
9886
9869
9885
9884
9853
9884
9843
9846
9861
9886
9916
9923
9867
9929
9902
9932
9864
9883
9909
9873
9857
9904
9879
9926
9951
9959
9955
9867
9950
9941
9933
9902
9933
9913
9961
9897
9958
9907
9912
9903
9927
9948
9880
9895
9964
9948
9956
9969
9979
9925
9947
9938
9956
9929
9927
9984
9957
9905
9982
9902
9941
9913
9984
9914
9917
9949
9972
9917
9954
9952
9929
9946
9975
9980
9943
9951
9925
9998
10012
10016
9922
9919
9961
9986
9987
9983
10016
9960
10004
9954
9934
9984
9939
10028
9967
10020
10010
10029
10034
9989
10021
9986
9998
10039
9958
10018
9946
10014
9994
9966
9968
10023
9992
9980
10028
9974
9972
10050
10001
9978
10031
9986
10042
10053
9964
10018
9975
10058
10053
10031
10024
9979
10056
10018
9971
9990
10024
10052
10014
10007
10014
10057
10013
10011
10042
10048
10082
10006
10003
10034
10061
10074
10006
10065
10062
10001
10029
10079
10015
10041
10069
10095
10056
10065
10090
10080
10015
10016
10044
10042
10023
10081
10037
10077
10039
10041
10086
10088
10113
10080
10064
10024
10073
10039
10024
10046
10060
10124
10063
10111
10119
10115
10052
10130
10037
10113
10059
10111
10059
10081
10135
10072
10120
10085
10069
10128
10057
10086
10118
10102
10085
10097
10144
10058
10107
10085
10116
10137
10106
10078
10070
10147
10064
10089
10140
10158
10075
10138
10152
10071
10160
10119
10110
10167
10102
10102
10120
10144
10121
10085
10122
10079
10148
10127
10145
10133
10157
10118
10179
10096
10130
10130
10176
10141
10171
10191
10177
10171
10185
10137
10159
10190
10166
10119
10191
10109
10171
10180
10122
10124
10132
10172
10112
10141
10129
10149
10149
10176
10148
10154
10214
10124
10195
10142
10205
10165
10205
10199
10170
10216
10220
10140
10220
10227
10198
10160
10213
10154
10196
10149
10226
10149
10227
10190
10210
10152
10240
10166
10157
10224
10213
10155
10157
10231
10186
10176
10235
10247
10198
10160
10187
10242
10167
10235
10247
10238
10204
10178
10237
10192
10209
10184
10263
10203
10229
10207
10223
10200
10268
10241
10205
10223
10263
10241
10226
10200
10232
10252
10211
10247
10193
10281
10195
10214
10262
10284
10239
10198
10278
10214
10233
10293
10248
10242
10237
10218
10293
10284
10247
10270
10232
10274
10279
10220
10284
10213
10289
10264
10269
10234
10227
10312
10311
10260
10277
10275
10318
10274
10286
10289
10317
10299
10266
10240
10294
10320
10241
10304
10304
10240
10320
10276
10336
10269
10331
10300
10250
10280
10265
10279
10332
10329
10291
10315
10312
10316
10349
10333
10291
10313
10330
10289
10315
10314
10332
10302
10273
10281
10271
10313
10324
10286
10351
10322
10277
10343
10279
10339
10279
10319
10325
10367
10310
10379
10294
10365
10293
10311
10367
10371
10375
10313
10371
10336
10368
10374
10370
10345
10344
10394
10381
10325
10370
10349
10324
10398
10307
10323
10395
10309
10372
10326
10381
10408
10323
10356
10372
10322
10384
10322
10364
10328
10391
10360
10370
10387
10382
10401
10369
10384
10369
10422
10384
10398
10354
10401
10371
10380
10359
10384
10372
10344
10349
10374
10360
10378
10346
10432
10435
10416
10369
10432
10401
10352
10391
10360
10409
10408
10408
10370
10383
10382
10456
10403
10409
10370
10414
10376
10407
10410
10417
10401
10375
10372
10394
10412
10456
10414
10455
10386
10395
10461
10465
10435
10408
10463
10430
10432
10420
10444
10443
10480
10435
10435
10404
10469
10465
10465
10449
10432
10452
10465
10430
10437
10422
10501
10493
10410
10407
10498
10502
10492
10456
10488
10484
10456
10445
10464
10474
10464
10460
10439
10508
10494
10509
10446
10470
10450
10511
10446
10434
10517
10444
10455
10507
10499
10508
10468
10458
10494
10445
10467
10513
10495
10463
10516
10538
10507
10521
10494
10475
10459
10476
10547
10518
10491
10481
10513
10467
10474
10469
10519
10553
10521
10559
10536
10488
10535
10560
10468
10506
10563
10477
10505
10506
10514
10553
10546
10574
10570
10540
10518
10500
10491
10493
10507
10505
10498
10563
10573
10552
10523
10544
10582
10535
10492
10545
10560
10583
10498
10512
10550
10530
10501
10503
10518
10539
10517
10522
10576
10530
10576
10514
10578
10561
10606
10591
10574
10586
10568
10520
10548
10570
10589
10560
10605
10611
10541
10571
10553
10540
10620
10602
10536
10609
10605
10624
10624
10609
10568
10602
10545
10575
10549
10639
10573
10605
10571
10552
10631
10631
10616
10635
10619
10599
10583
10601
10564
10570
10652
10651
10630
10567
10622
10595
10580
10602
10627
10589
10661
10599
10608
10585
10656
10584
10640
10631
10611
10675
10627
10586
10616
10615
10676
10589
10590
10677
10638
10646
10595
10588
10593
10682
10667
10671
10627
10676
10657
10630
10599
10664
10636
10663
10650
10676
10683
10678
10642
10702
10673
10646
10656
10655
10624
10665
10704
10712
10707
10629
10706
10661
10677
10652
10715
10715
10689
10674
10704
10665
10717
10653
10638
10643
10724
10730
10685
10645
10645
10723
10653
10685
10687
10683
10677
10680
10700
10672
10656
10696
10699
10744
10689
10721
10713
10704
10725
10729
10754
10732
10753
10754
10672
10746
10740
10726
10750
10743
10669
10687
10724
10707
10683
10742
10746
10674
10713
10698
10692
10714
10725
10772
10710
10771
10746
10765
10736
10742
10734
10735
10739
10737
10738
10715
10723
10729
10708
10771
10702
10778
10697
10740
10773
10785
10772
10780
10747
10761
10708
10799
10725
10791
10716
10770
10735
10741
10768
10727
10752
10747
10729
10727
10781
10788
10726
10802
10743
10784
10729
10814
10737
10761
10748
10768
10733
10804
10827
10790
10750
10748
10740
10754
10789
10808
10770
10780
10776
10809
10816
10779
10797
10790
10751
10847
10814
10804
10813
10825
10764
10808
10835
10785
10844
10839
10768
10840
10771
10773
10826
10840
10780
10784
10862
10835
10791
10871
10826
10774
10837
10823
10832
10817
10836
10797
10841
10787
10850
10860
10871
10810
10827
10843
10794
10839
10880
10862
10801
10800
10837
10796
10802
10833
10833
10856
10826
10866
10888
10841
10815
10879
10827
10832
10880
10824
10890
10885
10873
10862
10862
10849
10854
10820
10909
10857
10917
10909
10853
10850
10869
10901
10881
10837
10914
10841
10831
10872
10851
10881
10845
10911
10843
10901
10920
10873
10867
10865
10902
10866
10896
10862
10849
10847
10903
10924
10913
10886
10938
10909
10858
10930
10904
10935
10871
10861
10877
10899
10916
10872
10914
10942
10880
10874
10880
10964
10871
10895
10934
10921
10914
10963
10876
10931
10957
10964
10967
10932
10908
10908
10971
10910
10895
10952
10913
10948
10921
10923
10942
10966
10926
10946
10980
10979
10955
10951
10961
10949
10973
10911
10913
10932
10969
10912
10970
10956
10937
10966
10998
10989
10950
11000
10931
11004
10958
10969
10926
10988
10981
10938
10928
10988
10956
10946
11023
10938
10993
10976
10990
10973
10958
11026
10973
10972
10973
11025
10946
11038
10977
10958
10978
11008
11008
10959
11046
10997
11036
10974
11020
10986
10967
10975
11027
11036
10976
11033
11006
10970
11008
10994
11061
11017
11048
11009
11061
11010
10993
11043
11052
11054
11048
11058
11069
11022
11044
11048
10984
10998
10996
11077
11049
11004
11080
11035
11037
11004
11080
10996
11054
11067
11026
11046
11000
11089
11060
11029
11033
11055
11045
11082
11051
11094
11017
11042
11048
11084
11073
11039
11091
11103
11037
11045
11100
11096
11092
11050
11090
11099
11060
11052
11112
11037
11113
11116
11103
11111
11110
11070
11084
11045
11065
11108
11099
11086
11109
11083
11118
11074
11081
11125
11138
11109
11135
11126
11114
11132
11122
11115
11127
11058
11124
11128
11150
11139
11156
11123
11066
11141
11130
11094
11163
11082
11080
11129
11100
11130
11075
11170
11085
11162
11086
11134
11134
11090
11149
11090
11086
11126
11120
11106
11153
11091
11098
11129
11167
11181
11161
11179
11170
11126
11172
11131
11189
11114
11114
11184
11120
11176
11152
11157
11157
11193
11204
11180
11160
11196
11184
11195
11117
11162
11204
11149
11125
11130
11183
11177
11148
11179
11171
11217
11162
11187
11162
11132
11129
11203
11215
11212
11169
11138
11200
11196
11143
11218
11165
11198
11178
11198
11206
11213
11224
11194
11237
11222
11196
11195
11236
11181
11171
11191
11224
11170
11197
11186
11204
11210
11250
11173
11250
11188
11227
11231
11185
11263
11206
11208
11182
11248
11247
11201
11216
11196
11242
11210
11257
11263
11223
11188
11224
11273
11261
11227
11219
11276
11233
11236
11225
11277
11251
11244
11237
11238
11231
11231
11294
11245
11284
11228
11249
11276
11265
11261
11244
11245
11257
11211
11267
11305
11272
11235
11295
11240
11235
11299
11238
11242
11223
11305
11251
11290
11260
11261
11280
11288
11239
11275
11273
11304
11308
11284
11305
11260
11241
11262
11337
11299
11267
11293
11246
11343
11338
11265
11257
11333
11259
11310
11341
11302
11348
11296
11329
11261
11314
11293
11353
11320
11348
11328
11266
11339
11290
11291
11360
11284
11344
11329
11273
11305
11355
11278
11357
11366
11352
11339
11334
11304
11331
11288
11310
11359
11378
11383
11342
11311
11377
11315
11356
11308
11299
11342
11369
11383
11314
11350
11361
11361
11304
11341
11355
11381
11335
11318
11337
11359
11319
11380
11368
11347
11314
11382
11391
11395
11373
11410
11407
11321
11338
11323
11333
11380
11413
11400
11422
11346
11417
11400
11373
11362
11362
11410
11398
11429
11384
11360
11347
11387
11373
11430
11360
11355
11360
11408
11352
11391
11434
11439
11384
11374
11432
11371
11408
11434
11400
11383
11411
11445
11429
11402
11425
11370
11380
11391
11442
11411
11447
11403
11407
11413
11462
11436
11470
11422
11425
11446
11395
11395
11429
11439
11441
11436
11435
11426
11454
11428
11457
11434
11468
11438
11400
11491
11442
11409
11443
11426
11452
11454
11439
11460
11448
11427
11473
11504
11426
11407
11417
11472
11446
11476
11458
11472
11468
11509
11502
11443
11507
11474
11506
11504
11440
11512
11437
11512
11510
11463
11457
11514
11439
11483
11488
11465
11511
11454
11441
11482
11532
11531
11523
11461
11497
11474
11539
11494
11470
11475
11502
11489
11548
11459
11480
11461
11507
11460
11527
11526
11525
11529
11537
11512
11528
11481
11555
11552
11559
11528
11568
11478
11494
11483
11502
11497
11485
11532
11564
11512
11544
11488
11555
11492
11514
11507
11560
11524
11531
11499
11539
11561
11522
11510
11516
11526
11496
11512
11496
11509
11542
11551
11580
11532
11554
11554
11535
11548
11583
11559
11530
11567
11555
11591
11521
11591
11614
11531
11541
11540
11598
11609
11540
11592
11541
11619
11536
11554
11605
11598
11564
11608
11590
11628
11628
11628
11597
11583
11578
11598
11626
11542
11619
11583
11597
11545
11585
11562
11612
11559
11575
11568
11608
11622
11599
11560
11602
11566
11646
11606
11572
11594
11608
11616
11571
11589
11571
11604
11639
11578
11647
11623
11660
11635
11612
11662
11614
11658
11642
11587
11665
11665
11627
11649
11651
11629
11623
11668
11595
11626
11610
11597
11671
11663
11664
11685
11602
11675
11623
11628
11600
11613
11693
11630
11669
11644
11649
11697
11686
11642
11631
11621
11696
11671
11626
11682
11648
11693
11616
11677
11650
11657
11668
11658
11633
11696
11679
11672
11667
11641
11704
11701
11634
11678
11709
11669
11719
11646
11684
11733
11678
11643
11675
11686
11699
11655
11661
11658
11707
11728
11676
11739
11746
11662
11708
11683
11685
11674
11742
11694
11661
11731
11759
11684
11731
11721
11667
11733
11699
11667
11690
11697
11719
11761
11702
11713
11720
11709
11734
11749
11711
11776
11718
11742
11745
11732
11715
11776
11748
11696
11777
11704
11720
11732
11761
11748
11785
11751
11734
11792
11774
11768
11781
11728
11797
11723
11800
11778
11755
11788
11710
11716
11721
11776
11781
11800
11774
11749
11728
11787
11727
11746
11724
11794
11748
11780
11772
11735
11790
11730
11793
11823
11807
11768
11823
11739
11748
11775
11824
11797
11764
11781
11836
11841
11809
11804
11794
11809
11788
11807
11789
11835
11811
11800
11775
11798
11817
11835
11791
11809
11769
11832
11784
11767
11835
11770
11774
11779
11770
11839
11829
11775
11868
11855
11779
11847
11839
11828
11814
11865
11803
11812
11875
11835
11817
11808
11843
11864
11834
11824
11817
11840
11791
11794
11825
11813
11857
11845
11853
11847
11808
11897
11900
11882
11868
11893
11850
11810
11897
11871
11899
11901
11894
11850
11889
11826
11905
11844
11908
11840
11911
11901
11909
11883
11872
11878
11891
11831
11923
11830
11864
11917
11849
11925
11835
11897
11919
11836
11842
11860
11853
11887
11885
11929
11937
11933
11878
11846
11871
11944
11906
11929
11940
11936
11892
11892
11903
11921
11953
11865
11864
11947
11914
11885
11869
11888
11869
11908
11935
11927
11946
11903
11947
11887
11965
11934
11946
11916
11965
11973
11972
11925
11970
11942
11929
11952
11955
11926
11961
11926
11922
11969
11961
11906
11940
11905
11967
11902
11911
11963
11948
11993
11945
11931
11995
11981
11906
11930
11989
12001
12007
11966
11934
12001
11981
11916
11945
12002
11957
11996
11958
12017
11988
11947
12021
11976
12011
12022
11940
11990
12021
11954
11968
12016
11991
11993
12021
11981
12030
11960
11941
11994
12010
12004
12005
11989
11989
12019
12009
11970
11959
11973
11990
11990
11998
12042
11972
12019
12028
12007
11968
12057
11990
12061
12030
12054
12060
12062
12065
11996
12002
12010
12054
12052
12013
12038
11979
11982
12049
11988
12053
12076
12024
12022
12022
12052
12048
12062
12050
12021
12062
11992
12052
12000
12080
11996
12055
12001
12030
12040
12013
12070
12070
12057
12070
12073
12064
12086
12100
12086
12056
12077
12047
12092
12028
12089
12094
12029
12027
12047
12018
12048
12040
12074
12109
12111
12096
12082
12055
12074
12031
12112
12111
12052
12080
12116
12051
12047
12057
12105
12092
12107
12101
12126
12131
12115
12065
12112
12101
12073
12079
12091
12095
12112
12098
12097
12105
12071
12140
12062
12073
12081
12145
12151
12109
12161
12146
12071
12074
12128
12104
12142
12127
12160
12127
12106
12102
12172
12116
12084
12176
12171
12089
12140
12137
12104
12164
12087
12121
12175
12183
12125
12171
12118
12094
12149
12168
12164
12149
12106
12169
12160
12199
12141
12126
12127
12176
12112
12205
12175
12119
12190
12175
12114
12127
12206
12176
12176
12175
12164
12214
12206
12183
12166
12188
12188
12153
12185
12136
12198
12178
12169
12136
12169
12174
12183
12173
12211
12184
12173
12157
12157
12178
12189
12231
12220
12190
12229
12174
12190
12174
12247
12227
12237
12166
12221
12237
12216
12206
12175
12219
12183
12195
12218
12254
12203
12176
12245
12218
12183
12182
12259
12193
12200
12184
12197
12225
12205
12238
12233
12260
12182
12257
12228
12237
12220
12268
12223
12189
12225
12265
12285
12225
12266
12250
12257
12272
12244
12222
12292
12215
12291
12293
12213
12261
12276
12291
12279
12215
12240
12283
12216
12224
12289
12284
12213
12296
12249
12268
12284
12248
12300
12240
12233
12296
12305
12234
12258
12252
12315
12278
12318
12241
12303
12290
12291
12290
12290
12322
12256
12335
12327
12302
12338
12276
12248
12316
12325
12298
12318
12320
12335
12288
12297
12346
12296
12341
12335
12316
12307
12291
12271
12352
12305
12267
12282
12278
12303
12310
12350
12316
12330
12340
12295
12278
12349
12327
12317
12374
12315
12306
12345
12317
12379
12322
12290
12335
12350
12292
12320
12365
12344
12359
12358
12391
12301
12312
12334
12322
12341
12320
12359
12301
12347
12316
12342
12365
12367
12330
12389
12338
12347
12391
12340
12388
12383
12343
12331
12335
12344
12333
12390
12352
12412
12349
12419
12360
12398
12347
12419
12379
12383
12334
12347
12351
12367
12433
12422
12372
12338
12388
12388
12346
12342
12364
12346
12360
12411
12424
12397
12366
12420
12385
12436
12394
12447
12446
12418
12455
12365
12412
12459
12366
12369
12399
12421
12394
12442
12437
12387
12396
12460
12464
12394
12432
12433
12399
12439
12464
12417
12455
12396
12397
12424
12450
12388
12471
12447
12462
12452
12391
12437
12455
12434
12429
12475
12400
12448
12447
12442
12442
12491
12434
12416
12470
12470
12452
12484
12487
12441
12434
12425
12443
12417
12466
12436
12434
12431
12434
12425
12492
12451
12460
12516
12499
12455
12459
12483
12506
12497
12489
12493
12493
12487
12517
12474
12533
12455
12475
12439
12447
12455
12470
12516
12467
12478
12531
12512
12507
12479
12525
12458
12474
12492
12496
12488
12537
12509
12501
12484
12463
12557
12551
12543
12490
12537
12527
12563
12474
12505
12551
12555
12528
12522
12502
12515
12512
12511
12535
12486
12521
12524
12549
12542
12553
12538
12538
12491
12583
12558
12576
12579
12576
12502
12583
12500
12516
12533
12581
12582
12518
12548
12542
12546
12511
12537
12521
12539
12564
12523
12564
12584
12586
12554
12583
12611
12557
12528
12522
12543
12601
12553
12598
12576
12533
12579
12607
12581
12601
12529
12584
12539
12591
12609
12574
12579
12539
12601
12587
12590
12597
12607
12547
12631
12566
12552
12604
12592
12636
12642
12594
12613
12610
12648
12559
12556
12577
12629
12655
12583
12647
12627
12573
12603
12649
12574
12593
12588
12636
12662
12626
12665
12646
12609
12619
12615
12649
12625
12583
12653
12602
12638
12643
12639
12668
12662
12636
12644
12642
12595
12653
12620
12673
12644
12654
12676
12689
12619
12637
12651
12667
12663
