184
104
117
171
192
196
117
140
127
129
158
160
187
193
181
171
206
159
161
138
210
154
177
171
178
198
163
134
226
186
137
168
207
144
144
158
187
138
220
166
198
159
221
212
221
192
146
164
182
154
218
229
166
175
211
226
246
176
186
209
209
254
178
168
223
183
191
168
263
169
184
173
194
270
199
176
271
204
264
207
193
248
277
233
274
207
218
249
192
270
241
268
241
274
226
205
199
229
226
262
203
257
259
256
209
225
300
305
244
301
224
260
257
264
251
276
308
308
264
253
289
290
287
286
321
272
283
297
234
302
308
254
232
244
260
285
281
261
246
252
298
255
288
250
342
336
272
284
306
257
294
321
253
350
267
325
304
346
267
335
347
354
333
292
349
273
345
287
359
275
338
294
286
368
356
298
350
306
373
344
340
357
329
354
356
315
352
336
324
299
368
304
344
345
317
313
339
302
317
380
325
400
345
325
364
313
335
338
385
324
410
374
352
324
318
327
361
369
331
339
420
398
350
348
362
383
393
346
387
353
346
424
365
364
355
431
341
378
338
414
383
396
423
353
394
372
391
359
406
414
359
355
430
360
394
439
407
404
367
408
425
367
383
463
447
380
455
445
434
372
404
395
431
382
377
463
396
440
454
411
443
449
395
461
442
467
457
392
451
411
451
415
480
435
403
412
461
492
468
460
424
479
441
461
443
461
499
456
440
490
435
467
476
474
442
482
425
496
497
512
515
475
474
521
431
498
512
504
475
482
501
433
473
443
475
494
486
488
510
454
441
502
457
473
474
524
466
513
546
475
531
452
480
462
549
459
470
556
557
521
518
492
537
467
502
494
510
468
558
539
542
559
531
542
539
536
487
557
545
480
533
524
576
570
531
499
569
556
530
497
545
491
522
567
513
509
540
501
585
557
579
570
561
523
574
537
547
526
534
575
581
560
565
554
532
572
579
524
594
573
535
609
580
536
550
558
528
601
597
580
575
570
599
586
617
629
565
559
596
555
628
601
556
638
613
614
549
645
599
645
644
644
594
633
618
597
620
649
644
631
625
622
574
612
584
604
608
610
600
590
576
649
672
657
576
668
588
622
619
621
584
608
590
612
617
595
677
660
604
636
637
635
610
599
651
598
598
687
609
699
626
604
685
629
638
687
701
624
669
654
670
702
633
680
648
712
654
645
635
702
652
654
643
717
642
704
661
635
716
713
638
708
675
647
730
722
716
665
706
683
665
680
673
738
723
702
689
721
729
736
705
717
735
716
726
702
691
704
713
724
722
751
729
703
720
737
680
682
722
669
681
764
679
703
770
707
730
706
766
706
775
778
734
778
750
731
698
732
695
752
785
694
754
756
774
712
782
758
732
739
737
732
724
746
799
725
722
743
773
754
792
769
726
746
766
724
791
770
795
810
747
728
785
807
805
747
814
783
747
747
829
754
762
772
810
830
828
826
747
800
759
756
748
793
797
769
829
764
805
847
803
821
839
807
757
848
783
845
856
836
837
813
832
852
764
855
809
838
789
836
867
804
857
837
848
858
875
800
783
836
830
797
817
858
881
829
861
819
859
792
801
831
888
864
848
824
825
849
813
891
823
896
810
845
861
835
855
809
891
818
910
836
834
854
826
902
900
871
898
848
881
880
903
878
907
840
827
872
911
887
871
891
842
865
918
841
887
882
904
901
934
877
891
851
932
896
925
849
855
874
877
901
949
888
875
924
887
893
949
885
869
895
904
904
955
872
925
944
958
945
913
958
960
961
899
970
945
912
888
889
951
926
895
887
945
939
923
900
910
988
891
986
896
962
924
902
917
988
975
989
962
978
917
903
941
995
907
949
938
912
920
1006
926
977
942
1009
1000
935
993
945
934
1015
982
936
966
1025
978
939
1015
980
986
1012
1031
988
990
1033
937
1032
1020
963
971
952
1032
995
966
992
1025
1030
1047
993
1025
1034
1002
979
1039
1049
1028
1015
1057
968
980
964
1042
1034
1042
984
971
1061
974
999
1046
994
1008
984
1032
1032
980
1013
1036
1005
1016
1047
1020
1000
1020
1075
1005
1055
1044
998
1045
1039
1017
1079
1093
1010
1062
998
1022
1021
1061
1064
1057
1017
1044
1105
1047
1083
1079
1069
1085
1110
1099
1091
1092
1107
1078
1037
1057
1048
1104
1039
1052
1081
1040
1040
1096
1057
1057
1070
1073
1081
1034
1122
1065
1088
1098
1125
1129
1134
1112
1080
1123
1095
1057
1048
1065
1093
1059
1068
1080
1104
1084
1055
1123
1061
1139
1120
1102
1070
1071
1066
1093
1156
1098
1108
1125
1115
1166
1080
1073
1108
1089
1125
1140
1125
1149
1080
1093
1100
1087
1124
1140
1163
1095
1135
1120
1126
1188
1186
1149
1123
1186
1183
1117
1145
1136
1129
1198
1100
1115
1122
1109
1134
1161
1204
1171
1147
1200
1131
1123
1131
1148
1164
1128
1172
1190
1166
1149
1198
1128
1180
1152
1207
1186
1129
1152
1174
1135
1196
1138
1192
1170
1146
1163
1221
1205
1201
1215
1173
1237
1185
1203
1223
1184
1167
1157
1222
1153
1204
1222
1236
1228
1156
1164
1236
1234
1204
1209
1173
1224
1161
1227
1260
1193
1165
1175
1169
1180
1252
1174
1198
1221
1214
1219
1211
1251
1254
1261
1204
1216
1198
1193
1234
1249
1261
1284
1271
1277
1216
1275
1219
1281
1197
1202
1245
1258
1277
1275
1273
1257
1298
1279
1283
1251
1227
1262
1300
1286
1254
1289
1309
1233
1280
1301
1309
1234
1295
1287
1223
1227
1306
1287
1316
1244
1306
1300
1269
1309
1309
1310
1267
1279
1300
1297
1329
1251
1264
1292
1258
1326
1275
1254
1320
1245
1330
1331
1289
1277
1313
1253
1308
1302
1308
1304
1259
1353
1322
1279
1334
1331
1348
1342
1362
1307
1362
1274
1357
1363
1332
1276
1325
1285
1369
1326
1359
1316
1335
1294
1370
1372
1298
1318
1352
1292
1373
1348
1339
1361
1348
1304
1310
1331
1375
1382
1368
1354
1337
1374
1351
1309
1323
1396
1370
1366
1311
1370
1366
1338
1367
1381
1374
1406
1324
1409
1406
1348
1407
1416
1374
1365
1335
1342
1343
1381
1416
1360
1329
1330
1389
1409
1336
1384
1410
1363
1408
1357
1348
1403
1353
1416
1372
1419
1440
1396
1368
1381
1364
1446
1375
1357
1437
1411
1412
1375
1452
1434
1453
1448
1403
1455
1375
1362
1370
1389
1441
1429
1465
1425
1380
1374
1383
1418
1467
1447
1461
1452
1475
1391
1407
1392
1382
1428
1439
1428
1447
1477
1441
1484
1460
1409
1457
1404
1489
1452
1399
1427
1436
1433
1439
1415
1425
1434
1483
1490
1446
1412
1456
1485
1424
1509
1473
1510
1435
1472
1512
1476
1459
1426
1498
1483
1489
1439
1481
1429
1508
1524
1441
1484
1451
1432
1520
1452
1499
1453
1528
1443
1451
1486
1521
1490
1533
1484
1523
1449
1518
1474
1506
1472
1542
1511
1539
1454
1523
1499
1520
1541
1502
1528
1476
1484
1480
1478
1562
1498
1501
1553
1502
1499
1478
1554
1551
1499
1503
1550
1500
1539
1540
1554
1543
1573
1558
1549
1522
1572
1553
1575
1498
1584
1496
1516
1542
1584
1566
1575
1542
1546
1557
1505
1513
1519
1560
1563
1504
1549
1560
1578
1528
1587
1599
1521
1544
1567
1575
1547
1601
1545
1597
1521
1607
1542
1528
1597
1582
1569
1566
1535
1584
1545
1565
1623
1564
1579
1586
1599
1560
1539
1554
1613
1609
1565
1596
1565
1597
1617
1590
1603
1643
1579
1594
1554
1636
1642
1637
1647
1652
1603
1593
1641
1642
1632
1601
1625
1651
1613
1621
1608
1622
1655
1570
1572
1614
1657
1619
1611
1581
1647
1634
1616
1659
1607
1645
1621
1605
1659
1663
1605
1607
1682
1681
1637
1615
1671
1692
1685
1613
1653
1646
1646
1693
1690
1647
1676
1678
1677
1617
1625
1610
1609
1647
1702
1673
1663
1677
1645
1701
1660
1691
1659
1690
1646
1639
1702
1642
1697
1629
1713
1710
1632
1696
1708
1661
1655
1639
1726
1646
1647
1643
1730
1729
1718
1666
1652
1660
1697
1695
1719
1732
1748
1701
1659
1718
1743
1685
1720
1721
1672
1702
1739
1749
1709
1720
1699
1711
1686
1691
1677
1677
1733
1692
1736
1706
1709
1732
1770
1689
1680
1744
1777
1721
1765
1767
1682
1757
1734
1693
1686
1730
1723
1759
1761
1744
1757
1714
1786
1703
1714
1778
1772
1751
1797
1730
1709
1712
1718
1784
1725
1745
1806
1744
1775
1774
1739
1789
1747
1750
1740
1750
1818
1770
1748
1793
1778
1763
1768
1815
1731
1764
1826
1825
1792
1819
1818
1774
1778
1821
1829
1790
1814
1817
1749
1773
1759
1820
1816
1787
1747
1823
1825
1837
1842
1844
1764
1817
1844
1775
1782
1834
1821
1811
1790
1783
1808
1769
1825
1802
1794
1801
1858
1796
1854
1867
1791
1853
1845
1803
1872
1816
1854
1855
1845
1855
1828
1876
1857
1861
1842
1834
1858
1847
1872
1843
1867
1819
1874
1860
1797
1849
1834
1812
1803
1829
1890
1900
1826
1844
1820
1859
1866
1897
1819
1823
1876
1869
1887
1896
1896
1910
1883
1914
1867
1871
1910
1840
1850
1919
1892
1828
1892
1885
1854
1913
1866
1900
1879
1873
1873
1848
1863
1864
1854
1897
1909
1866
1918
1856
1912
1862
1888
1901
1896
1894
1896
1906
1881
1942
1934
1937
1931
1921
1928
1926
1906
1917
1872
1951
1907
1876
1870
1952
1916
1934
1899
1907
1942
1897
1905
1883
1967
1881
1917
1941
1903
1945
1967
1981
1979
1965
1902
1941
1944
1966
1906
1957
1962
1968
1904
1979
1936
1997
1909
1904
1926
1924
1944
1984
1976
1995
2004
1950
1928
1952
1929
1975
1995
1929
1951
2017
1996
1985
1975
2001
1947
2006
1989
1990
1969
1943
1946
1993
1964
2006
1970
2009
1994
1987
2000
1974
2023
1945
1948
2017
2042
1984
2009
2022
1977
1993
2042
1996
2020
1980
2017
1960
2028
1997
1976
2006
2022
2009
1961
1984
2000
1981
1971
2021
2000
2000
2064
2052
2065
2052
2057
2002
2059
2052
1994
2024
2043
2015
2004
1993
1982
2028
2011
2069
1992
2034
1990
1997
2026
2004
2030
2030
2012
2076
2094
2000
2013
1999
2035
2096
2066
2040
2036
2022
2068
2051
2095
2035
2082
2096
2046
2103
2094
2097
2071
2038
2116
2033
2049
2109
2036
2023
2059
2083
2055
2040
2102
2124
2106
2101
2122
2062
2103
2092
2080
2096
2089
2049
2118
2108
2105
2108
2072
2069
2087
2131
2085
2144
2055
2080
2120
2085
2073
2075
2075
2136
2118
2063
2127
2069
2091
2128
2105
2124
2159
2139
2161
2108
2091
2131
2152
2153
2166
2148
2080
2086
2166
2167
2128
2159
2093
2147
2108
2094
2143
2139
2125
2091
2137
2094
2146
2134
2180
2116
2185
2101
2142
2108
2187
2146
2109
2198
2193
2136
2162
2169
2183
2191
2143
2197
2189
2144
2187
2205
2154
2190
2133
2162
2144
2192
2159
2195
2126
2144
2208
2225
2155
2149
2168
2203
2192
2193
2223
2137
2156
2152
2143
2217
2184
2158
2217
2216
2217
2197
2206
2164
2159
2183
2178
2152
2204
2221
2208
2245
2245
2171
2217
2246
2161
2197
2257
2228
2223
2239
2213
2243
2225
2192
2223
2258
2183
2202
2199
2227
2240
2251
2260
2272
2223
2186
2273
2250
2260
2200
2202
2267
2220
2260
2229
2193
2202
2273
2255
2195
2228
2284
2218
2238
2231
2243
2208
2250
2300
2227
2224
2243
2213
2292
2228
2249
2237
2240
2240
2276
2281
2313
2253
2315
2282
2266
2309
2292
2257
2258
2231
2293
2271
2247
2271
2277
2278
2308
2309
2327
2238
2335
2300
2264
2290
2274
2322
2253
2278
2290
2294
2281
2347
2318
2263
2301
2348
2287
2282
2329
2328
2349
2285
2278
2303
2360
2308
2313
2294
2338
2318
2348
2286
2346
2318
2332
2370
2308
2300
2312
2345
2345
2311
2320
2315
2317
2352
2309
2332
2286
2313
2349
2302
2330
2377
2364
2354
2366
2323
2348
2336
2339
2383
2396
2387
2395
2401
2318
2372
2355
2308
2362
2356
2394
2329
2325
2332
2406
2323
2384
2411
2340
2415
2369
2405
2328
2402
2345
2355
2355
2340
2358
2364
2418
2358
2332
2393
2399
2394
2431
2413
2364
2431
2422
2350
2408
2409
2377
2421
2409
2402
2402
2365
2378
2399
2371
2406
2383
2427
2363
2361
2430
2444
2398
2424
2461
2439
2450
2371
2386
2384
2382
2393
2422
2453
2398
2427
2384
2387
2391
2456
2392
2450
2413
2466
2424
2389
2425
2405
2448
2406
2408
2451
2423
2409
2468
2478
2491
2422
2461
2398
2441
2435
2400
2405
2463
2488
2422
2437
2467
2504
2465
2433
2455
2479
2467
2473
2490
2425
2442
2430
2499
2448
2457
2458
2498
2466
2510
2505
2430
2433
2468
2436
2460
2522
2494
2465
2471
2452
2454
2508
2457
2467
2488
2457
2460
2509
2474
2521
2526
2481
2465
2498
2463
2471
2520
2499
2529
2456
2500
2485
2540
2533
2460
2492
2525
2535
2478
2534
2533
2509
2493
2512
2517
2567
2506
2563
2483
2515
2489
2537
2502
2503
2531
2579
2504
2539
2553
2494
2499
2499
2557
2491
2496
2552
2565
2585
2577
2503
2559
2538
2532
2594
2557
2547
2516
2557
2599
2570
2603
2544
2581
2537
2574
2551
2583
2531
2570
2519
2588
2584
2597
2601
2598
2536
2581
2566
2559
2611
2535
2539
2536
2568
2560
2588
2556
2601
2586
2548
2604
2589
2635
2603
2591
2580
2628
2640
2560
2604
2563
2639
2611
2596
2563
2622
2641
2650
2584
2614
2556
2558
2649
2631
2578
2658
2617
2622
2652
2617
2641
2629
2650
2584
2620
2589
2664
2621
2635
2637
2579
2659
2657
2605
2649
2610
2591
2603
2653
2654
2640
2650
2682
2628
2623
2633
2611
2642
2684
2600
2670
2676
2684
2610
2677
2683
2667
2644
2699
2612
2611
2612
2680
2694
2703
2671
2661
2696
2632
2662
2638
2639
2688
2710
2673
2667
2721
2685
2677
2652
2675
2726
2682
2695
2685
2654
2632
2647
2720
2721
2722
2708
2712
2697
2646
2720
2706
2716
2721
2693
2727
2681
2680
2707
2736
2694
2665
2721
2735
2697
2749
2719
2720
2699
2752
2687
2680
2733
2741
2742
2749
2728
2690
2718
2736
2726
2760
2742
2749
2677
2727
2734
2718
2679
2761
2733
2744
2717
2712
2779
2744
2700
2700
2722
2728
2709
2777
2702
2723
2735
2705
2698
2785
2716
2716
2737
2716
2796
2754
2753
2758
2716
2761
2759
2765
2716
2720
2726
2714
2766
2770
2770
2812
2747
2787
2730
2795
2788
2791
2737
2749
2751
2796
2790
2804
2814
2817
2774
2750
2816
2746
2776
2757
2764
2794
2755
2746
2827
2811
2813
2748
2761
2800
2795
2804
2805
2781
2791
2775
2760
2812
2848
2833
2808
2848
2817
2792
2853
2850
2816
2844
2862
2772
2768
2803
2825
2816
2793
2800
2791
2865
2859
2796
2832
2793
2828
2854
2855
2851
2833
2809
2838
2789
2884
2848
2827
2802
2850
2857
2847
2809
2889
2866
2823
2807
2882
2878
2892
2841
2880
2812
2896
2892
2887
2820
2885
2890
2815
2863
2828
2820
2870
2853
2857
2913
2823
2920
2922
2852
2924
2894
2866
2890
2845
2915
2856
2917
2892
2927
2916
2843
2850
2911
2862
2848
2893
2897
2854
2936
2861
2892
2860
2912
2852
2853
2894
2877
2917
2901
2879
2883
2888
2901
2862
2862
2875
2882
2897
2916
2964
2960
2948
2932
2924
2934
2889
2953
2892
2879
2902
2971
2899
2919
2951
2918
2950
2945
2900
2941
2939
2964
2953
2985
2913
2969
2899
2898
2900
2909
2972
2917
2931
2920
2915
2987
2997
2925
2975
2982
2996
2926
2920
2931
2949
2975
2931
2979
2974
2947
2939
2920
2949
2978
3006
2989
2936
2953
2984
2950
2996
3009
3023
2936
3021
2978
3015
3029
2944
2948
3029
2995
2976
3012
3031
2962
3022
2997
2962
2980
3018
2970
2979
3022
3000
3039
2995
3022
2980
3028
3045
3013
3019
3037
2982
3003
3007
2987
3043
2999
3061
3010
3015
3019
3025
3047
2976
3026
3027
3010
3037
2994
2979
3038
3025
3024
3023
3078
3009
3018
2993
3020
2992
3030
3020
3062
2997
3080
3016
3058
3088
3053
3076
3006
3017
3034
3042
3034
3073
3053
3092
3086
3064
3104
3057
3011
3090
3062
3073
3028
3086
3067
3035
3045
3050
3089
3030
3120
3061
3117
3030
3075
3091
3085
3118
3089
3114
3049
3102
3044
3041
3104
3101
3056
3084
3041
3133
3075
3097
3139
3099
3141
3096
3076
3095
3102
3125
3118
3094
3081
3101
3121
3103
3142
3155
3094
3138
3106
3149
3070
3147
3114
3135
3079
3128
3130
3086
3138
3115
3105
3146
3078
3100
3081
3177
3085
3147
3132
3092
3125
3149
3160
3147
3132
3188
3118
3176
3150
3135
3163
3189
3178
3135
3142
3183
3185
3115
3169
3148
3136
3171
3153
3122
3201
3134
3167
3171
3177
3206
3180
3196
3205
3184
3158
3172
3166
3191
3217
3200
3130
3192
3199
3131
3190
3185
3153
3176
3162
3139
3199
3207
3200
3168
3143
3219
3190
3191
3184
3169
3219
3163
3206
3164
3183
3212
3225
3154
3221
3161
3205
3224
3251
3168
3251
3237
3246
3186
3188
3174
3194
3240
3189
3224
3225
3217
3212
3201
3244
3228
3192
3227
3267
3231
3205
3216
3231
3262
3274
3239
3196
3253
3230
3218
3267
3200
3241
3214
3209
3251
3198
3291
3205
3235
3296
3209
3266
3202
3274
3216
3281
3293
3289
3262
3226
3238
3251
3228
3308
3243
3220
3304
3300
3280
3253
3234
3274
3287
3253
3298
3307
3299
3245
3273
3323
3241
3268
3324
3277
3287
3325
3321
3332
3288
3278
3253
3299
3318
3337
3281
3262
3329
3311
3302
3290
3273
3325
3297
3283
3332
3285
3289
3264
3309
3307
3261
3311
3298
3293
3352
3353
3280
3320
3287
3333
3363
3277
3277
3338
3291
3317
3301
3366
3363
3349
3295
3291
3308
3288
3341
3337
3308
3315
3300
3302
3315
3332
3300
3293
3296
3312
3315
3300
3391
3323
3342
3304
3380
3395
3397
3353
3369
3309
3363
3405
3388
3342
3393
3314
3315
3412
3397
3383
3377
3337
3343
3321
3396
3377
3349
3417
3335
3334
3355
3388
3427
3404
3387
3383
3429
3370
3375
3372
3343
3410
3350
3359
3422
3435
3384
3380
3355
3392
3426
3372
3442
3429
3366
3404
3449
3439
3444
3398
3434
3375
3386
3429
3424
3416
3452
3448
3405
3459
3373
3453
3407
3403
3383
3423
3411
3418
3418
3443
3474
3447
3441
3474
3410
3396
3402
3390
3416
3385
3433
3461
3434
3450
3467
3417
3445
3398
3481
3427
3465
3461
3464
3463
3487
3420
3408
3444
3411
3477
3491
3459
3471
3410
3467
3464
3428
3437
3495
3446
3481
3469
3477
3427
3506
3464
3489
3486
3462
3438
3501
3441
3509
3432
3442
3489
3516
3444
3439
3443
3490
3509
3502
3528
3460
3447
3499
3508
3499
3448
3448
3492
3503
3484
3539
3523
3472
3463
3484
3528
3511
3555
3481
3483
3470
3487
3530
3551
3554
3523
3470
3513
3484
3550
3558
3491
3490
3525
3562
3489
3490
3550
3553
3492
3510
3516
3563
3576
3522
3543
3491
3555
3522
3517
3585
3539
3568
3524
3516
3533
3593
3592
3511
3593
3545
3596
3514
3576
3592
3515
3605
3566
3568
3527
3572
3511
3544
3593
3605
3538
3516
3609
3527
3575
3614
3557
3621
3565
3602
3557
3575
3622
3575
3604
3591
3628
3558
3561
3604
3591
3627
3603
3591
3605
3597
3608
3638
3558
3588
3629
3622
3560
3609
3638
3609
3598
3566
3644
3560
3648
3557
3617
3611
3639
3601
3639
3605
3569
3618
3657
3600
3665
3627
3666
3655
3610
3654
3579
3659
3626
3632
3603
3582
3589
3604
3592
3658
3641
3609
3658
3587
3673
3665
3591
3619
3613
3626
3626
3665
3617
3598
3644
3613
3633
3602
3668
3694
3697
3630
3614
3676
3632
3703
3644
3655
3622
3663
3631
3651
3691
3676
3678
3655
3663
3699
3680
3705
3717
3682
3630
3699
3689
3697
3632
3674
3705
3709
3722
3688
3664
3710
3677
3709
3707
3641
3682
3673
3652
3741
3660
3649
3651
3666
3681
3687
3670
3676
3725
3688
3679
3709
3671
3688
3707
3687
3689
3665
3741
3761
3692
3733
3712
3743
3725
3689
3763
3699
3731
3763
3681
3769
3758
3745
3741
3743
3741
3704
3755
3764
3757
3718
3740
3745
3724
3715
3742
3737
3730
3783
3762
3777
3710
3760
3758
3730
3769
3716
3743
3742
3794
3722
3804
3754
3788
3802
3757
3713
3778
3748
3733
3778
3719
3735
3776
3767
3804
3801
3786
3807
3782
3758
3731
3798
3802
3813
3738
3778
3808
3800
3812
3812
3819
3777
3779
3805
3828
3797
3770
3780
3748
3758
3817
3847
3841
3812
3791
3807
3827
3757
3797
3777
3805
3807
3766
3838
3770
3792
3852
3788
3819
3789
3853
3808
3815
3847
3859
3781
3826
3798
3811
3826
3840
3845
3810
3805
3858
3878
3876
3879
3811
3799
3865
3831
3835
3870
3830
3838
3838
3868
3844
3856
3800
3817
3802
3853
3840
3822
3880
3813
3902
3860
3854
3824
3841
3901
3877
3855
3866
3842
3855
3846
3842
3877
3906
3869
3908
3922
3912
3851
3826
3879
3927
3878
3902
3929
3916
3923
3841
3924
3848
3897
3924
3876
3895
3937
3903
3900
3880
3851
3902
3881
3941
3937
3890
3878
3858
3888
3929
3867
3923
3866
3913
3867
3861
3951
3957
3920
3905
3950
3953
3895
3962
3944
3955
3915
3884
3901
3963
3927
3922
3893
3965
3880
3977
3958
3966
3975
3918
3927
3980
3888
3985
3914
3936
3977
3932
3967
3927
3900
3913
3900
3939
3906
3948
3993
3922
3993
3962
3914
3968
3908
3938
3922
3985
3976
3950
3974
4009
3936
3921
3979
3974
3963
3949
3958
3962
3944
3974
4000
4002
3989
3938
4007
3971
4022
4003
3974
3989
4003
3944
4033
4026
3980
3939
4029
4024
3978
4034
4041
4034
4005
3966
4012
4045
3999
3957
4050
4025
4010
4049
4016
4056
4010
4025
4021
4042
3989
4021
4043
4024
4041
4033
4036
4022
4000
4040
4044
4056
4071
4036
4036
4012
3981
3997
4026
4004
4067
4012
4070
4074
4013
4085
4069
4039
3992
3993
4005
3995
4082
4062
4068
4031
4077
4027
4087
4022
4089
4054
4069
4066
4099
4083
4064
4035
4042
4084
4030
4069
4050
4081
4069
4039
4046
4115
4040
4039
4048
4085
4111
4125
4100
4029
4082
4049
4058
4055
4095
4073
4053
4057
4128
4076
4092
4051
4044
4119
4134
4132
4075
4116
4117
4093
4054
4060
4085
4093
4096
4128
4074
4118
4072
4087
4138
4070
4128
4149
4103
4159
4146
4117
4138
4163
4124
4076
4118
4148
4138
4113
4171
4097
4108
4140
4138
4108
4086
4101
4164
4151
4147
4101
4185
4130
4088
4172
4138
4155
4158
4136
4152
4175
4117
4182
4140
4117
4176
4183
4104
4179
4194
4148
4110
4119
4199
4171
4165
4121
4165
4155
4194
4184
4191
4186
4198
4145
4128
4219
4148
4169
4171
4151
4139
4221
4140
4131
4170
4211
4217
4226
4175
4180
4215
4153
4232
4231
4168
4204
4226
4178
4145
4220
4231
4170
4237
4241
4220
4245
4213
4245
4248
4163
4228
4158
4206
4204
4219
4222
4220
4263
4206
4223
4229
4239
4179
4260
4210
4180
4188
4243
4183
4213
4274
4210
4222
4237
4232
4185
4227
4259
4266
4273
4269
4193
4235
4271
4231
4252
4279
4225
4200
4219
4241
4290
4243
4272
4265
4257
4237
4231
4211
4285
4253
4286
4252
4267
4281
4278
4292
4270
4271
4261
4235
4301
4296
4306
4251
4284
4304
4320
4317
4263
4267
4265
4299
4314
4320
4252
4301
4294
4262
4269
4250
4264
4338
4290
4328
4298
4337
4289
4331
4270
4344
4258
4329
4303
4311
4261
4293
4334
4268
4302
4329
4271
4356
4295
4330
4276
4291
4348
4337
4365
4357
4356
4315
4354
4363
4370
4283
4345
4340
4347
4289
4322
4375
4351
4332
4363
4300
4340
4379
4378
4321
4328
4292
4375
4328
4336
4371
4362
4374
4378
4353
4362
4375
4329
4355
4310
4349
4354
4344
4342
4344
4405
4322
4395
4340
4399
4362
4341
4379
4378
4404
4327
4323
4359
4383
4361
4411
4408
4394
4340
4381
4418
4336
4394
4357
4338
4370
4335
4366
4389
4425
4355
4341
4363
4434
4355
4411
4368
4396
4436
4369
4353
4441
4402
4382
4391
4360
4412
4363
4405
4413
4371
4435
4386
4412
4364
4433
4423
4450
4393
4420
4398
4461
4404
4424
4446
4384
4395
4428
4442
4396
4449
4466
4381
4381
4410
4480
4454
4447
4448
4405
4387
4435
4433
4409
4487
4446
4405
4482
4443
4473
4444
4482
4474
4483
4423
4496
4428
4434
4412
4478
4447
4500
4457
4506
4508
4446
4422
4492
4470
4429
4462
4514
4516
4488
4425
4463
4472
4492
4510
4434
4468
4503
4505
4446
4446
4530
4481
4476
4491
4503
4495
4449
4459
4475
4504
4487
4463
4495
4493
4491
4533
4497
4532
4494
4500
4516
4474
4483
4509
4503
4468
4539
4555
4512
4487
4513
4516
4512
4537
4559
4483
4505
4528
4537
4533
4518
4532
4567
4515
4526
4572
4507
4562
4540
4564
4556
4558
4574
4579
4540
4559
4509
4529
4502
4519
4553
4568
4498
4507
4509
4539
4546
4538
4517
4508
4597
4535
4505
4508
4531
4514
4521
4556
4600
4528
4605
4528
4578
4583
4608
4617
4583
4526
4569
4580
4537
4559
4565
4620
4610
4563
4530
4531
4563
4550
4568
4616
4536
4538
4597
4598
4559
4549
4557
4602
4602
4609
4620
4565
4584
4612
4580
4610
4648
4622
4649
4624
4606
4625
4606
4596
4628
4597
4582
4607
4571
4580
4639
4659
4644
4606
4645
4660
4618
4647
4625
4597
4652
4614
4653
4591
4579
4594
4627
4634
4621
4585
4610
4626
4632
4644
4590
4675
4632
4636
4691
4614
4646
4645
4656
4628
4680
4698
4620
4699
4670
4676
4626
4659
4695
4655
4636
4708
4697
4686
4705
4708
4657
4679
4641
4690
4651
4708
4691
4632
4666
4679
4637
4700
4720
4685
4659
4641
4632
4632
4668
4729
4657
4638
4643
4671
4703
4674
4643
4697
4649
4644
4677
4668
4667
4658
4684
4672
4718
4741
4747
4735
4658
4734
4708
4734
4737
4719
4713
4757
4722
4734
4750
4711
4762
4699
4675
4766
4676
4704
4756
4705
4676
4699
4697
4727
4724
4719
4690
4780
4717
4687
4766
4775
4744
4726
4753
4704
4771
4705
4745
4788
4702
4750
4718
4754
4769
4777
4773
4801
4737
4758
4801
4705
4718
4741
4727
4798
4758
4768
4715
4799
4757
4756
4746
4728
4771
4733
4731
4785
4725
4774
4787
4775
4765
4800
4762
4808
4806
4806
4789
4756
4808
4739
4756
4817
4803
4790
4790
4772
4842
4839
4836
4811
4836
4807
4841
4791
4759
4783
4850
4779
4782
4821
4775
4822
4811
4804
4820
4778
4801
4822
4784
4792
4782
4836
4811
4792
4783
4807
4854
4800
4799
4812
4783
4869
4858
4845
4873
4815
4798
4845
4835
4854
4829
4805
4823
4835
4888
4796
4813
4863
4848
4831
4869
4826
4825
4868
4817
4868
4880
4871
4894
4851
4812
4858
4840
4895
4890
4894
4888
4872
4870
4884
4908
4879
4892
4872
4850
4843
4876
4839
4919
4847
4888
4880
4850
4848
4901
4919
4858
4842
4840
4862
4923
4902
4872
4840
4871
4879
4939
4893
4917
4934
4907
4857
4853
4944
4863
4871
4910
4898
4894
4905
4881
4918
4945
4894
4892
4943
4948
4962
4958
4917
4872
4941
4919
4878
4964
4920
4960
4924
4944
4891
4893
4902
4961
4895
4901
4899
4918
4943
4964
4892
4901
4966
4970
4954
4920
4960
4914
4935
4906
4920
4969
4961
4936
4950
4938
4970
4959
5003
4947
4910
4915
5006
4968
4988
4962
4937
4925
5007
5012
4958
4995
4971
4920
4964
4980
4960
4956
4995
4987
4968
4992
4997
4982
4929
5029
5002
5013
4937
5024
4983
4975
4974
4980
4945
5024
5011
5025
4963
4995
4960
5045
5008
4976
4998
5043
5027
5010
4998
4978
5048
4984
4994
5016
5044
5031
5059
4987
5006
5020
5009
5035
5006
5009
4992
4978
5037
4995
5068
4980
5028
5005
5039
5060
5001
5073
5046
5029
5065
5000
5067
5054
5031
5054
5084
5075
4998
5023
5031
5014
5068
5093
5041
5097
5056
5091
5098
5027
5022
5028
5044
5081
5024
5077
5065
5062
5092
5062
5095
5070
5034
5089
5032
5094
5023
5090
5024
5070
5036
5095
5034
5057
5094
5087
5127
5064
5098
5056
5081
5054
5084
5074
5126
5044
5081
5123
5099
5062
5079
5131
5117
5143
5064
5132
5137
5115
5128
5117
5084
5079
5076
5066
5071
5100
5146
5102
5118
5126
5141
5122
5116
5088
5099
5130
5141
5128
5118
5170
5152
5157
5121
5163
5154
5172
5174
5122
5150
5163
5098
5096
5129
5135
5118
5185
5090
5103
5142
5192
5176
5123
5119
5139
5119
5103
5155
5189
5179
5142
5199
5197
5146
5106
5201
5163
5192
5147
5173
5131
5126
5151
5151
5141
5149
5180
5187
5213
5153
5169
5164
5142
5157
5212
5193
5220
5216
5158
5226
5176
5212
5209
5197
5140
5170
5161
5141
5186
5204
5173
5164
5242
5236
5190
5187
5160
5182
5240
5164
5229
5212
5187
5194
5202
5174
5159
5205
5187
5207
5260
5167
5171
5184
5265
5217
5239
5184
5237
5195
5194
5204
5220
5265
5261
5217
5190
5216
5268
5188
5248
5267
5259
5204
5188
5268
5189
5233
5226
5212
5228
5229
5251
5291
5219
5219
5212
5279
5284
5282
5245
5264
5210
5267
5286
5305
5210
5285
5268
5233
5272
5215
5263
5292
5238
5316
5234
5223
5232
5290
5228
5242
5276
5313
5296
5298
5271
5269
5242
5306
5296
5314
5257
5242
5287
5296
5248
5248
5283
5313
5254
5256
5248
5271
5334
5280
5287
5308
5263
5270
5339
5257
5314
5285
5299
5308
5294
5270
5346
5321
5298
5354
5359
5347
5334
5280
5323
5312
5305
5272
5352
5350
5363
5279
5312
5301
5287
5309
5346
5285
5307
5321
5306
5372
5356
5340
5323
5361
5350
5323
5328
5329
5332
5389
5341
5331
5307
5316
5383
5381
5396
5307
5373
5313
5344
5321
5355
5321
5310
5391
5365
5353
5322
5404
5344
5408
5344
5326
5385
5370
5366
5371
5393
5349
5409
5358
5336
5364
5342
5366
5396
5342
5353
5349
5387
5412
5385
5423
5347
5406
5416
5383
5442
5371
5412
5422
5410
5388
5394
5424
5407
5448
5445
5415
5367
5448
5380
5427
5402
5432
5438
5458
5389
5459
5448
5379
5380
5443
5455
5452
5446
5426
5393
5383
5378
5438
5469
5477
5396
5383
5383
5470
5416
5456
5435
5443
5461
5448
5425
5447
5481
5471
5491
5429
5426
5483
5457
5486
5451
5493
5448
5474
5432
5427
5467
5482
5449
5423
5479
5468
5461
5424
5435
5461
5477
5451
5512
5479
5495
5504
5494
5470
5440
5501
5467
5471
5478
5494
5518
5499
5470
5506
5533
5496
5532
5536
5475
5449
5483
5499
5486
5469
5515
5462
5540
5498
5515
5513
5455
5500
5531
5488
5504
5512
5527
5512
5538
5490
5483
5465
5514
5546
5548
5502
5476
5506
5517
5503
5531
5514
5477
5487
5556
5556
5502
5531
5534
5528
5512
5560
5535
5492
5570
5533
5581
5574
5516
5566
5491
5580
5584
5576
5571
5557
5584
5590
5568
5589
5574
5599
5552
5504
5578
5568
5537
5599
5594
5557
5557
5543
5535
5520
5589
5522
5601
5532
5616
5617
5536
5531
5613
5558
5549
5533
5573
5574
5612
5600
5611
5600
5606
5588
5621
5567
5630
5571
5589
5595
5600
5628
5572
5564
5597
5625
5603
5595
5550
5615
5580
5629
5634
5638
5627
5592
5582
5569
5644
5631
5621
5582
5622
5662
5598
5637
5632
5639
5635
5628
5650
5614
5653
5646
5584
5610
5635
5588
5674
5677
5596
5681
5601
5617
5660
5676
5651
5669
5662
5675
5629
5634
5620
5664
5625
5602
5655
5654
5676
5619
5678
5675
5664
5647
5626
5636
5638
5650
5687
5616
5672
5660
5618
5696
5630
5648
5639
5647
5698
5685
5636
5677
5625
5694
5711
5682
5697
5719
5666
5719
5645
5639
5694
5648
5729
5720
5659
5684
5646
5641
5660
5661
5702
5726
5667
5698
5692
5725
5682
5736
5741
5738
5733
5667
5686
5730
5724
5721
5688
5675
5756
5717
5717
5716
5722
5744
5759
5712
5766
5740
5703
5698
5735
5753
5737
5677
5678
5689
5738
5773
5725
5738
5719
5780
5736
5709
5764
5717
5748
5729
5776
5698
5750
5735
5788
5711
5702
5755
5738
5740
5796
5702
5710
5756
5748
5764
5757
5787
5765
5786
5714
5781
5765
5802
5792
5720
5745
5786
5754
5789
5805
5771
5793
5738
5794
5737
5748
5784
5772
5762
5780
5773
5757
5813
5780
5749
5738
5835
5828
5827
5746
5800
5782
5803
5786
5754
5756
5819
5794
5773
5835
5822
5821
5839
5831
5799
5855
5839
5790
5849
5827
5858
5784
5804
5795
5850
5827
5853
5798
5832
5782
5806
5827
5835
5785
5788
5817
5787
5813
5861
5874
5789
5869
5785
5799
5794
5840
5828
5840
5803
5890
5873
5855
5890
5891
5803
5850
5841
5822
5895
5854
5820
5893
5832
5853
5905
5886
5835
5828
5891
5848
5870
5820
5857
5886
5911
5831
5882
5916
5912
5843
5823
5889
5861
5881
5918
5829
5827
5849
5918
5891
5844
5886
5844
5844
5912
5848
5935
5931
5886
5846
5929
5861
5882
5927
5877
5946
5859
5850
5866
5917
5899
5898
5947
5924
5920
5895
5940
5867
5861
5900
5940
5955
5906
5939
5887
5903
5942
5890
5890
5950
5898
5967
5949
5954
5934
5950
5906
5939
5930
5881
5941
5952
5977
5972
5973
5947
5904
5898
5944
5956
5893
5931
5908
5940
5932
5937
5957
5917
5997
5928
5982
5935
5933
6000
5910
5958
6003
5922
5939
5922
5963
5989
5967
5959
5933
5966
5937
5991
5977
5964
5965
5934
6020
5932
6018
5956
5969
5955
6009
6026
5978
5944
6000
5978
5950
5948
5958
5949
6004
5986
5991
6040
5954
5993
6001
6001
6039
5951
5996
6004
6010
6049
6034
6051
6026
6033
5982
6011
6010
5986
6006
5989
6054
6017
6033
5982
5986
5970
6057
5996
6015
6067
6031
6044
6065
6010
6004
6034
6065
6069
5988
5999
6079
6077
6056
5998
6067
6075
6014
6036
6048
6077
6021
6044
6080
6055
6014
6014
6043
6048
6097
6070
6027
6050
6105
6072
6065
6015
6099
6011
6013
6092
6112
6064
6079
6094
6069
6024
6058
6118
6066
6097
6051
6052
6123
6035
6085
6120
6043
6033
6036
6070
6065
6063
6042
6058
6108
6095
6096
6093
6045
6108
6100
6089
6056
6053
6131
6050
6135
6068
6062
6062
6067
6073
6059
6156
6124
6105
6096
6126
6148
6062
6158
6111
6096
6074
6104
6134
6112
6112
6113
6133
6131
6126
6122
6147
6111
6089
6112
6130
6127
6115
6150
6096
6106
6099
6131
6179
6129
6096
6173
6173
6105
6156
6120
6140
6146
6114
6195
6180
6114
6150
6168
6129
6134
6136
6135
6203
6156
6163
6162
6126
6173
6141
6181
6131
6205
6187
6208
6152
6147
6162
6165
6186
6162
6205
6132
6202
6217
6153
6154
6213
6160
6199
6229
6162
6177
6227
6208
6186
6160
6218
6229
6175
6193
6152
6221
6203
6158
6240
6247
6250
6224
6253
6176
6230
6221
6220
6236
6204
6201
6185
6170
6212
6244
6236
6240
6251
6264
6238
6181
6216
6178
6227
6246
6232
6267
6221
6273
6198
6275
6252
6274
6270
6259
6209
6196
6275
6197
6245
6203
6198
6244
6293
6246
6242
6221
6220
6265
6289
6204
6282
6213
6291
6233
6223
6281
6251
6293
6222
6247
6284
6296
6219
6286
6264
6260
6277
6315
6285
6294
6287
6277
6257
6277
6250
6307
6250
6272
6269
6323
6307
6265
6262
6318
6266
6289
6318
6282
6274
6302
6287
6313
6325
6257
6265
6272
6284
6286
6347
6294
6318
6333
6337
6297
6309
6324
6317
6294
6339
6272
6289
6265
6291
6288
6361
6309
6295
6361
6364
6341
6367
6310
6328
6297
6297
6359
6306
6302
6286
6283
6343
6362
6332
6308
6378
6339
6342
6366
6342
6294
6304
6307
6378
6317
6371
6347
6342
6332
6333
6361
6374
6400
6355
6373
6369
6322
6335
6374
6360
6324
6326
6407
6372
6368
6338
6402
6404
6330
6335
6406
6373
6355
6368
6384
6348
6358
6376
6396
6399
6390
6422
6346
6345
6339
6397
6363
6428
6420
6403
6372
6346
6387
6416
6354
6376
6372
6434
6430
6407
6369
6445
6449
6440
6384
6367
6411
6442
6368
6428
6448
6404
6365
6405
6407
6452
6425
6411
6424
6467
6462
6470
6468
6398
6451
6399
6401
6414
6430
6442
6442
6480
6461
6442
6474
6409
6402
6394
6459
6462
6435
6466
6433
6425
6422
6480
6489
6454
6405
6478
6498
6481
6435
6448
6496
6493
6415
6473
6419
6413
6445
6424
6494
6480
6488
6485
6494
6439
6490
6428
6500
6469
6438
6505
6441
6501
6473
6493
6489
6461
6502
6510
6507
6474
6452
6521
6448
6503
6452
6482
6526
6453
6451
6492
6492
6457
6506
6467
6482
6461
6489
6527
6549
6501
6542
6487
6537
6460
6508
6532
6509
6487
6478
6557
6526
6525
6474
6528
6488
6524
6481
6532
6536
6481
6514
6544
6496
6557
6529
6548
6551
6510
6560
6571
6523
6508
6497
6549
6540
6506
6506
6516
6506
6575
6551
6569
6520
6557
6499
6559
6545
6516
6533
6588
6517
6586
6583
6584
6557
6535
6608
6609
6571
6607
6572
6540
6600
6555
6564
6540
6548
6621
6536
6540
6611
6608
6586
6576
6590
6535
6588
6590
6592
6557
6635
6566
6561
6571
6606
6547
6585
6601
6584
6550
6587
6567
6551
6576
6582
6644
6626
6634
6630
6637
6564
6623
6645
6611
6652
6614
6610
6643
6645
6661
6578
6604
6605
6590
6619
6615
6645
6640
6639
6666
6627
6626
6668
6635
6609
6617
6646
6587
6610
6671
6591
6631
6629
6612
6661
6690
6643
6661
6668
6685
6605
6618
6643
6614
6658
6628
6662
6606
6676
6686
6681
6700
6613
6625
6622
6698
6626
6659
6664
6688
6688
6701
6621
6643
6698
6684
6693
6698
6672
6647
6629
6670
6707
6713
6717
6702
6660
6719
6674
6733
6659
6645
6656
6655
6738
6652
6734
6672
6651
6714
6662
6737
6717
6650
6742
6741
6675
6718
6751
6659
6745
6702
6743
6677
6685
6673
6759
6706
6692
6715
6703
6765
6727
6722
6709
6755
6762
6714
6718
6708
6734
6678
6699
6749
6766
6682
6753
6774
6727
6768
6746
6689
6771
6772
6750
6724
6728
6723
6715
6754
6738
6729
6750
6730
6703
6774
6702
6795
6725
6736
6741
6799
6801
6779
6778
6790
6764
6752
6802
6811
6807
6717
6746
6756
6757
6728
6788
6773
6743
6802
6784
6771
6762
6735
6775
6743
6797
6823
6823
6766
6814
6794
6802
6786
6789
6789
6766
6785
6807
6839
6781
6818
6767
6823
6780
6826
6840
6825
6841
6766
6798
6810
6807
6760
6767
6803
6788
6843
6834
6822
6836
6839
6816
6779
6821
6821
6854
6832
6808
6783
6837
6818
6872
6855
6827
6823
6830
6813
6860
6798
6801
6883
6805
6791
6872
6875
6889
6825
6846
6814
6825
6888
6885
6870
6849
6819
6818
6869
6872
6807
6892
6806
6849
6881
6846
6815
6877
6888
6890
6829
6857
6876
6914
6914
6886
6869
6875
6910
6860
6913
6838
6877
6887
6912
6838
6889
6856
6872
6911
6879
6852
6864
6925
6894
6843
6869
6884
6843
6846
6878
6916
6906
6927
6927
6940
6871
6853
6886
6887
6925
6942
6880
6859
6938
6884
6869
6954
6900
6940
6887
6901
6894
6952
6897
6869
6915
6926
6958
6913
6962
6921
6966
6894
6883
6955
6884
6894
6944
6921
6917
6916
6981
6926
6913
6927
6984
6950
6901
6968
6914
6959
6965
6924
6937
6934
6978
6945
7001
6906
6939
6956
7004
6936
6970
6915
6923
6985
6978
6967
7013
7005
6937
6924
6962
6954
6979
6946
6984
6963
6948
6941
6989
6933
6999
7012
6987
7015
7004
6998
6964
6951
7002
6980
6942
7035
7036
7023
7016
6998
7032
7035
6959
6963
7019
6996
7019
6994
7028
6966
6992
7053
6990
7021
7005
7049
7036
6978
7034
7007
6973
7045
6989
7014
6990
7052
7031
7047
6977
7059
6990
7060
6986
6991
7013
7059
7018
7043
7010
7010
7032
7055
7003
7037
7013
7021
7087
7037
7087
7034
7073
7029
7026
7063
7009
7069
7023
7078
7050
7038
7031
7087
7011
7013
7025
7076
7082
7041
7077
7028
7025
7020
7083
7075
7084
7079
7024
7082
7110
7023
7056
7093
7102
7125
7115
7127
7068
7045
7067
7072
7113
7102
7044
7062
7101
7081
7133
7095
7139
7118
7054
7046
7048
7085
7124
7123
7147
7081
7138
7057
7062
7076
7099
7124
7107
7066
7087
7107
7128
7087
7157
7080
7114
7141
7138
7092
7110
7113
7089
7173
7109
7121
7093
7099
7100
7120
7080
7177
7174
7147
7117
7098
7154
7099
7183
7111
7113
7173
7154
7179
7108
7104
7190
7135
7169
7199
7163
7126
7105
7153
7161
7156
7108
7120
7157
7189
7173
7141
7126
7192
7177
7214
7191
7215
7152
7197
7122
7204
7179
7146
7212
7217
7145
7168
7208
7220
7172
7157
7209
7226
7151
7173
7229
7145
7163
7159
7178
7197
7194
7151
7236
7168
7231
7219
7241
7228
7181
7238
7162
7183
7224
7231
7184
7227
7238
7251
7205
7184
7200
7175
7237
7205
7246
7210
7257
7225
7225
7241
7198
7268
7182
7218
7212
7186
7208
7196
7274
7232
7189
7230
7190
7265
7195
7201
7245
7278
7222
7237
7235
7201
7276
7269
7294
7263
7279
7230
7267
7289
7255
7227
7303
7278
7303
7281
7288
7262
7228
7255
7223
7306
7255
7304
7297
7262
7316
7265
7306
7295
7301
7285
7240
7284
7263
7287
7279
7242
7241
7306
7243
7242
7312
7261
7273
7251
7269
7301
7329
7290
7306
7293
7323
7336
7282
7301
7288
7290
7348
7259
7267
7338
7328
7335
7310
7278
7277
7328
7337
7298
7336
7281
7358
7360
7354
7324
7327
7314
7340
7283
7353
7373
7332
7312
7347
7352
7348
7333
7354
7349
7357
7365
7373
7306
7300
7349
7313
7308
7329
7351
7390
7298
7345
7324
7303
7384
7333
7388
7338
7359
7306
7394
7337
7399
7371
7371
7368
7356
7315
7411
7335
7391
7315
7381
7400
7326
7361
7398
7383
7402
7378
7410
7371
7379
7381
7420
7401
7387
7331
7425
7395
7393
7363
7424
7434
7420
7428
7409
7363
7394
7358
7402
7412
7374
7394
7396
7357
7448
7375
7433
7360
7445
7370
7441
7382
7438
7431
7412
7427
7442
7453
7398
7400
7428
7419
7398
7375
7415
7459
7371
7375
7434
7463
7403
7444
7414
7470
7421
7459
7430
7462
7422
7398
7428
7451
7410
7461
7403
7394
7474
7400
7455
7477
7422
7471
7479
7471
7416
7402
7441
7437
7498
7498
7418
7495
7408
7434
7412
7423
7463
7422
7488
7420
7464
7473
7421
7430
7487
7492
7443
7495
7484
7498
7433
7513
7460
7475
7497
7439
7514
7434
7452
7525
7457
7475
7527
7503
7497
7471
7537
7541
7458
7521
7521
7466
7500
7500
7466
7506
7503
7548
7490
7513
7510
7546
7542
7473
7559
7498
7488
7465
7538
7538
7555
7513
7506
7502
7489
7527
7487
7539
7512
7501
7559
7493
7509
7491
7487
7578
7510
7486
7546
7518
7519
7497
7545
7553
7559
7577
7571
7505
7588
7536
7561
7550
7565
7520
7529
7514
7600
7580
7593
7582
7532
7544
7591
7514
7608
7512
7595
7544
7577
7566
7560
7606
7544
7580
7566
7551
7577
7578
7619
7527
7624
7574
7561
7615
7619
7543
7538
7554
7626
7630
7584
7541
7573
7568
7600
7629
7617
7632
7569
7628
7618
7597
7642
7614
7570
7640
7607
7569
7610
7603
7617
7649
7586
7626
7622
7606
7582
7643
7570
7590
7577
7575
7587
7597
7655
7574
7600
7625
7577
7598
7637
7610
7672
7604
7625
7583
7650
7643
7588
7607
7646
7677
7662
7645
7660
7636
7671
7665
7625
7691
7618
7642
7693
7599
7629
7625
7661
7682
7693
7645
7657
7639
7677
7649
7701
7646
7710
7700
7681
7701
7639
7633
7633
7701
7662
7700
7702
7721
7633
7681
7717
7710
7711
7709
7643
7685
7634
7676
7670
7707
7732
7675
7689
7698
7733
7686
7709
7661
7661
7693
7688
7728
7708
7720
7665
7726
7706
7745
7738
7696
7657
7731
7706
7661
7707
7661
7760
7672
7718
7719
7757
7765
7677
7766
7743
7709
7678
7691
7706
7769
7745
7691
7719
7745
7694
7697
7780
7710
7748
7691
7731
7771
7750
7757
7765
7760
7762
7789
7708
7705
7731
7770
7731
7731
7760
7789
7762
7761
7729
7709
7752
7776
7743
7733
7803
7756
7808
7732
7736
7723
7735
7724
7777
7750
7739
7776
7802
7805
7819
7728
7820
7761
7780
7750
7811
7824
7734
7801
7780
7795
7767
7800
7811
7830
7760
7782
7816
7815
7832
7752
7746
7827
7769
7817
7841
7756
7753
7785
7791
7798
7837
7851
7821
7816
7772
7794
7789
7836
7798
7828
7826
7809
7811
7863
7826
7808
7784
7774
7865
7807
7826
7833
7823
7832
7797
7872
7853
7819
7851
7824
7879
7860
7845
7846
7827
7858
7879
7857
7887
7795
7885
7840
7876
7820
7830
7844
7825
7814
7823
7867
7851
7905
7813
7841
7869
7866
7861
7893
7895
7904
7848
7914
7890
7820
7868
7907
7830
7887
7910
7896
7831
7879
7856
7859
7850
7837
7840
7897
7905
7888
7856
7891
7914
7880
7856
7881
7891
7858
7918
7910
7852
7865
7926
7880
7876
7896
7878
7907
7924
7946
7907
7884
7928
7914
7958
7920
7915
7937
7949
7942
7881
7899
7924
7965
7880
7905
7929
7898
7950
7950
7972
7919
7977
7973
7951
7963
7933
7956
7949
7929
7894
7934
7924
7965
7934
7902
7991
7945
7981
7905
7901
7969
7904
7906
7960
7910
7946
7997
7958
7932
8000
7908
7961
7939
7976
7975
7988
7927
7944
7941
7959
7962
7999
7963
7967
7986
7940
7949
8003
7949
8009
7933
8007
7941
7972
8003
7960
7947
7963
8034
7968
8004
7940
7971
7962
7950
7942
8034
8002
8040
8031
8021
8025
7972
8004
7973
7989
7958
7990
8045
8020
8006
7967
7992
8053
8056
7987
8051
8031
8016
8002
7988
8027
8032
8065
7993
8046
8066
7997
8069
7984
8025
8020
8048
8067
8064
8020
8043
7992
8074
8045
8080
8082
8038
8037
8001
8041
8034
8013
8075
8018
8048
8083
8037
8071
8015
8028
8016
8032
8092
8025
8062
8076
8057
8026
8046
8102
8103
8029
8069
8050
8090
8117
8042
8095
8108
8039
8069
8058
8071
8075
8095
8089
8044
8067
8113
8050
8116
8092
8123
8057
8046
8039
8097
8097
8095
8111
8078
8085
8081
8136
8122
8108
8067
8071
8149
8060
8134
8078
8055
8075
8136
8131
8140
8078
8104
8126
8150
8153
8079
8110
8142
8153
8166
8107
8127
8096
8128
8093
8139
8087
8088
8083
8164
8167
8167
8137
8131
8126
8090
8135
8103
8176
8139
8143
8177
8103
8156
8177
8173
8181
8164
8167
8185
8194
8113
8193
8123
8124
8107
8141
8150
8159
8126
8194
8163
8144
8194
8207
8200
8118
8161
8124
8165
8181
8127
8204
8176
8186
8181
8172
8176
8179
8178
8147
8216
8146
8205
8213
8188
8163
8137
8214
8200
8209
8164
8218
8196
8222
8168
8156
8224
8190
8238
8226
8224
8239
8193
8250
8161
8247
8166
8248
8202
8251
8241
8236
8240
8233
8263
8168
8233
8242
8249
8178
8230
8193
8258
8207
8213
8198
8205
8190
8208
8226
8194
8239
8215
8241
8214
8266
8214
8199
8191
8278
8195
8238
8199
8267
8196
8223
8203
8253
8276
8235
8262
8244
8267
8263
8212
8227
8299
8296
8219
8248
8217
8267
8273
8299
8236
8256
8287
8259
8317
8244
8231
8317
8228
8251
8281
8318
8314
8290
8308
8279
8298
8300
8250
8322
8291
8318
8270
8291
8299
8293
8247
8295
8283
8286
8292
8328
8306
8336
8342
8269
8288
8270
8321
8289
8352
8303
8354
8272
8349
8307
8287
8354
8331
8339
8343
8308
8269
8321
8289
8324
8285
8289
8295
8299
8313
8368
8305
8304
8295
8367
8349
8353
8345
8366
8319
8300
8290
8332
8309
8323
8299
8367
8370
8301
8317
8348
8379
8368
8307
8386
8390
8352
8308
8396
8378
8348
8364
8315
8343
8337
8333
8390
8315
8379
8367
8325
8362
8375
8400
8380
8322
8334
8354
8407
8377
8407
8368
8402
8396
8394
8384
8368
8336
8339
8378
8415
8399
8380
8387
8363
8402
8398
8415
8387
8428
8408
8367
8408
8359
8382
8431
8366
8410
8380
8361
8400
8447
8359
8404
8435
8366
8389
8377
8441
8371
8369
8445
8393
8462
8372
8465
8375
8438
8407
8410
8458
8453
8428
8478
8431
8467
8457
8395
8477
8478
8426
8442
8466
8404
8396
8408
8407
8436
8419
8428
8470
8465
8496
8483
8478
8479
8437
8436
8478
8423
8434
8436
8425
8451
8447
8470
8460
8445
8427
8452
8507
8500
8443
8480
8450
8480
8512
8509
8468
8504
8502
8523
8521
8473
8529
8520
8478
8447
8491
8489
8478
8504
8468
8516
8516
8502
8470
8509
8460
8531
8527
8526
8474
8512
8472
8452
8488
8491
8552
8507
8496
8540
8479
8521
8479
8522
8484
8508
8521
8477
8544
8533
8539
8549
8481
8495
8494
8527
8491
8528
8507
8549
8577
8545
8523
8555
8548
8578
8545
8571
8558
8574
8495
8571
8515
8516
8525
8577
8507
8549
8513
8562
8546
8593
8574
8511
8551
8522
8526
8582
8597
8566
8556
8514
8577
8529
8523
8548
8601
8595
8582
8540
8581
8595
8557
8618
8617
8579
8530
8557
8569
8574
8532
8539
8610
8556
8594
8623
8633
8620
8550
8566
8555
8544
8609
8541
8627
8583
8640
8598
8599
8592
8599
8634
8625
8634
8569
8626
8645
8644
8607
8597
8655
8577
8610
8579
8578
8654
8564
8606
8591
8624
8585
8664
8660
8576
8649
8669
8611
8588
8587
8615
8605
8582
8598
8654
8607
8601
8662
8661
8621
8667
8660
8637
8666
8656
8594
8690
8661
8686
8662
8655
8634
8618
8696
8661
8626
8668
8645
8650
8678
8701
8620
8635
8693
8627
8617
8644
8666
8703
8690
8661
8680
8698
8698
8706
8625
8702
8626
8640
8671
8673
8717
8661
8726
8670
8696
8638
8647
8704
8671
8718
8692
8695
8692
8672
8738
8673
8723
8648
8672
8728
8715
8717
8667
8705
8680
8741
8738
8691
8701
8656
8754
8705
8730
8752
8758
8665
8688
8744
8748
8715
8678
8713
8729
8767
8692
8753
8679
8754
8748
8742
8684
8758
8682
8771
8733
8744
8741
8734
8715
8733
8722
8763
8783
8756
8782
8720
8770
8724
8731
8723
8789
8788
8740
8765
8765
8751
8720
8786
8770
8768
8807
8784
8752
8736
8782
8801
8745
8765
8733
8786
8732
8804
8801
8735
8742
8735
8784
8810
8753
8816
8768
8776
8816
8803
8772
8812
8790
8805
8790
8832
8740
8832
8814
8821
8818
8767
8771
8833
8835
8814
8764
8756
8787
8823
8767
8828
8825
8759
8846
8770
8785
8780
8801
8774
8782
8823
8774
8805
8835
8825
8859
8867
8817
8825
8785
8863
8839
8819
8864
8800
8801
8853
8793
8787
8866
8804
8845
8880
8800
8876
8861
8838
8799
8819
8814
8887
8857
8826
8841
8839
8883
8875
8841
8854
8874
8817
8824
8899
8841
8860
8822
8883
8838
8857
8884
8812
8890
8874
8901
8828
8850
8908
8903
8854
8906
8863
8859
8893
8900
8909
8860
8869
8842
8892
8846
8906
8845
8856
8912
8865
8917
8854
8872
8919
8930
8867
8913
8917
8908
8885
8872
8875
8851
8914
8913
8885
8888
8925
8923
8919
8875
8932
8897
8866
8929
8865
8962
8885
8955
8932
8926
8897
8904
8943
8968
8933
8879
8960
8928
8919
8905
8935
8932
8898
8960
8890
8936
8913
8983
8892
8968
8947
8973
8917
8948
8939
8896
8971
8933
8949
8966
8971
8951
8909
8906
8917
8971
8942
8911
8913
8959
9006
9004
8973
8939
8937
8969
8967
8986
8972
8951
8936
8920
8986
9000
9012
8966
8974
9018
8951
8933
9027
8933
8951
8946
9015
9010
9021
8961
9013
9012
8967
9006
9003
9030
9032
9012
9017
8975
8993
9014
8988
9049
9041
9023
8981
8964
9001
9006
9027
9000
9001
9017
8990
9027
8983
8966
8988
8965
9041
8972
8972
9055
9021
9028
9054
9023
9019
9028
9073
9045
9049
9040
9038
9013
9081
9004
9024
9004
9048
9057
9054
9005
9077
9003
9051
9039
9039
9034
9092
9008
9081
9087
9075
9017
9038
9072
9036
9018
9017
9098
9075
9016
9100
9066
9073
9075
9107
9106
9033
9098
9108
9077
9071
9086
9067
9025
9041
9099
9029
9073
9114
9122
9042
9032
9035
9130
9112
9072
9042
9074
9080
9106
9081
9070
9079
9069
9097
9117
9133
9122
9068
9137
9083
9063
9069
9152
9069
9091
9121
9068
9058
9074
9097
9104
9111
9144
9091
9100
9123
9125
9093
9080
9091
9160
9107
9132
9111
9115
9110
9118
9119
9109
9100
9092
9136
9120
9134
9126
9119
9153
9171
9171
9103
9109
9120
9097
9095
9139
9192
9120
9144
9190
9137
9183
9116
9179
9139
9169
9179
9163
9149
9158
9188
9168
9117
9199
9169
9119
9156
9205
9203
9198
9145
9185
9208
9141
9206
9193
9214
9183
9141
9175
9139
9186
9168
9212
9166
9229
9151
9165
9141
9239
9228
9150
9234
9162
9167
9199
9231
9189
9174
9175
9170
9191
9171
9182
9205
9244
9201
9195
9244
9173
9190
9230
9210
9245
9249
9231
9252
9210
9210
9182
9178
9197
9213
9235
9232
9218
9202
9270
9271
9203
9211
9258
9205
9208
9259
9217
9219
9250
9189
9278
9194
9251
9280
9262
9283
9234
9246
9223
9238
9207
9234
9227
9228
9268
9214
9300
9277
9304
9229
9245
9250
9221
9216
9248
9257
9240
9249
9312
9263
9277
9316
9318
9313
9263
9237
9298
9292
9316
9263
9240
9277
9234
9299
9290
9319
9304
9285
9301
9319
9288
9328
9283
9269
9328
9245
9330
9247
9326
9302
9284
9298
9307
9287
9329
9282
9296
9262
9334
9319
9291
9273
9320
9271
9336
9351
9354
9277
9289
9300
9313
9362
9285
9325
9345
9366
9322
9335
9367
9298
9347
9376
9283
9362
9381
9286
9314
9340
9332
9351
9307
9345
9338
9323
9294
9379
9382
9369
9363
9344
9335
9392
9332
9332
9322
9334
9306
9370
9388
9379
9332
9357
9366
9313
9403
9382
9353
9370
9382
9403
9391
9324
9324
9356
9344
9400
9342
9368
9382
9391
9341
9349
9425
9371
9397
9378
9378
9418
9419
9421
9362
9418
9429
9389
9421
9394
9367
9404
9420
9419
9350
9355
9375
9396
9379
9356
9381
9360
9376
9452
9405
9388
9447
9395
9430
9441
9383
9413
9382
9432
9411
9408
9447
9432
9463
9384
9404
9453
9429
9407
9435
9477
9477
9448
9439
9440
9443
9477
9390
9427
9402
9469
9395
9405
9454
9481
9478
9477
9428
9418
9465
9426
9430
9486
9449
9452
9497
9466
9467
9449
9438
9472
9460
9482
9427
9419
9495
9502
9486
9454
9434
9470
9474
9507
9511
9509
9479
9433
9525
9437
9523
9502
9440
9436
9456
9512
9485
9471
9462
9472
9484
9471
9464
9454
9504
9475
9484
9518
9523
9531
9509
9451
9468
9496
9506
9479
9553
9555
9503
9531
9524
9486
9558
9501
9467
9499
9550
9501
9563
9562
9511
9518
9556
9570
9526
9555
9530
9535
9537
9487
9541
9517
9519
9529
9501
9511
9568
9565
9491
9547
9579
9553
9525
9554
9586
9567
9565
9506
9517
9514
9509
9512
9550
9568
9533
9603
9551
9560
9595
9586
9606
9558
9549
9611
9527
9576
9572
9574
9599
9582
9613
9548
9543
9547
9555
9566
9536
9622
9566
9590
9595
9539
9605
9554
9619
9563
9556
9601
9628
9577
9592
9563
9602
9622
9606
9625
9639
9559
9550
9603
9607
9580
9637
9638
9565
9644
9639
9564
9558
9642
9618
9580
9642
9591
9660
9592
9635
9607
9646
9617
9652
9607
9646
9641
9667
9610
9615
9664
9672
9618
9600
9658
9602
9664
9678
9638
9666
9633
9677
9627
9647
9670
9607
9635
9624
9673
9608
9686
9638
9618
9621
9677
9623
9625
9659
9614
9663
9634
9613
9642
9696
9618
9646
9641
9645
9654
9660
9708
9666
9639
9642
9648
9701
9708
9654
9691
9723
9652
9682
9677
9710
9637
9690
9723
9675
9715
9647
9684
9676
9707
9672
9735
9642
9701
9691
9697
9668
9704
9725
9652
9656
9689
9710
9706
9750
9720
9679
9728
9719
9757
9680
9750
9758
9710
9721
9755
9714
9764
9759
9691
9765
9671
9711
9748
9744
9711
9694
9756
9722
9725
9720
9685
9753
9692
9687
9721
9738
9755
9703
9771
9715
9761
9721
9733
9709
9752
9711
9712
9741
9764
9736
9743
9772
9711
9731
9783
9766
9762
9805
9807
9765
9722
9728
9790
9808
9725
9799
9751
9806
9788
9775
9771
9727
9787
9816
9790
9810
9731
9802
9747
9828
9828
9816
9756
9831
9758
9810
9826
9756
9808
9758
9768
9793
9794
9750
9832
9792
9824
9773
9775
9766
9759
9777
9826
9756
9828
9835
9777
9827
9777
9800
9812
9799
9784
9766
9836
9826
9786
9828
9858
9770
9789
9845
9838
9821
9831
9777
9807
9856
9831
9836
9805
9852
9802
9808
9868
9865
9814
9839
9796
9801
9793
9812
9828
9848
9829
9832
9815
9835
9837
9830
9862
9900
9859
9823
9869
9845
9854
9885
9866
9903
9906
9895
9846
9847
9829
9822
9874
9820
9879
9870
9910
9909
9916
9880
9847
9843
9853
9892
9898
9899
9836
9871
9842
9909
9888
9858
9865
9862
9885
9886
9910
9886
9919
9935
9854
9929
9865
9862
9863
9939
9874
9902
9855
9900
9865
9912
9948
9871
9873
9930
9889
9959
9873
9933
9864
9911
9884
9885
9968
9939
9901
9877
9934
9958
9886
9954
9913
9885
9953
9951
9914
9976
9949
9971
9926
9960
9983
9893
9968
9928
9962
9968
9968
9907
9948
9993
9974
9972
9961
9934
9915
9942
9926
9965
9919
9968
10004
10001
10001
10005
9936
9934
10007
9988
9995
10015
9955
9991
9920
9953
9952
9969
9999
9956
9956
9989
9984
9939
9995
9996
9934
9954
10000
9971
9964
9943
9990
9968
10004
9966
9985
9941
10001
10017
10009
9985
9965
10039
9949
9979
10018
9978
10012
10009
10009
9996
10044
10044
10053
10032
10006
10011
10009
10031
10018
10036
10040
9980
9972
10048
10021
9978
10067
9974
10030
10033
10030
10063
10066
10026
10075
9983
10017
10072
10042
10010
9987
10085
10049
9993
10010
10076
10061
10041
10094
10030
10089
10037
10082
10085
10067
10037
10025
10010
10085
10063
10040
10028
10044
10049
10034
10027
10031
10066
10069
10113
10062
10042
10084
10053
10118
10105
10056
10086
10087
10040
10091
10034
10100
10079
10053
10116
10091
10101
10113
10114
10045
10103
10125
10074
10076
10105
10128
10084
10129
10099
10059
10095
10078
10122
10082
10075
10057
10153
10084
10113
10068
10117
10116
10093
10139
10132
10066
10091
10068
10115
10135
10099
10119
10129
10146
10082
10086
10078
10118
10134
10175
10120
10126
10139
10083
10137
10153
10127
10088
10107
10138
10119
10127
10177
10162
10128
10160
10095
10125
10176
10194
10131
10143
10114
10170
10119
10201
10132
10173
10149
10189
10127
10175
10199
10121
10168
10131
10186
10159
10168
10117
10135
10178
10153
10204
10146
10196
10181
10128
10135
10145
10151
10128
10144
10212
10140
10146
10199
10221
10231
10174
10153
10225
10224
10194
10189
10193
10240
10155
10178
10240
10193
10231
10229
10234
10209
10251
10200
10175
10227
10159
10230
10199
10226
10192
10259
10204
10237
10187
10173
10237
10192
10195
10184
10201
10185
10272
10243
10176
10217
10264
10182
10239
10227
10262
10227
10245
10261
10267
10227
10266
10214
10268
10199
10193
10272
10270
10286
10252
10283
10212
10207
10205
10219
10251
10271
10249
10245
10209
10259
10277
10251
10232
10279
10242
10225
10224
10273
10223
10238
10228
10290
10262
10289
10246
10226
10275
10281
10225
10318
10288
10254
10315
10299
10235
10258
10238
10300
10295
10295
10250
10328
10244
10272
10251
10300
10338
10267
10327
10333
10337
10324
10271
10336
10261
10316
10267
10309
10307
10281
10293
10284
10335
10320
10353
10326
10308
10263
10272
10276
10297
10288
10303
10288
10317
10338
10339
10321
10317
10294
10280
10334
10331
10374
10330
10318
10381
10291
10353
10366
10348
10348
10375
10310
10319
10342
10362
10349
10335
10325
10361
10388
10368
10323
10304
10380
10335
10398
10393
10385
10344
10318
10392
10318
10389
10346
10340
10341
10333
10364
10410
10326
10376
10363
10418
10408
10407
10406
10383
10377
10384
10398
10418
10386
10371
10401
10379
10407
10387
10377
10417
10351
10360
10382
10385
10388
10356
10400
10372
10436
10370
10352
10362
10351
10430
10392
10392
10430
10444
10430
10415
10396
10429
10449
10427
10460
10393
10403
10390
10367
10464
10400
10459
10406
10394
10384
10457
10425
10420
10465
10457
10461
10386
10476
10474
10385
10461
10463
10387
10430
10407
10392
10426
10409
10478
10477
10460
10441
10494
10462
10437
10439
10424
10488
10476
10499
10414
10482
10499
10489
10425
10481
10502
10501
10507
10449
10489
10455
10437
10479
10461
10469
10477
10461
10454
10458
10485
10442
10427
10493
10505
10494
10520
10522
10489
10528
10514
10522
10435
10496
10442
10465
10532
10454
10498
10503
10500
10540
10494
10459
10535
10536
10541
10499
10487
10478
10507
10476
10516
10541
10550
10529
10513
10491
10522
10510
10503
10520
10556
10538
10563
10544
10486
10562
10544
10476
10483
10513
10549
10510
10561
10551
10508
10522
10484
10521
10576
10548
10489
10534
10507
10496
10534
10528
10560
10536
10548
10591
10499
10560
10591
10543
10592
10567
10568
10531
10537
10598
10508
10532
10544
10545
10529
10542
10560
10569
10535
10585
10559
10577
10607
10542
10580
10555
10570
10530
10542
10581
10587
10619
10595
10562
10587
10554
10572
10626
10631
10628
10607
10557
10612
10629
10563
10586
10570
10625
10574
10563
10607
10623
10597
10640
10557
10628
10570
10602
10620
10557
10576
10601
10589
10608
10630
10565
10629
10589
10617
10605
10637
10609
10619
10617
10634
10611
10576
10638
10592
10599
10657
10618
10614
10632
10591
10655
10616
10602
10619
10666
10660
10625
10636
10629
10609
10640
10610
10607
10626
10634
10625
10681
10667
10665
10601
10657
10691
10690
10605
10617
10649
10607
10664
10647
10694
10658
10672
10623
10661
10653
10688
10649
10660
10673
10657
10674
10631
10656
10657
10687
10678
10724
10698
10684
10650
10661
10636
10702
10705
10644
10693
10699
10645
10660
10656
10672
10647
10732
10669
10716
10660
10679
10669
10669
10737
10702
10745
10689
10689
10752
10662
10684
10677
10658
10710
10749
10747
10670
10712
10672
10666
10674
10756
10716
10706
10736
10724
10746
10745
10678
10766
10684
10716
10700
10693
10766
10759
10702
10765
10692
10710
10741
10738
10778
10733
10742
10756
10733
10741
10703
10761
10751
10786
10739
10731
10758
10777
10755
10777
10756
10735
10705
10738
10780
10717
10723
10776
10748
10742
10744
10732
10752
10791
10735
10723
10792
10817
10815
10799
10811
10782
10761
10803
10768
10820
10777
10820
10769
10768
10750
10819
10801
10786
10761
10776
10771
10769
10759
10841
10825
10750
10766
10798
10789
10784
10815
10783
10812
10761
10793
10772
10829
10811
10843
10839
10853
10841
10809
10803
10769
10834
10804
10830
10773
10810
10809
10834
10773
10823
10802
10803
10803
10860
10828
10854
10794
10821
10829
10879
10786
10786
10820
10874
10848
10829
10822
10796
10857
10859
10813
10806
10829
10880
10800
10851
10869
10900
10840
10837
10878
10858
10887
10823
10854
10862
10887
10900
10881
10873
10817
10908
10904
10817
10870
10869
10844
10910
10828
10919
10908
10862
10854
10889
10893
10867
10873
10885
10927
10875
10907
10878
10853
10915
10861
10861
10869
10848
10882
10851
10936
10879
10896
10858
10909
10873
10890
10905
10852
10929
10901
10891
10886
10872
10906
10891
10863
10955
10927
10874
10932
10924
10957
10890
10906
10926
10884
10883
10933
10899
10888
10876
10954
10935
10972
10918
10955
10946
10946
10933
10925
10906
10957
10973
10905
10918
10972
10969
10893
10936
10942
10963
10991
10970
10966
10993
10937
10985
10911
10930
10913
10918
10935
10932
10962
10921
10954
10992
10993
11005
10929
10915
10957
10945
11000
10969
10981
11014
10952
10959
10982
10937
11009
11007
10967
10987
11015
11014
10984
10988
11031
10950
10988
11034
11015
11009
10957
11009
10987
10967
10992
11023
11000
10998
10958
10964
10974
10970
11013
10979
10980
10962
11028
11056
10961
10978
11042
10995
10978
11060
10989
11038
11001
10995
11001
11019
11061
11000
11025
11053
11056
11058
10999
11021
10989
11024
11032
11045
11008
11063
11047
11034
11074
10988
11069
11033
11058
11079
11020
11066
11018
11044
11059
10999
11081
11083
11001
11047
11091
11022
11097
11037
11090
11022
11079
11050
11013
11037
11111
11076
11049
11020
11043
11110
11082
11106
11067
11106
11058
11112
11057
11079
11079
11059
11095
11037
11127
11116
11110
11074
11117
11061
11079
11065
11121
11064
11062
11140
11074
11108
11063
11056
11121
11145
11069
11091
11122
11105
11068
11074
11072
11084
11087
11063
11150
11148
11157
11073
11082
11082
11094
11123
11079
11078
11138
11069
11093
11139
11075
11169
11111
11076
11169
11110
11124
11080
11090
11132
11151
11133
11100
11098
11156
11121
11106
11099
11159
11123
11149
11177
11141
11191
11101
11176
11191
11100
11157
11140
11185
11202
11124
11118
11152
11167
11187
11167
11134
11175
11209
11200
11125
11167
11124
11125
11191
11123
11207
11162
11218
11197
11140
11187
11212
11176
11141
11204
11219
11138
11193
11175
11150
11156
11148
11201
11143
11156
11143
11170
11228
11201
11212
11215
11201
11191
11238
11179
11247
11194
11227
11164
11171
11162
11242
11178
11254
11220
11221
11191
11237
11245
11235
11236
11217
11254
11214
11245
11216
11258
11199
11252
11248
11204
11269
11200
11222
11273
11262
11211
11262
11214
11281
11283
11268
11189
11270
11217
11226
11267
11286
11247
11252
11222
11225
11288
11277
11292
11232
11204
11285
11253
11266
11242
11281
11250
11302
11253
11245
11295
11237
11237
11300
11300
11230
11314
11283
11247
11319
11224
11237
11227
11250
11292
11317
11232
11239
11255
11275
11283
11313
11286
11265
11250
11253
11331
11335
11313
11280
11264
11324
11278
11285
11342
11252
11260
11276
11278
11282
11312
11292
11281
11283
11339
11273
11276
11297
11268
11297
11358
11314
11359
11349
11266
11285
11330
11339
11326
11343
11333
11343
11296
11299
11366
11332
11375
11299
11365
11288
11289
11285
11289
11307
11308
11289
11311
11326
11336
11322
11362
11352
11300
11357
11394
11346
11374
11350
11339
11329
11396
11329
11332
11358
11325
11394
11358
11330
11344
11332
11327
11375
11351
11346
11357
11347
11374
11349
11408
11404
11398
11359
11343
11350
11350
11345
11387
11380
11346
11349
11353
11408
11424
11433
11386
11426
11410
11383
11408
11432
11349
11427
11440
11392
11382
11391
11401
11433
11431
11384
11408
11418
11416
11420
11371
11388
11374
11452
11417
11416
11384
11453
11408
11461
11433
11445
11464
11456
11382
11385
11441
11419
11418
11464
11472
11413
11474
11424
11419
11381
11439
11398
11391
11449
11470
11430
11430
11473
11465
11429
11462
11478
11435
11474
11407
11398
11482
11474
11435
11498
11467
11445
11473
11440
11461
11449
11407
11423
11452
11413
11453
11433
11436
11506
11503
11510
11442
11491
11438
11513
11517
11464
11506
11516
11434
11474
11508
11511
11456
11476
11516
11528
11459
11433
11515
11533
11469
11494
11508
11461
11468
11517
11478
11488
11500
11487
11480
11511
11527
11547
11526
11461
11536
11510
11529
11509
11469
11538
11519
11493
11557
11548
11496
11477
11527
11545
11491
11522
11530
11502
11486
11561
11513
11505
11565
11496
11530
11518
11566
11541
11511
11495
11521
11542
11522
11580
11566
11490
11524
11542
11583
11551
11530
11549
11494
11558
11576
11582
11595
11503
11515
11535
11554
11557
11517
11556
11543
11519
11555
11542
11537
11569
11540
11524
11567
11567
11588
11552
11584
11527
11545
11524
11590
11617
11604
11555
11541
11543
11573
11617
11541
11591
11626
11630
11616
11600
11581
11574
11567
11588
11583
11622
11552
11566
11597
11568
11598
11553
11606
11618
11626
11551
11628
11593
11598
11643
11571
11599
11637
11599
11653
11585
11656
11643
11583
11617
11662
11664
11639
11598
11600
11658
11638
11593
11631
11619
11612
11672
11596
11676
11633
11631
11671
11585
11611
11650
11683
11685
11627
11591
11620
11658
11614
11682
11627
11660
11663
11598
11626
11667
11627
11629
11666
11688
11674
11634
11694
11620
11677
11635
11668
11698
11710
11634
11691
11673
11707
11641
11681
11715
11691
11705
11670
11673
11709
11678
11706
11725
11635
11713
11708
11673
11702
11716
11720
11687
11714
11733
11679
11647
11648
11688
11741
11682
11663
11708
11726
11740
11730
11687
11689
11682
11704
11698
11661
11683
11745
11698
11713
11743
11660
11695
11683
11666
11698
11735
11713
11694
11711
11710
11680
11753
11717
11760
11679
11693
11726
11745
11685
11696
11703
11772
11760
11730
11751
11692
11750
11738
11726
11730
11760
11725
11718
11746
11765
11732
11784
11743
11710
11793
11786
11798
11720
11749
11773
11716
11800
11775
11775
11758
11711
11758
11809
11799
11777
11719
11791
11744
11730
11797
11813
11780
11727
11724
11786
11741
11821
11784
11814
11756
11744
11809
11801
11789
11833
11762
11823
11814
11836
11763
11763
11812
11823
11792
11835
11792
11811
11811
11829
11831
11768
11826
11787
11820
11852
11783
11836
11819
11807
11846
11789
11816
11831
11809
11799
11778
11841
11773
11799
11816
11796
11843
11826
11800
11788
11859
11826
11789
11778
11788
11832
11796
11815
11871
11876
11872
11821
11856
11869
11859
11862
11864
11799
11821
11867
11828
11874
11889
11808
11817
11885
11844
11807
11821
11856
11903
11896
11809
11848
11861
11890
11901
11856
11877
11863
11842
11837
11870
11907
11877
11848
11885
11823
11855
11890
11892
11876
11898
11903
11851
11868
11926
11884
11895
11907
11883
11894
11844
11911
11895
11933
11888
11876
11931
11924
11865
11847
11900
11889
11939
11882
11870
11883
11900
11941
11886
11880
11869
11939
11865
11911
11947
11873
11901
11907
11938
11913
11944
11918
11893
11908
11875
11947
11905
11959
11881
11967
11976
11971
11889
11895
11951
11889
11890
11906
11922
11981
11937
11933
11936
11956
11981
11961
11943
11914
11956
11955
11917
11988
11958
11908
11931
11935
11908
11909
11966
11962
11909
11964
11916
11918
11955
11969
11941
11956
11948
11997
11980
11959
11962
11934
12012
11956
11972
11972
11970
12025
11970
11998
11935
11954
11992
11964
11972
12018
12016
11958
11963
11989
11973
12034
12013
12012
11950
12020
12041
11998
12025
12047
11982
11980
11956
12049
11968
12052
11978
12051
12008
11974
11999
12006
12024
12039
11997
12012
12016
12016
12044
12045
12005
12064
12006
12055
12002
12002
12048
12053
12073
12042
12004
12036
12035
11995
12012
11993
12046
12020
12050
12003
12083
12057
12053
11999
12022
11996
12064
12013
12063
12073
12091
12061
12075
12090
12015
12005
12031
12028
12088
12061
12099
12073
12022
12073
12076
12023
12102
12037
12095
12107
12025
12073
12031
12090
12113
12114
12112
12066
12123
12073
12058
12081
12036
12099
12059
12103
12132
12043
12083
12096
12058
12092
12095
12103
12058
12121
12075
12114
12075
12079
12134
12067
12100
12075
12100
12074
12074
12115
12058
12062
12081
12068
12102
12109
12063
12112
12133
12098
12158
12129
12084
12154
12164
12127
12075
12093
12166
12151
12165
12152
12139
12105
12171
12129
12111
12154
12178
12115
12087
12105
12120
12172
12187
12176
12108
12168
12170
12171
12162
12197
12150
12113
12154
12186
12104
12115
12118
12174
12110
12204
12183
12201
12121
12178
12115
12126
12144
12141
12172
12120
12209
12177
12142
12171
12146
12136
12224
12222
12162
12196
12174
12164
12177
12191
12196
12207
12218
12191
12161
12151
12159
12187
12200
12223
12209
12171
12149
12187
12211
12190
12237
12160
12166
12211
12203
12159
12199
12170
12224
12189
12178
12252
12254
12206
12233
12257
12223
12237
12209
12197
12173
12246
12172
12185
12233
12208
12271
12190
12192
12196
12184
12246
12221
12209
12221
12204
12236
12246
12279
12271
12220
12278
12241
12283
12264
12233
12220
12236
12219
12222
12285
12238
12210
12253
12228
12255
12237
12228
12272
12218
12253
12297
12291
12304
12286
12250
12241
12306
12221
12314
12308
12261
12284
12262
12266
12303
12269
12274
12233
12262
12271
12314
12296
12257
12258
12242
12237
12245
12257
12256
12274
12263
12298
12282
12339
12309
12276
12262
12336
12347
12251
12286
12345
12286
12259
12334
12344
12275
12324
12304
12292
12272
12342
12337
12325
12296
12267
12292
12328
12303
12333
12330
12317
12291
12318
12299
12290
12326
12289
12367
12363
12340
12373
12309
12364
12288
12314
12319
12375
12304
12293
12291
12387
12383
12322
12299
12355
12318
12347
12394
12379
12367
12317
12302
12307
12365
12325
12337
12386
12386
12330
12333
12360
12395
12411
12350
12340
12403
12403
12371
12349
12378
12328
12393
12383
12404
12375
12392
12407
12414
12411
12374
12352
12362
12354
12406
12416
12375
12389
12425
12340
12404
12347
12359
12376
12344
12386
12422
12390
12367
12393
12403
12424
12403
12355
12393
12369
12399
12372
12361
12459
12385
12398
12394
12440
12390
12406
12433
12406
12431
12384
12398
12412
12385
12382
12455
12472
12475
12469
12468
12388
12398
12450
12444
12426
12438
12409
12420
12431
12411
12414
12442
12453
12404
12402
12451
12450
12435
12428
12412
12438
12465
12454
12435
12497
12435
12455
12423
12441
12489
12475
12503
12447
12491
12477
12457
12456
12477
12481
12513
12459
12516
12480
12500
12431
12453
12508
12481
12458
12454
12501
12502
12439
12440
12502
12457
12529
12474
12470
12528
12455
12463
12463
12529
12475
12522
12515
12450
12467
12490
12467
12509
12474
12462
12491
12523
12484
12482
12557
12555
12526
12502
12477
12534
12536
12516
12546
12505
12499
12497
12536
12564
12524
12557
12506
12509
12544
12536
12576
12532
12529
12555
12512
12534
12503
12515
12501
12535
12508
12561
12555
12552
12544
12513
12535
12506
12588
12559
12498
12588
12572
12545
12561
12597
12595
12533
12529
12551
12511
12595
12556
12555
12593
12599
12527
12527
12565
12592
12572
12581
12524
12613
12529
12524
12559
12616
12553
12586
12627
12623
12607
12533
12622
12572
12536
12538
12632
12632
12615
12564
12562
12541
12623
12590
12637
12583
12590
12615
12603
12613
12572
12601
12606
12563
12627
12628
12640
12574
12598
12560
12603
12643
12631
12661
12656
12569
12566
12636
12581
12648
12618
12596
12647
12618
12597
12633
12662
12611
12669
12626
12665
12607
12673
12659
12682
12588
12623
12615
12618
12621
12623
12654
12629
12687
12607
12657
12691
12603
12639
12617
12656
