154
192
141
198
158
129
167
170
141
122
160
179
198
138
122
138
117
199
163
157
203
198
156
208
142
159
133
184
209
142
165
205
206
138
185
171
201
179
195
185
180
218
177
180
203
182
213
188
148
181
191
228
214
180
244
227
167
163
178
195
204
260
246
243
219
235
226
206
169
237
221
217
208
205
235
205
211
217
197
243
255
234
225
184
282
214
225
213
242
202
197
249
200
229
201
218
205
200
203
202
229
250
277
210
288
241
300
215
303
282
279
257
213
276
226
293
313
239
304
288
298
305
291
232
303
256
266
228
237
238
321
248
328
281
240
247
333
249
266
324
247
294
335
334
294
298
339
294
276
250
286
328
253
328
275
309
268
356
296
343
279
312
326
342
306
326
334
320
309
304
300
297
318
303
343
302
307
357
300
318
370
283
345
338
305
360
373
306
344
340
348
336
357
361
371
315
357
378
391
393
385
391
392
329
402
382
369
380
392
365
350
374
409
410
405
368
385
398
364
417
398
375
417
326
325
330
422
397
361
358
386
346
359
427
409
419
360
367
354
396
354
357
360
363
354
369
412
380
384
367
434
382
438
406
447
361
366
364
405
431
414
376
393
414
402
429
382
416
371
401
385
450
444
452
389
434
390
424
476
437
412
388
391
460
470
435
423
436
428
405
401
428
473
421
417
397
475
443
409
407
464
455
473
455
479
476
492
453
412
428
498
511
435
503
425
452
505
517
514
458
508
471
477
447
426
515
429
449
431
503
469
446
511
498
521
470
477
501
466
537
477
508
474
453
484
452
485
484
527
525
484
526
483
522
524
477
552
527
521
533
539
518
542
508
561
496
470
479
535
478
510
478
549
527
535
477
497
491
569
525
553
529
517
499
543
551
527
494
541
493
508
504
592
589
576
535
594
522
552
522
582
559
556
601
532
571
507
512
590
561
559
576
517
532
599
556
593
549
529
534
571
585
524
558
615
602
557
611
548
557
595
573
624
585
624
629
585
613
629
625
575
550
554
610
637
562
645
631
566
623
581
620
573
636
578
650
580
644
654
576
623
624
621
609
619
567
619
579
618
598
599
616
576
642
602
631
603
593
660
651
628
673
601
670
625
618
611
635
655
593
664
659
668
637
668
671
663
634
663
615
659
605
667
623
698
608
670
685
687
684
705
692
650
628
662
680
671
708
668
678
673
704
644
718
693
657
688
645
724
646
695
637
705
652
642
712
675
666
688
711
721
723
698
703
710
729
703
673
706
722
685
652
668
707
721
735
699
722
669
756
726
750
693
753
702
738
706
714
671
763
699
702
701
676
725
710
753
734
718
697
739
700
751
723
767
752
779
700
784
752
723
730
709
741
774
781
735
755
710
767
746
767
716
783
733
799
767
797
778
805
803
787
809
779
719
794
813
748
759
737
786
742
725
803
747
794
796
751
741
783
762
775
804
747
808
805
764
802
777
756
803
834
831
834
763
754
769
835
758
758
842
752
831
846
798
804
804
760
820
768
826
827
769
766
835
829
845
800
809
827
844
845
775
830
848
781
851
834
786
828
868
846
821
850
857
857
805
831
869
839
882
878
878
804
796
858
838
803
865
885
886
859
835
821
850
856
851
820
861
873
858
858
828
860
853
835
874
848
834
866
847
878
833
845
922
870
905
878
836
840
830
919
841
914
919
873
902
885
893
873
887
865
901
928
888
856
848
942
903
910
894
942
874
946
923
955
913
862
860
902
956
941
948
879
962
872
880
947
944
882
915
886
877
958
881
958
887
920
952
895
959
978
921
890
924
911
929
957
949
919
939
930
991
980
916
920
920
932
909
974
983
986
949
905
912
994
994
996
993
964
914
977
1000
993
955
973
933
985
920
955
923
961
937
1019
959
941
977
995
966
1004
1024
997
981
1020
965
949
1022
964
994
993
996
980
1033
984
965
985
1028
976
1011
1035
1037
963
955
972
970
1048
968
1016
997
1040
1049
1020
1023
985
969
1020
988
1060
1058
1036
1033
983
1005
988
1060
990
981
1051
1020
990
1002
1031
1040
988
1037
997
1000
1051
1052
1044
1051
1010
1018
993
1048
1058
1088
1092
1008
1014
1015
1030
1018
1039
1079
1080
1097
1087
1069
1043
1012
1026
1050
1057
1056
1112
1090
1097
1097
1088
1040
1030
1058
1080
1054
1031
1093
1058
1119
1096
1104
1084
1090
1041
1079
1120
1069
1130
1130
1127
1106
1051
1083
1092
1143
1049
1049
1071
1113
1106
1080
1067
1151
1076
1098
1149
1133
1115
1096
1094
1116
1119
1114
1127
1108
1112
1085
1133
1096
1073
1168
1119
1109
1145
1171
1171
1103
1163
1160
1159
1111
1133
1094
1143
1086
1166
1095
1171
1119
1177
1175
1162
1146
1100
1135
1151
1116
1159
1187
1187
1142
1112
1168
1196
1146
1192
1143
1175
1135
1195
1119
1114
1205
1147
1191
1145
1159
1120
1210
1204
1188
1170
1151
1203
1158
1182
1200
1223
1168
1157
1203
1170
1210
1199
1138
1171
1220
1217
1164
1143
1201
1209
1177
1222
1191
1172
1180
1205
1243
1170
1228
1160
1180
1167
1191
1183
1156
1173
1250
1193
1225
1207
1244
1250
1253
1231
1188
1247
1254
1247
1260
1248
1200
1177
1261
1229
1239
1227
1234
1202
1231
1233
1216
1243
1195
1227
1214
1285
1212
1216
1285
1261
1263
1286
1291
1262
1211
1278
1253
1269
1254
1297
1271
1241
1278
1282
1267
1285
1217
1232
1233
1280
1231
1285
1222
1312
1283
1316
1293
1276
1222
1256
1242
1323
1285
1257
1303
1243
1318
1328
1235
1278
1328
1245
1322
1304
1318
1273
1313
1336
1255
1320
1301
1278
1318
1316
1253
1315
1297
1261
1268
1267
1322
1347
1348
1323
1330
1316
1302
1283
1301
1268
1273
1304
1294
1295
1270
1337
1357
1315
1314
1328
1348
1341
1285
1356
1325
1281
1287
1331
1361
1351
1314
1340
1377
1341
1300
1300
1325
1329
1325
1375
1310
1362
1338
1369
1309
1333
1331
1316
1326
1371
1365
1356
1308
1402
1337
1353
1325
1337
1340
1394
1384
1344
1358
1373
1361
1356
1391
1328
1322
1323
1335
1343
1397
1346
1409
1421
1345
1418
1384
1333
1424
1355
1405
1430
1405
1353
1420
1433
1402
1392
1353
1358
1438
1384
1407
1395
1368
1363
1410
1449
1385
1413
1382
1373
1392
1382
1395
1369
1367
1366
1385
1430
1416
1421
1369
1425
1426
1461
1402
1453
1372
1466
1397
1412
1437
1407
1450
1388
1447
1413
1477
1403
1455
1451
1401
1440
1430
1478
1434
1462
1453
1435
1447
1467
1414
1445
1408
1482
1452
1451
1455
1462
1502
1406
1409
1493
1436
1416
1471
1471
1429
1498
1422
1487
1425
1455
1451
1459
1516
1443
1497
1521
1451
1450
1477
1523
1512
1496
1497
1481
1508
1478
1456
1532
1475
1496
1511
1507
1501
1472
1492
1492
1521
1522
1456
1506
1482
1527
1512
1465
1472
1525
1464
1506
1484
1482
1527
1555
1552
1549
1467
1527
1506
1468
1540
1567
1520
1541
1563
1521
1528
1537
1497
1544
1519
1533
1550
1574
1567
1504
1525
1565
1569
1517
1565
1525
1492
1571
1536
1579
1502
1529
1535
1548
1552
1504
1574
1517
1505
1572
1530
1526
1508
1506
1538
1510
1558
1596
1584
1545
1601
1517
1579
1590
1568
1581
1585
1534
1574
1522
1583
1554
1598
1622
1534
1610
1572
1612
1603
1572
1557
1604
1602
1600
1553
1566
1628
1631
1560
1635
1547
1570
1579
1602
1624
1577
1589
1609
1558
1649
1572
1569
1600
1578
1605
1624
1619
1615
1604
1564
1580
1588
1651
1598
1654
1581
1598
1593
1589
1660
1597
1669
1661
1609
1584
1661
1656
1584
1606
1650
1644
1590
1666
1673
1644
1658
1640
1656
1635
1648
1647
1671
1654
1685
1694
1654
1626
1623
1686
1684
1677
1691
1661
1662
1696
1684
1707
1695
1695
1631
1705
1678
1662
1696
1676
1703
1667
1715
1637
1712
1641
1714
1698
1709
1660
1714
1635
1655
1681
1709
1716
1681
1685
1685
1641
1723
1665
1696
1733
1705
1733
1702
1744
1690
1712
1743
1659
1650
1739
1688
1732
1714
1718
1749
1712
1751
1715
1691
1728
1749
1720
1742
1732
1764
1732
1689
1760
1670
1720
1767
1723
1729
1696
1743
1691
1774
1702
1734
1754
1716
1757
1710
1697
1696
1776
1702
1711
1758
1707
1692
1785
1710
1747
1716
1710
1717
1746
1788
1767
1701
1710
1756
1777
1781
1782
1726
1756
1798
1723
1715
1713
1801
1779
1803
1768
1730
1796
1784
1761
1728
1736
1730
1778
1772
1815
1794
1735
1772
1745
1764
1795
1802
1782
1770
1807
1764
1776
1802
1819
1818
1837
1751
1789
1816
1818
1777
1768
1755
1769
1799
1765
1840
1783
1774
1758
1771
1833
1818
1781
1793
1846
1836
1839
1776
1824
1816
1817
1832
1855
1837
1775
1840
1821
1828
1781
1836
1791
1817
1794
1796
1837
1814
1831
1831
1833
1797
1833
1832
1807
1843
1861
1863
1846
1848
1844
1865
1843
1814
1890
1817
1804
1865
1818
1847
1905
1902
1821
1816
1851
1880
1856
1824
1892
1839
1865
1890
1913
1880
1825
1887
1911
1875
1907
1912
1896
1925
1892
1906
1905
1836
1890
1886
1860
1884
1857
1886
1925
1918
1843
1934
1890
1861
1928
1908
1884
1938
1869
1876
1917
1919
1891
1942
1890
1921
1920
1932
1869
1902
1875
1884
1905
1868
1958
1876
1893
1956
1871
1891
1877
1970
1907
1884
1948
1947
1924
1898
1886
1939
1956
1909
1962
1945
1925
1934
1952
1904
1982
1901
1989
1949
1899
1966
1925
1957
1958
1919
1956
1991
1926
1986
1954
1942
1921
1980
1941
1955
1912
1984
1961
1984
1952
1949
2003
1962
1947
2010
1928
1957
2019
1960
1972
2021
2018
1970
1931
1958
2026
2008
2002
1960
1969
1943
1986
2005
2021
1951
1973
2035
2010
1976
1950
2018
1983
1993
2008
1985
2033
2024
2016
1998
1970
2030
2032
1964
2052
1984
1976
2034
2028
2052
2002
2014
2006
2022
1971
1971
1972
2037
1996
2069
2004
2011
2029
2066
2015
2004
2001
2034
2029
2019
1984
1995
2048
2044
1988
2041
1998
2041
1991
2046
2025
2092
2001
2062
2001
2075
2040
2014
2044
2049
2101
2006
2061
2088
2019
2033
2066
2106
2103
2036
2089
2046
2018
2100
2031
2089
2040
2021
2077
2047
2078
2105
2055
2099
2100
2053
2063
2077
2095
2102
2079
2051
2042
2110
2120
2119
2049
2117
2092
2137
2076
2052
2128
2068
2054
2061
2111
2101
2057
2075
2105
2070
2123
2118
2088
2110
2125
2153
2072
2077
2155
2071
2079
2101
2112
2132
2155
2127
2161
2147
2072
2166
2087
2118
2111
2163
2097
2089
2142
2105
2146
2112
2095
2092
2141
2187
2095
2132
2158
2162
2144
2150
2127
2161
2160
2162
2112
2178
2121
2187
2147
2110
2197
2165
2131
2158
2109
2187
2113
2139
2127
2166
2156
2133
2162
2213
2204
2198
2177
2145
2172
2167
2199
2126
2186
2194
2214
2140
2228
2207
2174
2206
2139
2224
2195
2169
2233
2221
2221
2171
2211
2222
2230
2235
2156
2194
2150
2221
2209
2192
2153
2237
2176
2251
2233
2160
2160
2239
2229
2230
2175
2242
2169
2245
2197
2253
2232
2263
2192
2181
2269
2230
2258
2186
2232
2237
2230
2263
2245
2261
2271
2195
2244
2186
2237
2200
2278
2197
2217
2225
2209
2201
2245
2232
2286
2231
2277
2221
2270
2237
2210
2254
2265
2247
2216
2287
2225
2281
2267
2299
2232
2230
2236
2257
2259
2241
2289
2221
2229
2230
2304
2313
2300
2258
2230
2242
2298
2255
2237
2326
2319
2304
2329
2275
2309
2259
2305
2241
2330
2326
2331
2275
2300
2266
2263
2283
2329
2296
2280
2284
2346
2335
2331
2266
2309
2317
2350
2296
2316
2351
2334
2330
2355
2334
2276
2293
2294
2365
2292
2364
2341
2311
2350
2366
2310
2289
2349
2334
2343
2379
2357
2326
2366
2349
2380
2341
2358
2338
2314
2309
2344
2335
2362
2301
2356
2343
2365
2330
2305
2392
2384
2379
2366
2383
2322
2330
2402
2338
2318
2342
2403
2401
2345
2376
2326
2348
2349
2330
2389
2397
2336
2357
2386
2377
2361
2354
2368
2376
2391
2384
2358
2414
2338
2435
2432
2416
2373
2426
2424
2371
2396
2363
2441
2412
2393
2445
2393
2448
2417
2366
2357
2386
2380
2454
2408
2436
2446
2376
2398
2377
2413
2385
2415
2447
2395
2383
2425
2417
2430
2391
2467
2460
2403
2467
2385
2470
2459
2422
2462
2420
2429
2404
2448
2468
2469
2440
2439
2468
2470
2410
2486
2444
2429
2480
2440
2465
2447
2494
2480
2478
2493
2412
2433
2443
2470
2497
2497
2487
2489
2470
2463
2501
2481
2454
2486
2450
2467
2449
2507
2480
2466
2436
2431
2480
2526
2506
2490
2493
2499
2510
2472
2459
2463
2508
2520
2483
2455
2524
2539
2487
2532
2469
2509
2466
2479
2472
2495
2457
2511
2492
2544
2499
2527
2492
2474
2511
2540
2465
2559
2500
2481
2541
2486
2495
2542
2507
2509
2481
2514
2541
2543
2503
2515
2503
2540
2575
2566
2499
2528
2521
2546
2562
2533
2550
2548
2586
2507
2558
2572
2553
2588
2575
2591
2560
2562
2592
2576
2513
2547
2570
2523
2520
2555
2518
2554
2580
2581
2548
2608
2581
2542
2607
2578
2565
2552
2536
2568
2557
2597
2555
2590
2549
2529
2571
2576
2587
2621
2579
2596
2562
2609
2576
2572
2571
2561
2543
2543
2554
2601
2571
2635
2566
2624
2567
2568
2635
2614
2616
2630
2596
2626
2618
2589
2556
2594
2571
2624
2636
2615
2596
2610
2584
2628
2660
2646
2657
2581
2648
2627
2608
2660
2637
2627
2631
2578
2675
2676
2647
2668
2616
2649
2608
2590
2617
2614
2646
2649
2633
2666
2664
2631
2594
2651
2639
2629
2688
2694
2667
2652
2677
2615
2677
2661
2670
2694
2696
2702
2666
2618
2683
2711
2686
2714
2706
2713
2678
2668
2665
2643
2674
2705
2713
2673
2698
2718
2713
2658
2660
2711
2642
2716
2637
2638
2695
2665
2645
2650
2667
2663
2681
2690
2723
2680
2714
2653
2651
2661
2737
2729
2659
2695
2696
2691
2688
2688
2662
2694
2693
2673
2743
2686
2718
2737
2710
2715
2731
2756
2673
2687
2737
2734
2704
2744
2735
2742
2745
2774
2764
2693
2773
2748
2770
2742
2776
2751
2768
2723
2729
2752
2781
2730
2745
2769
2763
2766
2749
2712
2793
2800
2713
2731
2783
2753
2710
2765
2773
2797
2752
2719
2718
2792
2732
2775
2715
2758
2779
2726
2738
2724
2729
2722
2731
2750
2774
2807
2758
2781
2779
2737
2830
2788
2806
2750
2765
2824
2828
2747
2793
2836
2757
2841
2808
2756
2813
2759
2819
2838
2760
2832
2799
2795
2838
2789
2814
2770
2761
2820
2797
2770
2822
2852
2850
2822
2768
2837
2794
2865
2832
2774
2818
2846
2825
2796
2868
2825
2804
2847
2808
2781
2860
2851
2856
2845
2807
2853
2866
2809
2823
2797
2879
2848
2887
2819
2877
2808
2865
2885
2854
2858
2811
2868
2878
2869
2868
2906
2856
2842
2810
2833
2895
2904
2892
2860
2900
2910
2885
2871
2845
2854
2854
2854
2863
2891
2831
2880
2881
2879
2831
2918
2873
2896
2901
2857
2886
2850
2861
2908
2874
2856
2853
2860
2924
2938
2902
2890
2939
2899
2916
2937
2910
2921
2899
2942
2942
2917
2932
2860
2887
2954
2874
2903
2864
2934
2904
2938
2967
2874
2900
2922
2947
2928
2951
2899
2899
2958
2886
2891
2895
2924
2922
2905
2972
2942
2953
2887
2982
2922
2935
2910
2941
2941
2925
2895
2972
2988
2949
2921
2949
2977
2945
2996
2928
2978
2931
3001
2978
2999
2976
2945
2953
3008
2916
3002
2971
2991
2963
3000
2994
2960
3012
2940
3016
2962
2995
2934
3002
2976
2932
2980
2967
2940
3033
2964
3004
2991
2954
3004
3020
2952
3017
2967
2951
2973
2995
3042
2983
2976
3022
2989
2984
3036
2975
2979
3044
3038
3004
3053
2985
2974
3019
2969
3048
2964
3056
3009
3038
3059
3046
3057
3034
2998
3032
2982
3065
3025
3024
3044
2990
3060
3057
3078
3035
3065
3037
3019
2993
3029
3042
3040
3020
3010
3032
3073
3063
3038
3052
3048
3072
3072
3093
3039
3098
3021
3039
3096
3070
3055
3046
3094
3013
3088
3041
3107
3062
3089
3066
3062
3072
3029
3097
3024
3037
3040
3109
3116
3032
3084
3038
3046
3090
3064
3049
3118
3042
3041
3115
3137
3078
3047
3112
3043
3065
3142
3122
3051
3047
3061
3068
3053
3080
3092
3143
3062
3104
3089
3066
3085
3134
3108
3068
3062
3076
3071
3127
3079
3160
3114
3157
3094
3145
3117
3080
3089
3082
3143
3156
3115
3098
3128
3105
3116
3102
3107
3183
3159
3180
3112
3169
3136
3108
3142
3157
3169
3149
3192
3162
3158
3152
3177
3196
3192
3105
3170
3189
3141
3183
3138
3157
3177
3116
3210
3132
3130
3205
3153
3155
3193
3138
3152
3140
3174
3131
3186
3211
3135
3220
3152
3218
3179
3133
3152
3185
3169
3155
3234
3227
3192
3221
3194
3151
3171
3188
3180
3232
3239
3229
3174
3157
3175
3196
3183
3229
3225
3164
3243
3237
3226
3161
3163
3231
3262
3259
3167
3225
3192
3190
3238
3189
3194
3200
3199
3244
3205
3269
3227
3259
3268
3200
3221
3217
3257
3193
3224
3197
3215
3237
3226
3202
3231
3245
3215
3278
3284
3284
3292
3282
3244
3236
3212
3244
3280
3244
3292
3212
3231
3272
3243
3222
3266
3293
3247
3293
3293
3310
3256
3272
3230
3278
3238
3302
3280
3284
3267
3279
3263
3240
3265
3251
3299
3245
3304
3300
3242
3328
3328
3262
3265
3251
3267
3332
3332
3341
3247
3310
3250
3291
3278
3300
3277
3296
3321
3283
3332
3270
3326
3328
3295
3327
3270
3344
3348
3298
3307
3304
3274
3280
3352
3346
3331
3289
3354
3320
3332
3341
3314
3341
3344
3369
3331
3347
3294
3361
3304
3352
3346
3351
3297
3387
3311
3307
3327
3364
3357
3379
3310
3372
3320
3303
3372
3359
3397
3332
3373
3343
3343
3330
3402
3324
3351
3385
3338
3365
3376
3376
3362
3370
3341
3386
3345
3410
3380
3400
3378
3393
3369
3348
3413
3345
3430
3349
3388
3417
3429
3396
3430
3415
3360
3359
3357
3417
3374
3404
3439
3428
3429
3429
3386
3441
3440
3378
3385
3400
3390
3451
3443
3414
3380
3458
3374
3368
3403
3403
3464
3403
3367
3443
3374
3454
3425
3453
3467
3406
3444
3411
3429
3461
3406
3459
3432
3448
3423
3399
3408
3435
3458
3473
3486
3401
3450
3483
3463
3421
3448
3469
3430
3436
3411
3430
3492
3476
3424
3502
3472
3442
3437
3448
3415
3491
3411
3491
3413
3499
3480
3506
3435
3465
3470
3496
3489
3501
3427
3467
3478
3450
3526
3483
3515
3478
3442
3468
3525
3486
3491
3485
3512
3446
3523
3531
3479
3477
3501
3540
3520
3453
3508
3497
3539
3540
3518
3499
3479
3533
3459
3462
3494
3461
3536
3503
3486
3486
3487
3465
3466
3559
3544
3553
3508
3559
3500
3553
3485
3521
3497
3549
3534
3499
3531
3527
3548
3551
3504
3525
3551
3565
3562
3561
3519
3545
3590
3538
3562
3537
3512
3539
3588
3560
3575
3536
3500
3588
3581
3512
3579
3530
3537
3542
3520
3553
3542
3588
3573
3535
3542
3530
3542
3535
3574
3579
3545
3524
3617
3560
3596
3537
3531
3559
3553
3550
3571
3540
3630
3582
3598
3561
3556
3637
3606
3576
3621
3559
3547
3632
3564
3550
3551
3601
3564
3637
3612
3558
3572
3591
3600
3625
3594
3623
3655
3616
3593
3592
3588
3568
3590
3627
3599
3662
3627
3576
3578
3628
3658
3669
3636
3602
3669
3611
3615
3666
3642
3624
3604
3587
3624
3596
3607
3615
3604
3607
3674
3627
3692
3623
3685
3690
3690
3657
3690
3691
3655
3667
3672
3659
3656
3700
3677
3672
3638
3624
3674
3619
3690
3638
3702
3622
3653
3639
3677
3640
3639
3716
3659
3718
3665
3631
3628
3702
3684
3685
3678
3693
3690
3718
3650
3735
3707
3711
3732
3667
3722
3645
3701
3681
3703
3651
3699
3717
3701
3667
3691
3719
3676
3691
3677
3711
3699
3694
3665
3718
3743
3675
3745
3711
3715
3746
3698
3710
3764
3677
3704
3693
3766
3727
3738
3738
3731
3693
3769
3723
3766
3745
3757
3748
3736
3716
3687
3728
3730
3706
3776
3694
3709
3717
3773
3724
3718
3707
3709
3765
3702
3704
3745
3754
3729
3711
3795
3756
3795
3713
3793
3792
3728
3752
3773
3785
3763
3788
3761
3811
3808
3757
3819
3763
3726
3801
3759
3798
3824
3742
3777
3768
3778
3825
3737
3785
3755
3756
3760
3758
3744
3811
3835
3812
3808
3832
3746
3761
3785
3756
3845
3768
3814
3758
3810
3787
3782
3794
3821
3801
3807
3763
3827
3811
3828
3820
3823
3798
3800
3847
3839
3869
3846
3793
3810
3797
3871
3824
3812
3832
3793
3790
3802
3864
3790
3794
3810
3794
3882
3867
3833
3803
3857
3835
3882
3805
3796
3829
3819
3811
3896
3857
3897
3862
3829
3833
3896
3895
3857
3897
3843
3878
3817
3815
3879
3900
3905
3859
3873
3860
3916
3827
3890
3911
3846
3892
3844
3873
3916
3916
3864
3890
3905
3869
3896
3879
3881
3907
3851
3857
3908
3853
3876
3886
3856
3851
3867
3886
3891
3860
3947
3868
3866
3863
3909
3878
3942
3860
3910
3880
3938
3873
3905
3892
3866
3935
3893
3893
3927
3933
3914
3901
3938
3903
3899
3966
3951
3973
3973
3891
3901
3888
3923
3946
3925
3899
3891
3950
3888
3961
3958
3905
3981
3952
3955
3942
3916
3936
3903
3934
3952
3953
3950
3911
3946
3933
3942
3969
3961
3942
3964
3923
3959
3991
3954
3924
3920
3969
3939
3970
4005
3980
3929
3973
3965
4005
3997
3945
3936
4021
4020
3950
3967
3971
3941
3970
4032
4021
3997
3954
4033
3996
3952
4038
3971
3962
3956
3948
4029
4033
3973
4001
3977
3986
3990
4018
3971
4032
4007
3969
4025
3985
4061
4054
4013
4054
4055
4065
4055
3990
4005
4044
4016
4046
3985
4057
4015
4075
3983
4038
3994
3994
3993
4017
4083
3990
4013
4068
3993
4077
4063
4083
4055
4017
4081
4045
4087
4063
4083
4027
4066
4074
4026
4073
4051
4062
4069
4058
4082
4093
4046
4024
4076
4082
4104
4097
4089
4084
4110
4113
4045
4030
4113
4064
4066
4027
4082
4085
4053
4087
4063
4117
4062
4049
4088
4072
4098
4085
4090
4044
4134
4101
4089
4139
4098
4123
4146
4103
4110
4121
4079
4140
4141
4087
4124
4063
4072
4065
4064
4120
4125
4119
4127
4144
4064
4068
4078
4140
4148
4089
4147
4142
4140
4104
4171
4120
4112
4154
4114
4109
4149
4131
4111
4151
4157
4146
4174
4112
4118
4170
4109
4173
4093
4115
4163
4126
4134
4100
4121
4130
4143
4183
4124
4192
4181
4151
4172
4198
4138
4115
4118
4125
4122
4166
4116
4155
4158
4154
4129
4153
4178
4168
4134
4184
4145
4156
4177
4163
4153
4136
4223
4146
4136
4175
4227
4176
4169
4208
4155
4179
4150
4160
4232
4237
4154
4176
4190
4196
4157
4158
4185
4247
4158
4206
4217
4246
4222
4189
4214
4206
4205
4253
4209
4241
4227
4224
4221
4170
4225
4209
4184
4227
4252
4263
4219
4236
4200
4194
4210
4248
4268
4221
4188
4277
4256
4263
4237
4231
4235
4236
4244
4218
4237
4292
4285
4199
4233
4263
4215
4206
4288
4248
4254
4259
4266
4242
4220
4268
4226
4229
4282
4213
4221
4303
4286
4219
4298
4247
4271
4232
4243
4303
4312
4239
4254
4292
4272
4267
4314
4327
4237
4259
4239
4259
4275
4324
4248
4268
4271
4300
4283
4292
4329
4282
4281
4311
4280
4317
4279
4280
4294
4341
4346
4352
4286
4278
4262
4290
4268
4350
4266
4355
4310
4308
4310
4354
4354
4332
4344
4360
4273
4272
4307
4363
4288
4335
4277
4360
4373
4366
4359
4355
4351
4298
4343
4328
4288
4374
4353
4381
4345
4376
4295
4309
4376
4306
4338
4313
4339
4335
4335
4311
4383
4398
4305
4385
4336
4375
4384
4331
4345
4324
4320
4337
4344
4336
4369
4399
4359
4324
4387
4382
4344
4368
4388
4407
4339
4410
4371
4372
4417
4394
4361
4424
4428
4403
4384
4384
4406
4396
4348
4379
4433
4379
4401
4434
4369
4357
4357
4402
4426
4356
4431
4385
4367
4389
4442
4363
4367
4392
4396
4453
4389
4404
4376
4383
4383
4457
4379
4397
4434
4452
4438
4407
4418
4395
4419
4448
4475
4431
4394
4465
4411
4420
4462
4403
4456
4421
4424
4469
4478
4488
4424
4458
4491
4403
4424
4466
4421
4423
4421
4452
4492
4487
4424
4429
4500
4473
4465
4435
4450
4489
4474
4451
4487
4475
4499
4481
4496
4434
4426
4449
4495
4520
4497
4469
4431
4482
4468
4458
4460
4477
4476
4450
4500
4494
4500
4500
4440
4499
4501
4466
4493
4481
4539
4537
4543
4459
4472
4492
4539
4466
4485
4472
4484
4535
4477
4512
4458
4518
4540
4560
4489
4529
4509
4559
4479
4490
4497
4522
4489
4533
4541
4559
4571
4553
4481
4508
4492
4528
4559
4520
4528
4532
4517
4582
4497
4581
4567
4541
4555
4549
4534
4543
4527
4506
4502
4574
4535
4547
4521
4502
4578
4552
4578
4529
4563
4574
4535
4538
4596
4606
4603
4515
4554
4537
4524
4531
4568
4540
4554
4557
4592
4527
4543
4559
4605
4585
4530
4562
4600
4594
4592
4602
4597
4624
4613
4607
4607
4571
4562
4630
4569
4608
4569
4573
4616
4581
4600
4600
4599
4583
4602
4615
4603
4572
4622
4629
4577
4607
4651
4617
4647
4661
4649
4566
4662
4657
4584
4668
4578
4662
4665
4622
4620
4598
4624
4615
4673
4677
4607
4606
4652
4624
4658
4625
4677
4648
4618
4681
4635
4667
4676
4597
4670
4690
4621
4611
4661
4603
4640
4688
4701
4688
4692
4622
4699
4621
4666
4628
4671
4657
4661
4699
4704
4633
4656
4643
4678
4646
4705
4636
4679
4653
4707
4645
4660
4668
4702
4633
4680
4670
4666
4647
4701
4651
4673
4649
4660
4704
4640
4690
4716
4695
4689
4646
4728
4713
4707
4657
4675
4663
4714
4675
4671
4723
4741
4733
4670
4688
4696
4721
4710
4666
4730
4743
4671
4740
4699
4758
4716
4700
4765
4697
4681
4756
4728
4696
4770
4741
4777
4704
4768
4697
4693
4782
4780
4779
4771
4768
4746
4761
4787
4751
4784
4759
4706
4760
4750
4791
4733
4794
4776
4791
4712
4711
4726
4720
4736
4781
4748
4736
4761
4750
4728
4750
4801
4789
4761
4765
4786
4732
4767
4760
4811
4756
4794
4742
4769
4746
4771
4813
4803
4785
4744
4761
4743
4816
4838
4776
4801
4753
4824
4769
4826
4821
4753
4804
4814
4792
4798
4772
4849
4816
4756
4795
4757
4799
4849
4816
4848
4855
4816
4796
4786
4832
4807
4817
4785
4831
4796
4824
4786
4791
4852
4834
4785
4866
4803
4872
4880
4811
4822
4824
4821
4853
4852
4842
4847
4881
4860
4805
4879
4842
4864
4826
4800
4834
4850
4882
4877
4886
4841
4826
4866
4843
4898
4902
4840
4879
4837
4835
4911
4892
4822
4843
4857
4914
4868
4855
4868
4892
4921
4833
4858
4855
4873
4870
4922
4843
4859
4928
4875
4908
4837
4909
4869
4884
4934
4874
4884
4853
4900
4868
4907
4864
4883
4941
4924
4923
4860
4898
4899
4946
4865
4901
4892
4925
4908
4898
4907
4897
4906
4962
4956
4911
4965
4874
4955
4884
4899
4965
4950
4911
4918
4937
4932
4938
4961
4881
4944
4955
4950
4940
4971
4981
4961
4895
4949
4928
4896
4908
4897
4978
4902
4934
4982
4993
4968
4914
4916
4913
4981
4985
4915
4976
4921
4988
4982
4911
4996
4911
4945
4935
4952
4948
4936
4989
4970
4996
4922
4994
4929
5011
4968
5003
5008
4999
5027
5008
5005
4939
5006
4933
5009
5028
4938
4972
5001
5039
4947
4954
4956
5037
5035
4977
5028
4990
4949
4961
5031
4964
5013
4986
5032
4956
5055
4967
4981
5036
5049
4994
5029
4970
4971
4979
4973
5032
5021
4970
5015
4999
4994
5005
5028
5030
5067
5058
5009
4981
5027
5078
5073
5031
5082
4996
4995
5079
5036
5048
5049
5039
5021
5032
5082
5060
5052
5023
5079
5062
5091
5012
5072
5008
5025
5027
5058
5022
5045
5013
5093
5054
5023
5056
5053
5062
5086
5090
5055
5070
5020
5035
5087
5086
5111
5047
5076
5047
5116
5030
5069
5110
5106
5102
5058
5052
5073
5103
5107
5126
5129
5111
5129
5129
5045
5093
5048
5067
5137
5063
5062
5109
5099
5092
5136
5133
5108
5066
5128
5126
5068
5081
5113
5150
5128
5114
5159
5133
5111
5151
5129
5121
5087
5123
5075
5106
5076
5154
5171
5093
5146
5175
5117
5101
5176
5164
5104
5120
5109
5096
5139
5174
5096
5192
5179
5158
5113
5157
5181
5145
5190
5135
5171
5153
5194
5167
5193
5144
5144
5135
5130
5162
5120
5127
5211
5215
5209
5216
5164
5184
5214
5158
5171
5201
5216
5139
5216
5134
5152
5143
5227
5212
5172
5151
5163
5141
5161
5172
5210
5149
5167
5145
5217
5173
5157
5205
5202
5185
5149
5152
5192
5193
5190
5194
5232
5195
5183
5158
5173
5203
5166
5245
5163
5205
5212
5209
5237
5222
5265
5185
5227
5223
5206
5223
5221
5217
5223
5192
5181
5229
5199
5246
5264
5227
5271
5240
5212
5232
5210
5268
5235
5255
5219
5253
5266
5215
5230
5244
5266
5293
5271
5203
5259
5253
5222
5295
5296
5257
5278
5244
5307
5236
5284
5305
5282
5238
5239
5264
5223
5267
5275
5271
5258
5305
5257
5248
5275
5266
5234
5322
5298
5256
5248
5318
5280
5315
5264
5317
5312
5255
5262
5296
5275
5263
5249
5306
5276
5279
5261
5294
5346
5329
5295
5264
5310
5265
5338
5322
5344
5343
5306
5340
5318
5290
5322
5300
5301
5326
5364
5286
5327
5280
5285
5324
5332
5314
5304
5285
5339
5337
5296
5316
5336
5359
5302
5302
5309
5379
5386
5388
5297
5299
5338
5381
5333
5385
5346
5379
5379
5320
5306
5306
5351
5341
5326
5368
5385
5318
5387
5390
5389
5384
5384
5334
5376
5338
5360
5406
5394
5382
5395
5371
5350
5344
5371
5392
5393
5423
5385
5425
5367
5352
5426
5375
5403
5356
5390
5426
5387
5359
5429
5419
5364
5368
5388
5351
5403
5387
5407
5423
5425
5422
5408
5365
5406
5420
5445
5377
5366
5443
5458
5435
5372
5387
5418
5410
5393
5423
5419
5409
5402
5375
5417
5383
5457
5388
5438
5394
5433
5405
5478
5439
5409
5480
5458
5403
5473
5389
5393
5401
5390
5436
5487
5475
5493
5475
5399
5481
5480
5433
5444
5486
5439
5427
5475
5495
5487
5412
5426
5484
5494
5482
5480
5428
5453
5506
5447
5511
5491
5477
5517
5521
5432
5487
5502
5521
5522
5501
5509
5474
5433
5517
5528
5520
5445
5439
5532
5459
5500
5485
5447
5455
5505
5445
5515
5500
5466
5480
5467
5459
5537
5518
5523
5462
5472
5512
5532
5545
5479
5467
5478
5504
5476
5539
5536
5502
5500
5558
5558
5503
5486
5487
5515
5559
5560
5480
5519
5563
5521
5497
5538
5500
5501
5517
5539
5503
5578
5507
5535
5570
5574
5567
5563
5583
5516
5574
5596
5534
5507
5510
5521
5520
5594
5584
5588
5516
5559
5512
5551
5603
5591
5586
5576
5530
5598
5544
5548
5593
5519
5531
5556
5545
5597
5605
5579
5576
5579
5591
5581
5601
5562
5590
5594
5566
5630
5578
5598
5617
5542
5622
5621
5606
5609
5638
5560
5628
5634
5599
5607
5568
5595
5564
5588
5650
5592
5621
5628
5650
5563
5644
5640
5661
5605
5567
5650
5641
5647
5605
5638
5582
5582
5660
5576
5658
5625
5664
5640
5590
5666
5628
5633
5595
5670
5617
5625
5649
5642
5598
5671
5683
5660
5616
5642
5637
5672
5622
5667
5608
5690
5619
5635
5640
5606
5689
5641
5627
5618
5614
5620
5650
5647
5696
5666
5626
5644
5632
5713
5716
5697
5621
5679
5636
5629
5662
5681
5685
5702
5723
5695
5724
5668
5695
5654
5656
5678
5663
5678
5689
5657
5654
5643
5717
5692
5739
5743
5704
5649
5692
5677
5707
5683
5658
5689
5657
5733
5711
5724
5739
5672
5750
5673
5725
5695
5669
5715
5681
5749
5729
5705
5707
5687
5715
5763
5738
5732
5702
5684
5710
5685
5706
5744
5710
5702
5696
5709
5769
5701
5700
5711
5720
5705
5732
5784
5751
5744
5734
5704
5712
5772
5769
5747
5797
5798
5785
5763
5775
5744
5712
5753
5763
5774
5794
5747
5801
5796
5756
5804
5806
5720
5784
5730
5753
5768
5804
5774
5755
5767
5821
5815
5782
5823
5756
5783
5743
5762
5811
5818
5742
5792
5798
5745
5834
5802
5756
5746
5833
5830
5797
5813
5829
5794
5766
5815
5837
5841
5788
5856
5769
5808
5806
5778
5774
5801
5859
5807
5845
5832
5847
5828
5857
5839
5849
5785
5792
5869
5785
5814
5807
5780
5791
5826
5844
5847
5815
5798
5805
5819
5837
5857
5846
5808
5850
5821
5832
5847
5844
5816
5872
5800
5883
5888
5893
5823
5817
5832
5809
5844
5815
5821
5853
5839
5857
5886
5869
5901
5874
5889
5866
5900
5875
5876
5864
5863
5914
5918
5861
5866
5857
5862
5848
5927
5852
5884
5886
5887
5867
5904
5874
5849
5910
5867
5933
5853
5851
5874
5884
5905
5856
5932
5895
5943
5872
5904
5944
5933
5954
5878
5916
5928
5897
5943
5956
5925
5865
5922
5935
5943
5914
5898
5957
5965
5875
5928
5922
5881
5937
5892
5943
5945
5913
5930
5915
5934
5957
5920
5907
5892
5966
5955
5976
5925
5910
5982
5894
5944
5987
5977
5919
5965
5980
5913
5914
5918
5922
5905
5959
5958
5986
5963
5963
5994
5956
5919
5941
5917
5979
5968
5929
5951
6006
5988
5923
5999
6004
5959
6001
6014
5990
5954
5932
5970
5976
6019
6011
5970
6015
5955
6016
6001
5958
6030
6018
6011
6000
6029
6038
6018
5995
6040
5961
6030
5972
6003
6019
6000
6053
6044
5975
6003
6057
5976
5987
5970
6041
5983
6045
5986
6047
5971
6042
6039
5996
6041
5998
6058
6008
6061
5985
6039
6020
6053
6068
6065
6022
5991
6077
6056
6003
6026
6000
6056
6016
6064
6040
6021
5998
6047
6019
6044
6096
6011
6047
6081
6038
6005
6104
6027
6058
6094
6048
6054
6066
6094
6044
6090
6017
6069
6098
6023
6085
6116
6031
6054
6062
6042
6060
6046
6059
6043
6077
6126
6057
6086
6098
6126
6119
6041
6135
6078
6046
6126
6048
6102
6096
6105
6094
6132
6095
6051
6134
6127
6064
6110
6140
6072
6061
6126
6154
6074
6078
6140
6072
6138
6093
6161
6108
6081
6108
6156
6153
6161
6087
6137
6107
6087
6106
6099
6123
6175
6167
6111
6088
6103
6140
6108
6160
6168
6130
6150
6178
6137
6119
6140
6146
6158
6154
6112
6115
6196
6122
6148
6198
6137
6190
6146
6132
6204
6157
6158
6189
6162
6174
6158
6190
6194
6164
6163
6159
6131
6213
6148
6179
6212
6153
6162
6179
6226
6151
6132
6182
6183
6171
6153
6155
6223
6234
6223
6210
6187
6216
6226
6164
6166
6238
6162
6152
6241
6229
6206
6208
6158
6222
6237
6216
6248
6174
6212
6236
6166
6198
6217
6221
6260
6226
6243
6171
6199
6195
6197
6175
6243
6182
6256
6187
6204
6184
6187
6209
6223
6201
6200
6196
6198
6251
6257
6262
6282
6267
6207
6202
6238
6213
6224
6238
6213
6214
6256
6292
6211
6281
6296
6248
6226
6251
6209
6210
6297
6229
6211
6306
6284
6212
6240
6226
6240
6238
6309
6270
6243
6224
6273
6305
6225
6237
6277
6309
6266
6241
6292
6309
6291
6249
6245
6242
6287
6318
6333
6269
6306
6315
6299
6340
6264
6311
6334
6324
6282
6311
6305
6325
6310
6253
6284
6299
6342
6290
6276
6278
6344
6355
6347
6324
6315
6357
6285
6286
6332
6282
6342
6299
6355
6325
6317
6283
6364
6280
6339
6284
6321
6332
6291
6378
6367
6336
6349
6305
6332
6360
6292
6316
6319
6350
6350
6383
6348
6303
6304
6335
6320
6345
6382
6374
6371
6315
6387
6381
6362
6323
6398
6328
6376
6336
6366
6340
6378
6368
6377
6363
6354
6360
6343
6374
6397
6364
6417
6332
6424
6372
6363
6338
6386
6416
6410
6344
6360
6409
6422
6412
6428
6367
6396
6343
6394
6379
6429
6438
6367
6437
6426
6371
6410
6401
6431
6442
6378
6381
6393
6436
6438
6385
6444
6452
6392
6451
6457
6384
6396
6391
6461
6403
6454
6449
6373
6454
6413
6456
6425
6444
6434
6392
6478
6426
6470
6412
6412
6400
6431
6417
6480
6467
6466
6423
6422
6411
6454
6410
6468
6477
6492
6432
6470
6460
6443
6464
6456
6436
6493
6505
6455
6420
6455
6482
6506
6417
6484
6465
6431
6428
6425
6454
6520
6468
6469
6506
6522
6490
6477
6519
6442
6483
6499
6482
6463
6498
6452
6472
6496
6505
6448
6511
6511
6465
6521
6502
6488
6542
6543
6496
6499
6458
6471
6522
6527
6497
6530
6507
6458
6484
6488
6554
6490
6476
6489
6553
6560
6558
6498
6530
6555
6516
6568
6478
6526
6505
6515
6506
6517
6545
6558
6500
6515
6499
6517
6489
6552
6516
6516
6563
6502
6578
6580
6544
6539
6502
6538
6586
6558
6499
6574
6565
6533
6596
6582
6588
6538
6535
6542
6509
6607
6608
6573
6544
6610
6546
6554
6605
6613
6547
6571
6615
6585
6560
6567
6587
6585
6527
6623
6624
6615
6578
6530
6556
6595
6626
6622
6629
6633
6563
6584
6610
6592
6562
6614
6564
6622
6568
6565
6555
6579
6630
6643
6641
6561
6597
6589
6573
6628
6581
6622
6599
6652
6601
6588
6590
6592
6586
6605
6654
6579
6623
6580
6630
6666
6671
6622
6595
6658
6596
6677
6621
6645
6643
6649
6628
6607
6596
6654
6617
6603
6628
6639
6619
6600
6667
6639
6672
6628
6643
6636
6654
6604
6694
6686
6665
6661
6679
6623
6683
6647
6663
6704
6629
6681
6637
6643
6696
6660
6652
6620
6686
6685
6683
6663
6631
6635
6697
6642
6655
6647
6716
6727
6714
6682
6715
6691
6660
6637
6659
6699
6707
6683
6733
6694
6675
6729
6722
6707
6746
6691
6655
6721
6663
6684
6729
6656
6689
6729
6742
6737
6665
6706
6692
6695
6679
6749
6764
6726
6685
6742
6733
6756
6704
6725
6709
6729
6761
6760
6723
6751
6682
6691
6721
6750
6684
6755
6755
6692
6701
6783
6712
6723
6706
6736
6762
6708
6725
6720
6765
6726
6726
6718
6789
6733
6742
6728
6759
6803
6804
6799
6773
6794
6809
6777
6787
6734
6746
6740
6724
6729
6787
6765
6791
6723
6740
6807
6815
6810
6781
6811
6800
6824
6749
6762
6778
6779
6771
6761
6815
6796
6787
6813
6771
6768
6763
6758
6753
6838
6844
6800
6776
6833
6824
6819
6795
6810
6801
6831
6810
6847
6845
6809
6821
6772
6839
6795
6783
6825
6854
6866
6811
6826
6854
6775
6779
6792
6838
6867
6829
6820
6822
6834
6807
6863
6793
6807
6829
6821
6850
6886
6820
6823
6867
6882
6850
6815
6859
6891
6852
6806
6850
6804
6900
6804
6879
6853
6833
6829
6872
6874
6834
6873
6859
6816
6816
6885
6870
6878
6852
6823
6843
6861
6887
6878
6859
6828
6837
6839
6838
6829
6833
6839
6849
6903
6846
6900
6896
6855
6848
6883
6889
6925
6850
6938
6889
6886
6868
6890
6943
6859
6857
6947
6937
6900
6935
6881
6869
6879
6899
6909
6926
6955
6880
6897
6886
6869
6951
6924
6904
6957
6893
6958
6911
6917
6957
6886
6961
6931
6898
6930
6961
6944
6950
6898
6911
6914
6919
6977
6981
6895
6922
6950
6939
6932
6912
6984
6957
6902
6964
6943
6939
6980
6952
6967
6980
6949
6922
6926
6949
7007
7000
6995
6934
7001
6930
6985
6965
6925
7007
6947
6978
6987
6930
6962
6957
6932
6999
6951
7024
6952
7018
6938
7001
6955
7013
6943
6951
7026
6975
6968
7037
7009
6953
6978
6953
6944
7001
7046
6976
7005
7031
6961
7049
6968
7024
7051
6982
7036
7047
7025
7036
7001
7035
7014
7010
6997
6992
7011
7010
7018
7006
7014
6975
7056
7017
6983
7009
7014
7072
7031
7005
7060
7004
7014
7058
7045
7039
7028
7016
7078
7026
7037
7058
7054
7060
7089
7019
7064
7043
7084
7057
7068
7044
7030
7009
7028
7023
7086
7044
7104
7104
7028
7064
7079
7015
7073
7040
7072
7087
7100
7080
7069
7062
7025
7071
7088
7041
7119
7063
7100
7065
7035
7062
7114
7097
7118
7075
7050
7123
7120
7055
7100
7047
7051
7078
7067
7103
7097
7116
7048
7084
7073
7094
7074
7073
7088
7139
7114
7129
7132
7122
7118
7100
7091
7123
7092
7117
7165
7161
7133
7080
7084
7145
7171
7143
7103
7161
7100
7131
7108
7128
7175
7130
7136
7090
7151
7104
7105
7143
7158
7146
7171
7092
7093
7148
7132
7195
7150
7108
7111
7191
7143
7179
7112
7127
7189
7188
7178
7143
7173
7171
7143
7132
7163
7132
7201
7124
7133
7187
7204
7172
7203
7160
7141
7154
7198
7136
7141
7178
7138
7213
7214
7213
7223
7169
7149
7190
7146
7151
7151
7153
7208
7192
7221
7186
7227
7183
7211
7182
7214
7175
7205
7151
7221
7182
7201
7194
7237
7244
7232
7218
7203
7230
7191
7196
7251
7244
7235
7256
7231
7170
7225
7259
7259
7192
7180
7222
7213
7190
7179
7224
7257
7219
7265
7199
7220
7279
7222
7189
7201
7235
7278
7243
7237
7240
7293
7202
7276
7273
7263
7221
7220
7241
7241
7209
7271
7262
7266
7278
7262
7247
7266
7294
7243
7215
7305
7259
7217
7274
7243
7232
7296
7270
7245
7303
7277
7268
7297
7259
7296
7293
7261
7302
7316
7273
7317
7255
7323
7336
7311
7321
7243
7263
7287
7340
7278
7261
7317
7277
7334
7278
7333
7310
7340
7271
7331
7273
7335
7272
7321
7352
7325
7360
7354
7339
7319
7355
7343
7271
7350
7311
7301
7332
7320
7352
7371
7319
7374
7302
7290
7335
7348
7368
7320
7304
7304
7297
7336
7287
7295
7318
7330
7382
7332
7302
7343
7334
7333
7342
7377
7354
7328
7324
7303
7396
7320
7391
7364
7391
7324
7404
7335
7335
7342
7351
7319
7399
7320
7394
7403
7327
7343
7337
7331
7405
7340
7404
7330
7366
7380
7350
7427
7355
7369
7402
7345
7411
7366
7429
7400
7395
7389
7406
7403
7439
7378
7395
7446
7372
7378
7375
7420
7423
7382
7429
7370
7453
7366
7426
7411
7379
7433
7390
7374
7438
7407
7407
7403
7403
7439
7404
7377
7403
7401
7404
7453
7435
7462
7473
7462
7465
7429
7479
7428
7451
7403
7391
7407
7465
7420
7434
7472
7480
7395
7419
7407
7429
7488
7434
7415
7428
7461
7455
7433
7424
7497
7471
7470
7452
7494
7499
7413
7453
7499
7481
7503
7500
7433
7446
7495
7462
7495
7509
7427
7497
7448
7442
7483
7520
7506
7513
7509
7455
7486
7476
7515
7462
7495
7520
7463
7533
7463
7460
7484
7479
7477
7521
7500
7541
7522
7485
7521
7549
7505
7527
7550
7467
7470
7511
7465
7534
7525
7533
7470
7487
7548
7524
7563
7540
7549
7514
7522
7532
7549
7487
7527
7560
7523
7495
7542
7549
7523
7514
7549
7545
7507
7573
7584
7552
7514
7579
7546
7575
7515
7582
7564
7575
7584
7512
7587
7519
7559
7506
7594
7505
7580
7577
7567
7576
7511
7584
7554
7554
7531
7544
7588
7572
7548
7569
7548
7617
7598
7618
7602
7529
7623
7602
7584
7527
7530
7533
7625
7609
7570
7590
7549
7542
7589
7606
7565
7588
7634
7616
7609
7546
7619
7559
7641
7566
7627
7580
7561
7599
7596
7603
7582
7629
7593
7588
7578
7657
7614
7614
7661
7589
7602
7622
7629
7602
7652
7602
7590
7650
7576
7613
7614
7642
7656
7656
7633
7656
7677
7600
7658
7592
7670
7596
7650
7673
7624
7643
7615
7619
7647
7604
7616
7679
7623
7623
7638
7602
7681
7698
7660
7681
7695
7630
7688
7630
7623
7666
7615
7650
7675
7692
7659
7654
7714
7652
7674
7704
7703
7703
7676
7677
7721
7691
7725
7722
7697
7657
7684
7689
7660
7645
7647
7645
7735
7688
7693
7737
7704
7700
7726
7652
7677
7719
7746
7746
7737
7696
7687
7675
7736
7739
7741
7745
7743
7696
7720
7730
7695
7739
7711
7735
7694
7735
7762
7744
7745
7690
7710
7689
7760
7767
7737
7711
7760
7714
7770
7766
7710
7731
7772
7748
7774
7751
7730
7771
7715
7765
7745
7728
7756
7706
7750
7767
7741
7753
7733
7768
7737
7715
7722
7762
7748
7722
7720
7785
7796
7790
7795
7805
7724
7790
7734
7809
7774
7764
7818
7754
7773
7748
7739
7806
7753
7804
7765
7767
7776
7775
7825
7822
7765
7806
7746
7821
7792
7769
7742
7774
7807
7809
7754
7773
7804
7837
7826
7754
7793
7832
7810
7758
7834
7796
7804
7821
7848
7833
7822
7852
7783
7785
7796
7786
7767
7864
7844
7861
7835
7811
7798
7851
7774
7847
7841
7870
7812
7877
7813
7799
7784
7818
7871
7813
7792
7832
7883
7788
7819
7821
7794
7888
7865
7806
7829
7803
7856
7873
7888
7844
7815
7848
7889
7885
7837
7896
7812
7854
7866
7870
7816
7867
7864
7883
7848
7855
7906
7818
7876
7918
7855
7842
7904
7902
7879
7876
7866
7837
7909
7871
7876
7875
7843
7903
7842
7878
7874
7841
7926
7852
7850
7896
7899
7903
7867
7877
7870
7879
7856
7898
7850
7910
7925
7917
7893
7941
7938
7929
7939
7872
7952
7911
7915
7924
7945
7893
7897
7955
7965
7923
7967
7887
7962
7969
7943
7943
7921
7902
7969
7949
7941
7978
7937
7929
7894
7945
7928
7888
7941
7905
7903
7987
7938
7900
7935
7994
7946
7961
7964
7995
7902
7933
7999
7916
7977
7983
7991
7955
7925
7965
7935
7974
7969
7958
7923
8012
7982
7982
8006
7946
7988
7994
7964
7942
7985
7933
8002
7944
8013
7944
8024
7965
7968
7953
8014
7947
7978
8027
7978
7946
7992
7955
8012
8008
7975
7954
7948
7975
7967
8006
7979
7989
7966
7963
7977
7959
7995
8011
7967
8003
8032
8017
8017
8031
8000
7972
8030
7975
8010
8032
8053
8014
8017
8040
7994
8071
8012
8010
8036
8010
8019
8073
8010
8065
7990
8070
7991
8037
8014
8067
8011
8089
8033
8010
8034
8023
8016
8026
8085
8010
8045
8018
8050
8040
8004
8067
8081
8080
8103
8044
8090
8036
8069
8014
8060
8036
8061
8063
8084
8058
8102
8082
8066
8081
8099
8061
8077
8068
8036
8095
8082
8120
8040
8127
8097
8086
8058
8110
8080
8130
8094
8058
8083
8130
8050
8055
8072
8095
8139
8108
8088
8115
8149
8123
8073
8140
8132
8129
8145
8089
8067
8066
8100
8098
8149
8070
8125
8160
8144
8142
8166
8101
8131
8133
8169
8138
8122
8132
8133
8090
8116
8150
8157
8161
8138
8160
8137
8125
8127
8173
8097
8116
8158
8120
8115
8130
8144
8190
8128
8120
8186
8188
8182
8127
8176
8202
8165
8201
8124
8192
8179
8118
8114
8127
8179
8167
8148
8188
8172
8209
8120
8214
8126
8222
8222
8199
8172
8207
8187
8158
8149
8138
8198
8160
8210
8226
8167
8199
8227
8173
8178
8196
8239
8214
8183
8211
8182
8224
8150
8169
8233
8243
8195
8243
8236
8188
8198
8238
8183
8177
8247
8218
8209
8219
8177
8249
8242
8227
8199
8201
8180
8187
8183
8225
8273
8245
8213
8231
8253
8189
8259
8261
8187
8207
8184
8208
8194
8202
8196
8229
8223
8245
8248
8292
8285
8222
8256
8229
8264
8223
8299
8204
8250
8257
8276
8305
8263
8236
8217
8212
8302
8213
8299
8258
8297
8283
8256
8225
8261
8220
8300
8229
8303
8263
8256
8294
8325
8325
8230
8287
8254
8232
8280
8296
8259
8283
8310
8251
8266
8296
8310
8290
8301
8293
8338
8257
8320
8317
8279
8274
8298
8279
8270
8323
8281
8275
8302
8316
8323
8295
8325
8267
8307
8284
8284
8313
8323
8364
8346
8346
8317
8334
8284
8369
8337
8326
8288
8305
8316
8347
8313
8325
8337
8310
8383
8351
8311
8354
8369
8323
8290
8308
8392
8332
8347
8354
8339
8363
8337
8338
8320
8333
8362
8394
8349
8359
8356
8376
8313
8353
8370
8381
8404
8391
8371
8407
8346
8381
8324
8391
8379
8410
8390
8403
8397
8369
8396
8332
8396
8401
8373
8399
8392
8366
8361
8359
8407
8357
8419
8396
8357
8388
8367
8417
8407
8411
8348
8392
8395
8373
8377
8417
8357
8424
8437
8438
8371
8432
8457
8403
8441
8386
8378
8395
8426
8410
8463
8456
8433
8457
8429
8420
8417
8402
8467
8387
8421
8384
8394
8463
8410
8416
8437
8430
8483
8400
8421
8425
8444
8390
8437
8441
8451
8444
8491
8443
8456
8427
8439
8496
8454
8447
8438
8413
8482
8437
8451
8418
8455
8438
8446
8499
8455
8455
8497
8455
8505
8487
8474
8457
8451
8497
8455
8480
8482
8447
8456
8506
8475
8478
8516
8489
8458
8509
8467
8516
8515
8486
8443
8453
8446
8532
8505
8446
8477
8498
8488
8449
8494
8508
8510
8500
8503
8541
8544
8521
8553
8470
8474
8485
8538
8492
8502
8464
8465
8562
8528
8558
8487
8557
8550
8527
8488
8571
8558
8514
8562
8508
8538
8536
8556
8562
8510
8581
8503
8487
8580
8500
8554
8492
8576
8494
8567
8573
8521
8569
8591
8536
8595
8544
8557
8525
8573
8602
8583
8584
8592
8541
8538
8525
8570
8583
8574
8518
8593
8549
8572
8575
8590
8598
8572
8551
8561
8568
8545
8531
8561
8527
8568
8569
8535
8539
8584
8559
8620
8538
8594
8637
8554
8609
8612
8631
8554
8625
8634
8631
8631
8631
8556
8604
8617
8601
8631
8588
8584
8602
8608
8648
8630
8601
8643
8659
8604
8603
8612
8652
8613
8623
8603
8601
8661
8580
8643
8597
8636
8626
8647
8671
8677
8607
8667
8641
8667
8591
8599
8641
8603
8637
8669
8629
8665
8647
8669
8661
8632
8664
8605
8635
8667
8688
8604
8627
8655
8628
8609
8665
8642
8649
8646
8642
8622
8612
8679
8701
8645
8661
8636
8654
8706
8643
8624
8642
8694
8697
8671
8647
8677
8664
8646
8701
8685
8657
8641
8732
8655
8732
8697
8653
8705
8733
8691
8723
8713
8676
8682
8701
8702
8677
8715
8651
8738
8679
8699
8662
8662
8731
8739
8680
8698
8732
8693
8693
8734
8732
8678
8716
8694
8670
8730
8713
8749
8684
8699
8739
8762
8705
8765
8691
8712
8775
8693
8764
8738
8772
8737
8749
8687
8695
8756
8738
8728
8713
8739
8743
8738
8768
8730
8773
8786
8713
8718
8777
8743
8800
8714
8782
8768
8761
8763
8749
8733
8767
8717
8784
8729
8807
8753
8721
8735
8786
8774
8812
8741
8752
8770
8778
8795
8821
8776
8733
8816
8736
8806
8816
8744
8799
8769
8766
8742
8832
8759
8810
8790
8816
8748
8768
8786
8758
8789
8816
8761
8820
8752
8802
8854
8796
8788
8842
8796
8774
8819
8776
8857
8797
8823
8778
8813
8777
8815
8854
8794
8824
8802
8864
8810
8847
8810
8788
8815
8841
8813
8829
8839
8813
8811
8851
8861
8874
8809
8813
8818
8860
8890
8847
8797
8874
8866
8847
8833
8810
8867
8826
8864
8896
8876
8855
8897
8833
8875
8887
8841
8837
8837
8816
8845
8823
8909
8838
8835
8819
8888
8912
8878
8916
8832
8837
8849
8872
8876
8915
8903
8910
8876
8908
8874
8889
8919
8932
8923
8876
8855
8924
8923
8887
8914
8908
8851
8895
8925
8879
8885
8900
8901
8948
8868
8917
8943
8910
8858
8891
8878
8936
8942
8915
8941
8879
8908
8918
8916
8879
8923
8967
8922
8964
8970
8876
8964
8906
8890
8941
8905
8915
8896
8962
8911
8889
8921
8917
8894
8912
8926
8975
8942
8915
8952
8971
8927
8929
8959
8906
8956
8911
8973
8957
8954
8915
8981
8919
8986
8911
8925
8921
8941
8918
8993
8989
8935
8930
8941
8967
8990
8929
8989
9013
8937
9018
8955
8975
9018
8966
8986
8985
8970
8993
8999
8965
8975
8942
8971
9001
8999
8958
9004
8958
9018
9026
8953
9021
9005
9009
9005
9028
8953
9017
9047
9030
9007
9001
8974
9046
9027
8961
9023
9019
9002
9017
9020
9004
8992
9055
9051
8993
9024
9031
9056
9063
9053
9041
9013
9013
9049
8985
9064
9007
9000
9048
9040
9080
9025
9069
9009
9086
9006
9022
9002
9011
9060
9032
9026
9017
9038
9083
9012
9088
9080
9039
9063
9095
9085
9039
9072
9051
9109
9026
9111
9047
9098
9045
9101
9114
9116
9102
9024
9043
9043
9124
9077
9059
9047
9128
9080
9119
9102
9061
9133
9100
9073
9060
9098
9131
9139
9120
9045
9096
9092
9125
9098
9090
9073
9059
9080
9082
9090
9066
9104
9092
9155
9095
9087
9062
9123
9072
9066
9104
9067
9150
9137
9098
9146
9163
9082
9094
9110
9087
9168
9169
9113
9165
9172
9156
9144
9085
9151
9163
9149
9165
9088
9165
9126
9178
9120
9155
9174
9181
9182
9115
9107
9117
9178
9136
9159
9150
9110
9112
9144
9157
9154
9192
9200
9145
9131
9150
9190
9189
9192
9175
9156
9178
9126
9170
9176
9157
9171
9217
9152
9211
9208
9150
9218
9181
9216
9197
9176
9145
9155
9212
9207
9178
9156
9211
9181
9229
9241
9185
9179
9224
9148
9215
9152
9237
9181
9216
9201
9179
9208
9241
9247
9219
9220
9217
9183
9204
9242
9207
9214
9182
9213
9226
9247
9182
9207
9177
9233
9255
9196
9182
9196
9257
9271
9278
9250
9217
9213
9262
9225
9281
9213
9253
9265
9278
9211
9269
9252
9293
9253
9222
9256
9251
9251
9222
9281
9286
9244
9278
9219
9304
9221
9221
9254
9256
9232
9212
9228
9260
9222
9261
9262
9304
9246
9255
9254
9321
9297
9290
9261
9276
9229
9323
9253
9256
9305
9295
9287
9295
9303
9287
9326
9308
9294
9261
9337
9290
9290
9249
9328
9245
9301
9276
9309
9272
9295
9336
9352
9272
9283
9310
9298
9333
9327
9323
9310
9353
9357
9305
9284
9349
9350
9346
9337
9273
9362
9308
9291
9326
9368
9306
9315
9280
9355
9378
9324
9330
9317
9341
9380
9344
9309
9368
9351
9382
9358
9336
9334
9328
9328
9337
9367
9305
9364
9300
9367
9384
9397
9339
9364
9383
9348
9334
9407
9328
9373
9367
9359
9369
9347
9342
9345
9402
9401
9358
9397
9337
9326
9415
9378
9356
9356
9359
9340
9404
9423
9370
9342
9400
9381
9432
9382
9394
9355
9397
9437
9393
9440
9408
9358
9422
9406
9363
9388
9388
9401
9388
9424
9413
9418
9397
9451
9413
9360
9446
9446
9445
9449
9387
9377
9408
9417
9464
9454
9450
9370
9386
9420
9417
9398
9471
9443
9380
9460
9454
9442
9420
9482
9436
9441
9408
9440
9431
9478
9432
9409
9412
9453
9457
9450
9440
9440
9456
9426
9431
9401
9412
9455
9503
9499
9489
9485
9435
9458
9436
9440
9507
9428
9433
9425
9507
9492
9420
9454
9488
9467
9438
9482
9447
9483
9452
9491
9447
9435
9489
9431
9524
9501
9485
9524
9497
9511
9518
9449
9455
9494
9483
9503
9458
9454
9453
9474
9468
9539
9466
9540
9516
9475
9482
9494
9539
9505
9475
9486
9473
9463
9525
9557
9471
9549
9472
9482
9529
9487
9479
9492
9530
9521
9572
9519
9509
9492
9557
9517
9516
9542
9534
9560
9509
9522
9544
9568
9570
9587
9583
9581
9511
9577
9543
9510
9571
9578
9584
9544
9546
9572
9560
9511
9506
9584
9521
9579
9565
9534
9589
9585
9523
9608
9548
9585
9526
9574
9568
9609
9581
9521
9592
9575
9563
9599
9550
9546
9528
9582
9627
9610
9625
9601
9559
9581
9579
9596
9538
9607
9624
9630
9596
9595
9550
9557
9641
9576
9599
9636
9603
9644
9575
9625
9555
9637
9583
9619
9566
9656
9642
9567
9658
9645
9570
9606
9583
9603
9640
9632
9645
9593
9634
9576
9604
9592
9666
9617
9638
9612
9627
9597
9642
9656
9593
9615
9629
9634
9646
9649
9613
9667
9645
9610
9616
9669
9614
9676
9651
9687
9678
9635
9662
9645
9609
9659
9654
9653
9689
9631
9633
9708
9635
9638
9712
9642
9682
9697
9650
9712
9689
9657
9699
9684
9704
9689
9717
9713
9723
9675
9686
9691
9677
9659
9717
9711
9649
9674
9641
9728
9724
9656
9703
9702
9699
9718
9669
9689
9737
9696
9730
9650
9720
9709
9729
9723
9723
9751
9747
9695
9681
9697
9714
9723
9741
9748
9758
9728
9680
9736
9726
9748
9701
9698
9733
9770
9749
9747
9740
9683
9740
9761
9704
9705
9717
9781
9772
9698
9717
9756
9772
9691
9725
9722
9743
9718
9751
9713
9699
9791
9729
9761
9753
9799
9711
9789
9793
9789
9726
9755
9760
9774
9718
9810
9718
9739
9753
9778
9742
9759
9790
9780
9757
9777
9759
9778
9766
9779
9811
9768
9767
9769
9815
9768
9782
9816
9740
9765
9829
9803
9753
9767
9777
9833
9812
9799
9793
9746
9752
9815
9770
9796
9848
9840
9798
9782
9842
9800
9836
9788
9762
9850
9761
9858
9813
9802
9787
9777
9789
9865
9857
9792
9782
9816
9860
9811
9859
9847
9875
9848
9810
9809
9820
9821
9868
9856
9819
9795
9833
9839
9868
9836
9843
9796
9825
9812
9846
9880
9797
9845
9829
9870
9866
9901
9902
9826
9852
9856
9821
9901
9871
9882
9818
9820
9832
9827
9828
9818
9819
9853
9843
9858
9878
9916
9868
9836
9904
9837
9876
9832
9877
9875
9860
9876
9920
9866
9872
9887
9908
9892
9887
9923
9887
9848
9891
9866
9850
9872
9926
9870
9929
9857
9922
9912
9858
9873
9925
9924
9921
9877
9947
9871
9940
9888
9960
9961
9870
9869
9880
9893
9959
9933
9917
9923
9959
9888
9891
9974
9914
9896
9899
9902
9946
9935
9952
9953
9933
9905
9889
9941
9926
9904
9908
9917
9953
9911
9934
9897
9900
9970
9938
9913
9970
10002
9955
9942
9975
9944
9919
9963
9928
9982
9937
9971
9963
9917
9996
9997
9937
9989
9948
9931
9974
9997
9929
9939
9951
10018
10005
9975
9986
9941
9978
10001
9943
10016
9970
9956
10009
9971
9959
10012
9942
10013
9992
10044
9990
9970
9965
9977
10010
10009
10027
10035
9985
9977
9971
9972
10028
10041
10007
10055
10005
10036
10011
9964
10015
10037
9973
10008
10037
9975
9995
10000
10061
10015
10009
10026
10067
9978
10033
10023
9993
10000
10002
10077
10069
10019
10071
10028
10058
10003
10051
10083
10029
10008
10087
10080
10057
10097
10056
10068
10072
10012
10022
10042
10067
10098
10061
10013
10049
10063
10086
10042
10039
10025
10038
10091
10033
10117
10050
10094
10022
10034
10089
10079
10042
10118
10051
10080
10081
10087
10102
10124
10038
10128
10129
10136
10135
10053
10064
10128
10120
10132
10116
10057
10139
10134
10126
10057
10073
10146
10117
10151
10091
10100
10141
10115
10122
10086
10099
10148
10107
10116
10149
10099
10081
10100
10118
10104
10147
10153
10090
10129
10123
10127
10132
10129
10080
10173
10126
10102
10172
10180
10154
10139
10163
10140
10096
10136
10101
10149
10191
10096
10123
10098
10144
10116
10148
10197
10177
10190
10200
10146
10117
10156
10198
10155
10160
10164
10159
10148
10136
10153
10197
10130
10207
10187
10145
10214
10139
10158
10174
10182
10200
10150
10218
10179
10137
10179
10223
10193
10197
10145
10226
10201
10184
10165
10176
10158
10220
10214
10199
10142
10239
10147
10200
10202
10233
10194
10234
10206
10172
10206
10238
10244
10214
10215
10191
10172
10237
10237
10189
10219
10255
10230
10257
10187
10214
10243
10177
10248
10205
10181
10203
10256
10266
10195
10198
10237
10187
10280
10257
10269
10274
10233
10237
10190
10263
10197
10268
10199
10194
10226
10231
10219
10271
10287
10290
10236
10271
10233
10224
10239
10245
10214
10283
10290
10213
10273
10261
10213
10232
10247
10291
10304
10292
10303
10244
10243
10232
10247
10297
10314
10247
10310
10321
10234
10257
10251
10318
10300
10328
10281
10279
10235
10259
10236
10295
10314
10330
10313
10326
10257
10252
10256
10296
10305
10268
10312
10307
10286
10324
10256
10317
10340
10279
10311
10348
10357
10318
10292
10291
10350
10326
10287
10286
10364
10349
10313
10292
10332
10313
10285
10306
10352
10280
10358
10316
10285
10281
10375
10365
10364
10357
10320
10321
10298
10367
10348
10331
10346
10347
10355
10388
10308
10355
10362
10306
10341
10365
10382
10372
10326
10349
10382
10379
10352
10371
10396
10367
10317
10323
10392
10383
10342
10370
10327
10406
10381
10350
10413
10414
10374
10339
10380
10333
10384
10344
10403
10371
10332
10397
10365
10379
10431
10351
10377
10393
10344
10422
10390
10407
10441
10347
10348
10370
10436
10437
10382
10367
10374
10379
10410
10429
10451
10443
10393
10403
10439
10386
10386
10444
10366
10406
10404
10365
10385
10439
10460
10446
10410
10385
10382
10388
10385
10414
10474
10436
10457
10420
10410
10437
10417
10424
10397
10449
10463
10444
10433
10432
10448
10434
10397
10430
10425
10470
10429
10425
10400
10419
10463
10469
10444
10496
10490
10415
10493
10461
10435
10477
10470
10470
10511
10487
10438
10502
10494
10504
10427
10454
10497
10423
10499
10430
10476
10487
10472
10489
10433
10470
10448
10476
10526
10481
10526
10452
10470
10473
10475
10524
10444
10479
10518
10536
10524
10520
10496
10467
10511
10488
10519
10476
10548
10529
10465
10464
10486
10541
10467
10550
10556
10529
10471
10477
10557
10513
10481
10480
10561
10546
10475
10563
10530
10562
10549
10559
10481
10536
10539
10491
10534
10573
10507
10518
10532
10508
10534
10558
10494
10538
10501
10581
10507
10564
10526
10502
10588
10524
10499
10513
10539
10523
10525
10546
10577
10572
10511
10593
10562
10563
10513
10609
10589
10594
10612
10568
10541
10549
10545
10607
10613
10539
10562
10608
10583
10600
10623
10540
10622
10572
10596
10608
10575
10590
10604
10568
10597
10616
10629
10548
10615
10623
10566
10581
10570
10598
10572
10619
10559
10619
10641
10620
10623
10619
10594
10586
10622
10568
10647
10584
10576
10580
10644
10607
10616
10650
10575
10568
10649
10587
10665
10658
10640
10627
10585
10614
10667
10676
10637
10664
10618
10681
10626
10679
10596
10618
10620
10686
10653
10641
10679
10623
10690
10626
10655
10664
10663
10669
10629
10675
10604
10674
10671
10692
10609
10636
10614
10627
10625
10699
10708
10688
10672
10636
10669
10631
10671
10627
10621
10661
10702
10676
10648
10681
10641
10669
10683
10661
10628
10721
10679
10688
10634
10713
10699
10643
10710
10685
10682
10689
10640
10644
10735
10708
10665
10744
10647
10680
10718
10654
10713
10671
10656
10711
10658
10663
10721
10717
10736
10691
10721
10722
10674
10707
10681
10696
10692
10712
10681
10681
10703
10762
10766
10692
10677
10757
10712
10727
10725
10728
10690
10746
10738
10758
10760
10687
10712
10773
10718
10702
10789
10715
10777
10790
10749
10775
10795
10782
10760
10707
10782
10738
10788
10771
10797
10751
10757
10764
10798
10716
10740
10742
10798
10740
10755
10750
10773
10723
10719
10789
10747
10735
10740
10790
10751
10807
10761
10782
10793
10782
10735
10821
10813
10747
10778
10788
10754
10764
10828
10836
10811
10811
10815
10767
10763
10807
10809
10751
10845
10772
10800
10780
10831
10839
10840
10829
10817
10823
10766
10844
10813
10791
10820
10775
10808
10766
10774
10769
10813
10857
10773
10787
10789
10866
10838
10796
10836
10837
10813
10781
10784
10789
10833
10880
10863
10792
10881
10884
10829
10837
10835
10886
10824
10827
10890
10870
10862
10827
10891
10820
10852
10858
10844
10882
10852
10823
10906
10883
10836
10822
10879
10848
10872
10898
10830
10823
10842
10830
10910
10914
10909
10852
10827
10847
10865
10918
10880
10901
10904
10849
10833
10841
10860
10848
10851
10857
10911
10905
10846
10897
10890
10878
10941
10897
10934
10898
10903
10904
10905
10894
10854
10897
10896
10937
10902
10876
10936
10928
10943
10940
10911
10956
10903
10869
10920
10957
10901
10879
10964
10920
10899
10934
10954
10944
10962
10963
10889
10953
10964
10901
10913
10915
10924
10924
10964
10971
10961
10912
10980
10985
10911
10905
10898
10949
10940
10911
10923
10939
10989
10948
10967
10984
10953
10947
10998
10966
10946
10979
10976
10934
11002
10929
10921
10962
10965
10996
10919
10975
11014
10967
10955
10970
10925
10949
10976
10969
10939
10986
10970
10970
11016
11003
11008
10950
10968
11004
10952
11025
10983
11009
10993
11035
11000
10986
10996
10999
10976
11007
10994
10966
11048
10997
11048
11045
11041
10956
10971
11001
11019
10982
10981
11031
11019
10973
11060
11052
11057
11048
10976
11061
10981
11056
11026
11048
11040
10988
11001
10996
10986
11025
11004
11061
11034
11037
11034
11062
11069
11033
11068
11086
10999
11069
11027
11042
11028
11090
11075
11083
11072
11060
11028
11097
11075
11014
11103
11097
11030
11052
11095
11065
11086
11049
11061
11071
11102
11085
11032
11090
11110
11081
11031
11067
11101
11078
11096
11095
11081
11090
11030
11056
11106
11101
11126
11096
11117
11120
11069
11093
11090
11110
11114
11082
11075
11140
11096
11069
11120
11121
11143
11118
11135
11099
11121
11118
11096
11147
11061
11123
11087
11097
11134
11132
11091
11138
11146
11115
11082
11116
11110
11109
11082
11074
11128
11172
11109
11117
11171
11097
11103
11100
11158
11087
11119
11087
11159
11127
11145
11172
11176
11111
11146
11135
11169
11157
11194
11136
11183
11116
11103
11170
11171
11128
11168
11179
11196
11194
11194
11127
11155
11137
11170
11137
11137
11119
11195
11146
11197
11192
11191
11128
11126
11170
11136
11208
11167
11194
11204
11159
11156
11170
11224
11169
11138
11159
11212
11200
11226
11230
11194
11197
11207
11195
11236
11184
11211
11204
11223
11191
11192
11204
11247
11214
11226
11192
11230
11165
11221
11239
11227
11208
11231
11244
11256
11237
11167
11233
11257
11228
11178
11182
11266
11181
11178
11240
11203
11226
11266
11196
11235
11272
11234
11198
11183
11229
11232
11266
11206
11280
11226
11235
11270
11193
11207
11214
11230
11233
11243
11230
11223
11282
11260
11227
11249
11228
11266
11259
11302
11229
11299
11226
11253
11249
11244
11271
11250
11282
11229
11316
11317
11297
11295
11247
11240
11318
11301
11277
11288
11278
11276
11231
11253
11232
11270
11288
11284
11307
11290
11320
11314
11286
11264
11285
11253
11274
11280
11268
11328
11249
11337
11338
11346
11331
11268
11295
11282
11282
11330
11302
11325
11352
11331
11306
11286
11306
11350
11316
11297
11273
11305
11357
11297
11302
11291
11365
11317
11353
11364
11312
11339
11349
11284
11299
11353
11370
11288
11375
11357
11344
11373
11319
11303
11342
11385
11316
11314
11394
11386
11365
11306
11303
11306
11374
11308
11317
11397
11321
11319
11400
11342
11392
11323
11403
11411
11386
11381
11350
11361
11339
11390
11403
11385
11370
11343
11331
11409
11386
11423
11344
11371
11390
11376
11404
11383
11347
11416
11386
11345
11368
11370
11397
11380
11408
11442
11370
11347
11355
11355
11359
11402
11430
11379
11356
11410
11378
11452
11374
11372
11424
11418
11421
11375
11424
11442
11379
11390
11441
11425
11465
11370
11385
11378
11424
11466
11384
11405
11418
11379
11404
11391
11452
11455
11471
11453
11385
11452
11455
11406
11406
11456
11462
11396
11420
11395
11395
11470
11402
11451
11461
11439
11408
11454
11496
11436
11442
11488
11425
11420
11503
11422
11495
11461
11426
11444
11477
11493
11510
11477
11435
11448
11481
11498
11483
11500
11472
11438
11433
11483
11429
11491
11524
11526
11510
11435
11483
11496
11438
11450
11534
11477
11462
11462
11472
11507
11539
11517
11521
11467
11483
11478
11461
11495
11518
11517
11468
11520
11529
11484
11551
11486
11524
11479
11468
11475
11487
11483
11525
11523
11553
11488
11483
11536
11521
11507
11555
11493
11480
11511
11509
11505
11523
11517
11551
11531
11547
11502
11541
11488
11528
11571
11502
11548
11568
11532
11521
11529
11496
11542
11500
11528
11526
11596
11576
11560
11527
11577
11545
11533
11545
11564
11544
11589
11608
11553
11610
11581
11580
11585
11531
11575
11579
11575
11561
11611
11534
11563
11623
11596
11569
11603
11555
11569
11566
11540
11614
11542
11540
11612
11584
11573
11548
11618
11639
11607
11547
11612
11579
11579
11639
11585
11588
11591
11607
11605
11560
11613
11626
11589
11608
11636
11579
11586
11599
11568
11627
11631
11651
11616
11624
11649
11651
11627
11627
11587
11614
11617
11591
11651
11645
11657
11656
11618
11675
11584
11654
11655
11639
11652
11592
11593
11678
11597
11600
11609
11639
11663
11619
11689
11605
11686
11636
11690
11689
11681
11632
11675
11658
11682
11636
11698
11687
11622
11665
11643
11627
11618
11682
11689
11648
11622
11643
11659
11630
11693
11672
11675
11717
11674
11710
11691
11655
11643
11636
11639
11636
11706
11719
11711
11715
11721
11711
11681
11736
11688
11672
11708
11669
11707
11732
11671
11676
11721
11709
11714
11716
11670
11726
11722
11658
11736
11691
11687
11736
11691
11683
11739
11714
11680
11713
11726
11706
11743
11685
11737
11698
11761
11740
11751
11745
11741
11705
11744
11711
11766
11699
11733
11758
11738
11775
11728
11694
11706
11789
11699
11694
11760
11742
11697
11717
11739
11709
11702
11770
11777
11774
11763
11712
11729
11727
11709
11730
11798
11730
11796
11756
11758
11794
11788
11801
11797
11728
11750
11797
11762
11745
11780
11819
11756
11802
11806
11804
11783
11789
11742
11787
11768
11830
11835
11739
11776
11817
11811
11828
11838
11778
11828
11819
11783
11759
11774
11786
11754
11794
11828
11779
11834
11846
11773
11783
11807
11813
11794
11817
11847
11841
11855
11782
11840
11788
11780
11780
11787
11782
11787
11816
11846
11874
11784
11830
11831
11866
11856
11809
11833
11814
11842
11819
11804
11852
11808
11865
11882
11838
11842
11889
11874
11878
11862
11873
11823
11875
11848
11853
11877
11883
11808
11870
11846
11809
11852
11825
11861
11907
11907
11849
11905
11899
11838
11847
11900
11837
11851
11822
11840
11867
11864
11882
11896
11893
11916
11882
11923
11833
11906
11922
11926
11845
11865
11895
11885
11916
11915
11905
11900
11899
11863
11923
11861
11853
11912
11854
11854
11894
11861
11920
11924
11952
11907
11930
11940
11905
11959
11947
11869
11940
11928
11882
11880
11895
11928
11922
11915
11904
11876
11904
11930
11968
11957
11931
11887
11940
11911
11977
11931
11960
11954
11924
11889
11967
11934
11986
11952
11901
11925
11925
11920
11992
11940
11948
11945
11987
11974
11913
11912
11921
11935
11952
11977
11963
11912
11941
11921
11983
11938
11960
11939
11985
11971
11978
11960
11998
11945
12006
11932
11955
11966
11941
11978
11939
11945
11945
12016
11996
11946
12019
11954
11981
11948
11990
11972
11954
11999
11979
12032
11965
11990
12007
12000
12033
12004
11977
11999
12039
12018
11982
12043
12015
11970
12029
12026
11968
11980
12061
12034
12053
12055
11969
12042
12064
11992
12034
12014
12035
11981
11990
12010
12025
12064
12033
11978
12012
12024
12018
12064
12083
11985
11996
12004
12078
12029
12004
12062
12006
12041
12025
12017
11997
12044
12084
12013
12097
12043
12057
12054
12039
12013
12040
12018
12027
12050
12020
12070
12047
12066
12079
12039
12073
12098
12079
12058
12031
12025
12109
12049
12093
12057
12045
12122
12107
12098
12085
12038
12064
12105
12098
12037
12099
12038
12103
12102
12127
12066
12072
12108
12066
12137
12059
12061
12056
12143
12066
12096
12072
12126
12079
12123
12091
12108
12122
12155
12108
12080
12148
12160
12151
12140
12080
12123
12148
12153
12089
12093
12075
12123
12077
12130
12095
12146
12165
12085
12114
12177
12126
12094
12146
12165
12094
12099
12112
12089
12093
12151
12189
12130
12111
12190
12177
12108
12188
12178
12161
12159
12117
12153
12182
12154
12118
12183
12185
12196
12163
12178
12163
12181
12181
12149
12189
12133
12149
12143
12177
12215
12132
12210
12128
12192
12131
12181
12192
12152
12159
12179
12153
12203
12220
12202
12177
12165
12232
12237
12146
12225
12176
12220
12189
12216
12213
12240
12165
12219
12218
12246
12241
12153
12195
12219
12225
12183
12228
12241
12233
12195
12248
12224
12194
12229
12241
12262
12248
12221
12177
12267
12233
12178
12231
12237
12255
12243
12230
12192
12186
12217
12243
12185
12241
12260
12203
12268
12274
12250
12217
12249
12274
12235
12219
12233
12217
12221
12217
12230
12287
12216
12216
12221
12279
12252
12298
12290
12212
12293
12296
12286
12245
12270
12285
12268
12267
12236
12281
12233
12280
12293
12289
12239
12302
12282
12281
12243
12305
12231
12245
12303
12299
12258
12233
12278
12317
12243
12255
12282
12308
12244
12242
12249
12307
12324
12334
12309
12297
12332
12267
12316
12259
12316
12258
12319
12276
12356
12257
12317
12304
12332
12360
12359
12301
12331
12337
12280
12355
12346
12340
12338
12345
12340
12370
12338
12325
12278
12328
12294
12303
12363
12284
12328
12323
12378
12304
12358
12340
12318
12357
12308
12320
12313
12367
12375
12309
12336
12372
12338
12377
12382
12368
12395
12323
12400
12309
12357
12399
12382
12369
12397
12320
12358
12384
12351
12331
12324
12363
12360
12370
12397
12369
12388
12391
12416
12371
12368
12377
12392
12416
12418
12354
12399
12377
12397
12355
12416
12424
12382
12402
12340
12381
12408
12371
12363
12380
12406
12378
12409
12388
12376
12372
12372
12409
12355
12446
12394
12393
12449
12433
12397
12376
12457
12404
12443
12423
12436
12404
12396
12460
12444
12414
12450
12473
12387
12415
12433
12403
12474
12456
12465
12429
12442
12404
12451
12450
12452
12389
12445
12486
12428
12406
12438
12447
12398
12416
12483
12438
12459
12438
12448
12451
12444
12503
12446
12496
12417
12426
12445
12445
12469
12419
12465
12493
12461
12481
12430
12420
12512
12518
12497
12470
12499
12482
12473
12470
12451
12515
12502
12437
12456
12465
12503
12438
12526
12452
12450
12527
12442
12440
12492
12463
12503
12474
12452
12485
12493
12501
12528
12512
12541
12521
12543
12471
12475
12460
12525
12544
12496
12495
12525
12465
12537
12510
12464
12512
12487
12563
12522
12544
12503
12492
12557
12516
12554
12485
12532
12491
12501
12517
12569
12576
12529
12559
12552
12554
12515
12524
12553
12575
12490
12550
12505
12506
12574
12549
12555
12591
12514
12580
12561
12570
12527
12540
12567
12535
12541
12547
12553
12609
12582
12605
12543
12612
12532
12589
12586
12617
12612
12553
12605
12543
12567
12604
12616
12619
12625
12584
12589
12601
12625
12610
12591
12590
12577
12566
12561
12599
12596
12573
12580
12618
12562
12599
12618
12621
12639
12600
12609
12577
12586
12583
12561
12624
12608
12614
12588
12635
12612
12634
12582
12615
12589
12657
12635
12620
12583
12588
12579
12577
12594
12660
12660
12619
12604
12596
12580
12605
12606
12582
12678
12602
12595
12655
12601
12682
12596
12666
12615
12629
12644
12671
12608
12610
12661
12676
12653
12649
12663
12620
