173
176
195
114
204
169
188
178
159
143
202
159
157
208
136
164
156
201
196
171
181
130
198
222
156
157
138
191
156
133
214
153
138
154
209
137
185
176
199
145
232
213
231
207
234
214
242
234
184
186
159
220
246
155
204
167
225
242
193
177
181
242
203
232
234
214
183
222
195
245
201
213
196
194
254
248
243
180
260
226
214
217
196
277
189
231
208
251
263
268
243
278
237
201
293
285
208
254
253
256
231
202
250
209
281
258
278
238
218
237
227
233
292
263
256
230
290
303
277
257
268
273
228
248
224
322
313
309
288
250
258
246
258
329
256
324
269
264
324
318
326
300
263
276
334
327
277
326
336
348
269
336
295
256
290
299
305
263
300
303
338
299
318
291
312
289
332
322
364
332
351
338
347
333
356
315
365
349
338
288
350
338
348
294
300
311
309
360
366
385
348
320
307
389
372
358
357
373
379
359
390
388
359
313
363
320
363
342
329
317
331
323
389
392
365
343
345
365
322
397
377
353
365
393
340
328
327
424
419
407
365
379
412
378
409
376
402
410
364
432
389
398
413
392
396
386
400
387
397
357
429
407
353
420
425
410
367
425
434
381
365
439
395
409
450
388
438
402
458
430
468
442
439
440
394
383
441
452
447
426
458
428
477
421
482
393
462
475
435
487
489
486
446
430
422
464
402
415
448
399
419
483
411
494
441
413
419
415
465
469
462
420
415
427
512
484
416
487
458
507
495
520
454
473
493
444
493
441
488
437
489
520
438
474
524
452
535
440
467
491
529
530
539
533
484
503
503
469
522
499
497
478
466
459
544
465
472
490
474
485
521
550
481
555
519
539
496
475
557
564
523
563
477
520
531
510
480
521
523
561
507
491
550
543
484
556
506
530
558
548
517
587
577
524
514
553
499
522
566
536
557
510
571
562
507
591
533
567
547
599
593
549
514
529
549
522
615
561
583
582
549
570
543
549
535
545
590
546
625
534
629
629
589
612
608
623
575
615
618
554
566
599
632
554
585
631
605
564
636
571
639
562
597
560
604
603
654
635
626
633
577
635
651
613
589
614
583
627
578
578
631
599
649
616
665
636
648
676
604
656
664
582
602
615
621
616
645
661
684
674
690
656
601
673
648
642
643
601
620
674
671
649
659
685
606
622
611
612
634
700
691
637
705
622
677
663
696
656
648
659
686
715
712
660
697
721
683
705
638
682
702
645
659
686
692
663
726
723
689
650
685
701
736
690
735
714
696
692
684
704
723
672
745
691
709
698
711
660
680
757
733
744
758
704
723
762
695
744
768
751
703
702
765
712
756
699
689
759
726
755
707
774
699
730
739
709
699
748
746
760
706
732
701
751
699
698
786
697
764
736
751
769
752
723
770
777
758
771
756
771
776
749
807
754
728
778
745
768
786
802
806
742
784
768
725
820
771
804
784
747
753
733
754
805
771
786
792
755
833
786
742
794
805
835
840
762
784
839
785
770
753
828
804
765
798
852
797
818
773
770
804
860
834
772
825
861
844
799
793
804
834
863
786
830
827
779
839
860
862
839
856
816
798
881
796
800
798
867
876
865
855
891
863
830
798
813
854
798
838
802
870
842
829
833
859
856
806
839
873
890
906
852
846
881
874
815
835
855
838
822
854
830
886
863
919
837
872
874
910
830
866
846
896
908
924
895
884
877
910
923
934
929
864
890
868
879
935
869
939
864
893
883
867
939
916
906
935
899
925
917
956
927
926
878
931
916
905
908
929
880
903
941
873
936
898
968
881
886
919
955
921
909
896
966
892
911
946
900
912
923
951
976
970
930
966
933
973
986
903
979
925
945
962
938
956
932
935
969
989
991
937
1000
949
944
999
936
955
1012
926
1011
963
989
1006
963
1022
982
961
933
970
1022
966
935
1011
1015
961
940
968
1031
1013
991
1031
1031
949
1011
1036
1039
980
987
955
993
996
970
1005
1047
998
969
1054
1008
1016
1046
1039
1034
975
1019
1040
1003
997
1033
1055
1000
1031
1032
1038
1037
1011
986
1033
990
1074
1041
1067
1023
1057
1033
1005
1021
1055
1013
1042
1049
1040
1027
1054
1083
1009
1095
1038
997
1008
1002
1088
1072
1041
1084
1029
1010
1098
1027
1101
1021
1021
1076
1047
1059
1059
1042
1100
1115
1018
1024
1107
1072
1107
1098
1089
1061
1098
1078
1126
1118
1109
1070
1046
1064
1101
1079
1099
1099
1119
1078
1084
1073
1045
1054
1083
1046
1138
1133
1076
1146
1097
1080
1124
1086
1093
1134
1146
1142
1117
1130
1064
1159
1119
1111
1125
1110
1072
1103
1115
1161
1168
1170
1163
1079
1144
1076
1119
1090
1161
1103
1174
1123
1095
1180
1118
1139
1148
1174
1163
1103
1135
1147
1111
1160
1182
1190
1141
1135
1192
1140
1131
1122
1152
1124
1129
1147
1176
1180
1144
1121
1196
1131
1154
1169
1213
1179
1149
1154
1194
1138
1148
1124
1179
1142
1176
1189
1181
1225
1193
1136
1152
1207
1200
1146
1204
1139
1189
1176
1228
1236
1234
1164
1213
1164
1214
1188
1191
1177
1171
1229
1155
1227
1217
1215
1184
1158
1247
1173
1179
1230
1260
1243
1197
1169
1233
1255
1238
1169
1245
1217
1258
1233
1220
1216
1221
1209
1218
1257
1265
1208
1217
1209
1190
1216
1279
1209
1220
1230
1215
1189
1273
1249
1274
1234
1235
1202
1217
1284
1215
1295
1222
1278
1226
1248
1210
1252
1267
1259
1255
1275
1244
1253
1298
1230
1242
1249
1240
1292
1250
1278
1241
1315
1319
1318
1282
1246
1275
1289
1322
1317
1291
1328
1279
1266
1309
1304
1253
1239
1325
1319
1259
1275
1310
1316
1333
1260
1327
1320
1268
1270
1295
1339
1317
1319
1317
1307
1261
1279
1287
1281
1283
1322
1289
1312
1305
1310
1309
1299
1271
1302
1347
1353
1357
1345
1275
1340
1292
1310
1305
1373
1296
1337
1296
1329
1333
1303
1335
1344
1340
1372
1348
1345
1301
1303
1323
1299
1361
1397
1361
1308
1339
1387
1330
1370
1316
1379
1373
1308
1384
1315
1343
1329
1386
1359
1397
1330
1334
1381
1401
1374
1334
1413
1350
1363
1423
1330
1402
1417
1351
1386
1371
1355
1397
1381
1418
1412
1393
1398
1341
1391
1429
1412
1414
1344
1422
1397
1374
1396
1369
1447
1354
1420
1431
1413
1453
1406
1456
1374
1435
1384
1373
1449
1426
1441
1386
1374
1425
1455
1388
1400
1433
1398
1469
1395
1401
1409
1460
1414
1393
1380
1450
1417
1444
1422
1385
1429
1388
1437
1458
1452
1441
1421
1399
1402
1421
1400
1403
1428
1469
1412
1475
1481
1429
1482
1461
1414
1457
1485
1425
1471
1481
1474
1497
1453
1501
1496
1476
1497
1447
1436
1468
1474
1431
1431
1475
1478
1489
1464
1494
1515
1501
1461
1515
1517
1480
1488
1445
1504
1485
1519
1487
1474
1477
1498
1514
1526
1466
1460
1508
1525
1542
1530
1542
1464
1459
1477
1466
1461
1503
1548
1488
1467
1483
1517
1506
1488
1469
1468
1493
1504
1517
1483
1505
1540
1517
1549
1510
1547
1577
1563
1520
1506
1546
1551
1574
1496
1494
1531
1542
1586
1556
1535
1555
1583
1545
1580
1545
1510
1570
1542
1525
1513
1530
1537
1601
1521
1540
1520
1574
1558
1521
1576
1574
1527
1580
1526
1600
1536
1529
1573
1587
1537
1609
1543
1532
1566
1579
1621
1538
1537
1608
1576
1620
1576
1587
1633
1579
1618
1632
1616
1546
1574
1576
1545
1586
1587
1615
1547
1634
1571
1560
1633
1592
1624
1611
1634
1587
1577
1602
1565
1608
1614
1577
1581
1623
1578
1652
1594
1624
1664
1644
1654
1581
1638
1641
1624
1658
1641
1644
1642
1659
1637
1587
1620
1648
1619
1622
1606
1611
1620
1648
1599
1658
1594
1609
1665
1669
1630
1679
1697
1680
1683
1700
1662
1636
1634
1665
1630
1633
1667
1651
1680
1698
1661
1663
1661
1701
1647
1658
1673
1655
1640
1684
1683
1642
1658
1646
1684
1641
1646
1689
1692
1707
1635
1681
1702
1668
1734
1704
1737
1656
1727
1684
1687
1729
1650
1730
1678
1690
1688
1653
1698
1708
1697
1744
1747
1691
1716
1731
1683
1706
1697
1749
1691
1684
1697
1681
1703
1678
1752
1715
1737
1703
1730
1687
1743
1762
1776
1692
1773
1699
1776
1709
1747
1696
1736
1697
1713
1785
1693
1722
1753
1743
1752
1710
1729
1740
1698
1796
1735
1712
1710
1764
1755
1714
1776
1723
1779
1774
1723
1724
1779
1794
1810
1731
1767
1761
1757
1758
1814
1755
1797
1751
1810
1817
1764
1791
1789
1821
1815
1810
1733
1825
1778
1739
1807
1737
1824
1739
1817
1805
1773
1839
1746
1817
1787
1834
1760
1786
1849
1816
1760
1777
1758
1839
1838
1826
1815
1796
1798
1803
1849
1774
1804
1862
1843
1806
1855
1864
1838
1777
1826
1815
1836
1791
1809
1805
1872
1807
1814
1874
1822
1803
1858
1790
1806
1801
1859
1832
1845
1860
1814
1879
1839
1849
1826
1831
1812
1833
1882
1818
1891
1825
1835
1871
1896
1817
1888
1837
1813
1895
1892
1836
1901
1888
1847
1899
1897
1896
1889
1902
1844
1918
1878
1854
1827
1925
1868
1881
1833
1859
1909
1880
1906
1846
1842
1889
1873
1870
1858
1881
1852
1940
1861
1870
1886
1862
1886
1854
1901
1936
1880
1938
1865
1943
1883
1937
1907
1936
1899
1925
1946
1922
1950
1880
1893
1911
1873
1957
1928
1907
1897
1960
1909
1951
1965
1938
1930
1925
1969
1889
1947
1902
1914
1953
1948
1895
1949
1976
1927
1905
1968
1911
1903
1988
1957
1960
1944
1947
1936
1996
1926
1983
1929
1981
2004
1949
1918
1915
1995
1965
1942
1960
2011
1941
1994
1988
1984
1993
1948
2001
1923
1968
2008
1978
1992
1951
1993
1977
2014
1948
1944
1996
1976
1943
1972
2033
1946
2017
2014
2026
1980
1945
1988
1956
1972
1948
1995
1965
1962
2018
1976
1982
1972
2016
2028
2001
2042
2045
2032
1976
1963
1965
1990
2002
1995
2062
2043
2056
2010
2020
2056
2008
1986
1983
2004
2067
2074
1994
1982
2033
1985
2034
2012
2074
2035
2056
2071
2066
2029
2055
2038
2029
1996
2025
1999
2020
2045
2075
2033
2045
2030
2084
2021
2094
2012
2080
2027
2086
2069
2065
2025
2100
2029
2103
2076
2048
2086
2067
2043
2062
2045
2038
2057
2066
2114
2032
2079
2120
2046
2101
2104
2082
2094
2090
2132
2057
2107
2111
2066
2136
2123
2104
2131
2116
2097
2062
2068
2077
2141
2109
2051
2108
2095
2087
2068
2081
2060
2118
2061
2090
2078
2073
2067
2162
2096
2131
2076
2153
2121
2107
2138
2103
2107
2080
2129
2131
2093
2101
2163
2096
2123
2165
2088
2091
2125
2147
2140
2128
2156
2144
2183
2137
2098
2119
2183
2116
2179
2173
2103
2154
2178
2124
2177
2164
2129
2188
2185
2173
2132
2124
2114
2165
2128
2167
2159
2196
2186
2185
2167
2156
2201
2200
2147
2206
2171
2215
2202
2227
2167
2201
2181
2203
2167
2173
2147
2185
2219
2146
2238
2144
2178
2214
2220
2213
2190
2192
2181
2165
2219
2217
2196
2212
2167
2236
2192
2202
2242
2228
2194
2230
2232
2168
2236
2224
2258
2242
2251
2248
2263
2177
2179
2196
2235
2273
2265
2248
2262
2276
2230
2262
2238
2208
2219
2266
2200
2201
2224
2270
2227
2192
2216
2247
2196
2291
2278
2209
2205
2208
2277
2227
2249
2227
2288
2299
2301
2259
2212
2253
2254
2219
2231
2279
2301
2227
2300
2258
2217
2280
2256
2272
2243
2243
2309
2267
2232
2255
2283
2305
2267
2233
2319
2290
2284
2291
2260
2256
2330
2251
2310
2282
2330
2292
2283
2286
2336
2299
2282
2304
2292
2309
2303
2322
2351
2258
2273
2322
2336
2336
2349
2332
2340
2359
2282
2272
2364
2325
2364
2313
2367
2332
2365
2359
2366
2303
2313
2324
2357
2315
2321
2377
2348
2336
2294
2308
2297
2344
2366
2298
2336
2352
2329
2367
2369
2302
2362
2297
2297
2326
2310
2384
2321
2326
2324
2314
2367
2332
2400
2365
2335
2334
2369
2380
2346
2319
2349
2330
2339
2380
2370
2321
2392
2365
2418
2373
2350
2378
2403
2418
2371
2371
2401
2416
2366
2404
2366
2380
2420
2346
2420
2412
2387
2423
2404
2399
2409
2400
2391
2442
2412
2434
2366
2389
2446
2375
2362
2388
2374
2444
2413
2381
2394
2408
2369
2441
2367
2381
2456
2381
2388
2452
2445
2447
2374
2375
2381
2393
2443
2459
2451
2443
2433
2400
2482
2422
2461
2485
2403
2429
2445
2479
2442
2407
2430
2406
2460
2494
2484
2398
2450
2456
2453
2450
2424
2472
2495
2468
2425
2490
2489
2416
2458
2477
2507
2436
2420
2422
2456
2495
2485
2421
2506
2519
2490
2461
2482
2510
2462
2524
2458
2476
2463
2443
2450
2485
2510
2533
2514
2513
2449
2463
2534
2514
2453
2510
2542
2503
2479
2532
2534
2464
2502
2476
2486
2541
2511
2472
2535
2520
2481
2472
2549
2470
2543
2494
2492
2552
2566
2516
2474
2484
2539
2562
2521
2530
2517
2487
2553
2507
2482
2549
2520
2495
2573
2530
2489
2543
2539
2556
2589
2532
2496
2502
2564
2502
2552
2530
2573
2581
2540
2568
2594
2538
2567
2536
2521
2563
2598
2551
2516
2552
2594
2595
2604
2592
2554
2589
2521
2527
2607
2555
2612
2600
2547
2600
2552
2548
2559
2570
2544
2544
2582
2541
2581
2556
2584
2595
2634
2552
2605
2600
2561
2568
2549
2642
2621
2569
2619
2603
2623
2634
2648
2604
2562
2634
2650
2586
2583
2624
2620
2631
2620
2612
2651
2585
2573
2571
2636
2652
2575
2618
2599
2577
2617
2609
2659
2639
2643
2672
2663
2582
2615
2619
2603
2649
2682
2640
2600
2686
2631
2592
2636
2667
2609
2608
2670
2603
2610
2636
2672
2674
2653
2623
2624
2638
2618
2610
2647
2701
2708
2696
2709
2649
2697
2714
2667
2714
2692
2705
2621
2682
2645
2647
2718
2712
2689
2637
2697
2629
2702
2653
2730
2637
2669
2718
2702
2679
2708
2644
2697
2724
2666
2699
2644
2732
2727
2722
2711
2676
2726
2691
2729
2692
2744
2745
2677
2722
2750
2745
2734
2730
2738
2729
2711
2729
2687
2694
2679
2729
2671
2698
2681
2707
2693
2742
2693
2764
2741
2717
2743
2723
2748
2735
2730
2740
2692
2709
2746
2749
2776
2736
2776
2693
2741
2754
2768
2712
2786
2734
2757
2743
2725
2763
2733
2743
2760
2749
2737
2750
2725
2764
2733
2773
2723
2785
2775
2772
2749
2743
2741
2781
2805
2792
2771
2777
2805
2761
2763
2784
2762
2751
2826
2747
2761
2826
2829
2791
2837
2763
2825
2817
2782
2824
2777
2839
2786
2837
2845
2813
2755
2786
2794
2758
2851
2762
2853
2830
2845
2805
2821
2846
2856
2796
2793
2842
2816
2801
2807
2811
2834
2863
2847
2811
2807
2842
2805
2871
2823
2868
2839
2871
2846
2862
2872
2825
2884
2801
2801
2790
2802
2831
2830
2867
2859
2881
2887
2868
2831
2857
2833
2899
2815
2829
2851
2808
2862
2905
2907
2905
2886
2902
2867
2841
2874
2861
2870
2908
2916
2855
2903
2915
2901
2918
2843
2907
2874
2882
2827
2924
2925
2909
2909
2896
2918
2883
2863
2862
2891
2863
2930
2884
2886
2905
2884
2912
2887
2861
2901
2898
2867
2924
2886
2945
2918
2864
2946
2926
2917
2918
2930
2881
2875
2933
2899
2893
2884
2960
2916
2945
2896
2913
2878
2965
2952
2954
2903
2905
2901
2926
2933
2960
2949
2900
2891
2956
2913
2969
2888
2968
2908
2926
2905
2931
2934
2917
2899
2995
2924
2994
2978
2973
2956
2944
2948
2913
2928
2927
2980
2944
2935
2952
2948
2980
2973
2966
2955
2983
3003
2973
2962
2933
2972
2975
2953
2956
2981
3016
2990
2967
2980
3003
2942
2991
2973
3027
2951
3004
3010
2964
2995
2954
2967
2993
3031
2959
3016
2979
2990
2994
3017
3025
3024
3025
3018
2991
3018
3047
2973
3019
2993
2978
2986
3000
3021
2964
2987
2990
3039
2971
3064
3048
3064
3025
3001
2985
3031
3047
3058
3064
3006
2989
2995
3035
3007
3043
3070
3062
3065
3015
2994
2995
3039
3021
3045
3052
3054
3060
3092
3028
3037
3097
3070
3013
3041
3088
3021
3075
3093
3064
3108
3030
3059
3037
3024
3061
3099
3056
3031
3071
3041
3083
3069
3073
3075
3068
3064
3039
3126
3123
3043
3104
3106
3113
3059
3115
3110
3099
3092
3122
3113
3051
3124
3081
3130
3140
3114
3076
3085
3074
3112
3101
3137
3085
3114
3065
3118
3148
3081
3119
3154
3068
3131
3144
3156
3084
3128
3131
3075
3132
3110
3121
3142
3113
3073
3083
3128
3132
3134
3159
3175
3129
3131
3118
3135
3097
3148
3126
3117
3180
3155
3154
3138
3185
3170
3145
3174
3161
3102
3174
3135
3185
3126
3152
3163
3124
3129
3188
3145
3109
3158
3201
3145
3181
3168
3193
3165
3176
3131
3154
3121
3150
3152
3134
3130
3173
3155
3187
3225
3191
3186
3207
3149
3171
3213
3143
3141
3183
3173
3168
3144
3203
3153
3147
3166
3183
3186
3197
3243
3178
3161
3216
3235
3155
3234
3196
3252
3160
3191
3166
3243
3177
3231
3261
3242
3252
3257
3205
3233
3249
3193
3254
3197
3254
3216
3177
3197
3269
3226
3215
3244
3188
3281
3266
3195
3195
3188
3205
3205
3250
3205
3235
3223
3202
3286
3264
3253
3291
3277
3295
3265
3273
3276
3269
3216
3231
3251
3257
3215
3268
3306
3230
3268
3214
3310
3250
3315
3220
3227
3285
3297
3227
3235
3296
3269
3314
3238
3321
3227
3299
3273
3314
3233
3320
3259
3316
3249
3322
3311
3299
3276
3294
3252
3261
3331
3265
3324
3267
3339
3265
3275
3325
3253
3297
3351
3279
3345
3309
3317
3263
3275
3332
3298
3296
3316
3349
3291
3306
3307
3298
3323
3335
3274
3368
3365
3331
3292
3343
3291
3344
3377
3323
3360
3303
3294
3318
3325
3319
3344
3361
3373
3322
3366
3293
3350
3385
3376
3336
3347
3324
3398
3393
3377
3347
3381
3325
3317
3359
3402
3390
3332
3384
3318
3354
3409
3364
3385
3389
3344
3372
3324
3366
3330
3388
3408
3365
3383
3407
3367
3391
3413
3369
3360
3344
3385
3376
3402
3407
3351
3431
3373
3412
3434
3403
3429
3363
3397
3416
3402
3396
3362
3387
3406
3406
3393
3429
3416
3370
3369
3414
3362
3455
3435
3391
3374
3374
3435
3454
3368
3457
3372
3410
3444
3395
3470
3392
3380
3455
3435
3433
3465
3423
3391
3387
3468
3438
3386
3392
3475
3484
3466
3434
3448
3442
3406
3400
3414
3481
3403
3441
3446
3441
3468
3476
3486
3447
3492
3436
3498
3493
3437
3440
3432
3470
3473
3507
3454
3469
3498
3508
3492
3468
3484
3433
3457
3491
3513
3479
3524
3493
3494
3490
3510
3484
3453
3459
3484
3453
3502
3533
3496
3480
3514
3540
3484
3455
3545
3479
3531
3538
3511
3452
3546
3497
3526
3456
3489
3466
3481
3533
3514
3488
3508
3524
3503
3495
3518
3475
3527
3506
3544
3518
3557
3483
3557
3505
3492
3529
3513
3566
3572
3567
3577
3505
3564
3556
3574
3563
3532
3543
3554
3531
3563
3530
3554
3505
3558
3550
3544
3569
3577
3574
3519
3584
3577
3557
3578
3527
3532
3565
3554
3597
3598
3553
3568
3591
3560
3528
3604
3575
3593
3611
3601
3598
3609
3615
3620
3599
3626
3530
3570
3618
3604
3604
3586
3618
3597
3628
3626
3574
3578
3541
3559
3583
3570
3545
3631
3627
3588
3603
3647
3581
3584
3614
3610
3634
3607
3623
3571
3576
3641
3573
3652
3635
3594
3572
3602
3659
3600
3612
3580
3625
3666
3613
3610
3631
3610
3585
3643
3624
3583
3603
3649
3629
3609
3620
3685
3642
3653
3684
3659
3687
3662
3662
3608
3662
3636
3670
3695
3611
3660
3662
3698
3613
3621
3620
3654
3670
3651
3669
3653
3637
3701
3644
3614
3701
3706
3707
3657
3658
3695
3681
3623
3698
3663
3707
3681
3659
3709
3638
3682
3713
3648
3655
3660
3710
3682
3695
3704
3680
3650
3722
3660
3669
3713
3678
3687
3720
3683
3719
3710
3726
3670
3663
3708
3669
3702
3688
3658
3677
3711
3687
3670
3680
3728
3750
3702
3671
3755
3695
3741
3720
3729
3742
3741
3717
3687
3703
3707
3769
3718
3688
3731
3742
3712
3746
3693
3723
3741
3691
3712
3787
3730
3724
3730
3703
3722
3769
3775
3794
3775
3778
3706
3748
3718
3783
3794
3754
3724
3758
3759
3763
3752
3723
3714
3788
3734
3782
3785
3772
3782
3748
3789
3778
3726
3781
3757
3810
3802
3796
3788
3783
3793
3818
3742
3755
3776
3816
3743
3816
3784
3827
3820
3770
3748
3768
3756
3813
3759
3758
3845
3834
3768
3816
3766
3776
3825
3812
3830
3768
3785
3830
3812
3764
3803
3798
3838
3802
3818
3781
3811
3863
3834
3867
3836
3819
3822
3851
3818
3817
3851
3804
3785
3870
3866
3846
3873
3788
3797
3828
3807
3835
3878
3847
3865
3821
3822
3799
3826
3806
3885
3840
3851
3834
3829
3883
3890
3822
3837
3868
3877
3872
3862
3879
3897
3821
3899
3845
3886
3892
3860
3846
3842
3827
3902
3854
3917
3918
3920
3891
3840
3919
3831
3876
3895
3872
3865
3892
3907
3851
3934
3931
3922
3942
3925
3890
3898
3918
3856
3905
3941
3922
3898
3928
3949
3954
3868
3923
3931
3885
3922
3907
3953
3880
3941
3947
3895
3904
3880
3956
3956
3961
3871
3932
3966
3948
3944
3926
3911
3960
3977
3968
3939
3888
3932
3965
3931
3936
3976
3892
3918
3921
3951
3901
3950
3968
3977
3976
3943
3908
3995
3917
3940
3944
3932
3956
3947
3967
3988
3959
3920
3910
3990
3934
3998
3918
3979
4009
3963
4015
3996
3970
3957
3924
4014
4013
3948
3950
3992
3984
3989
3963
4005
4024
3958
4001
4024
4030
3955
4012
4034
4022
4023
3968
3963
4022
3948
4024
3988
4004
3972
3956
4033
4012
3987
4030
4013
4027
3962
4019
4034
3994
4048
4023
3987
4039
4062
4050
3993
3990
4030
4049
3978
3977
4004
4067
3991
4067
4026
4031
3998
4019
4013
3994
4021
4005
3999
4043
4030
4050
4060
4005
4089
4082
4000
4025
4003
4046
4033
4004
4017
4099
4067
4069
4052
4059
4061
4020
4035
4060
4026
4058
4074
4072
4102
4053
4035
4027
4076
4028
4036
4111
4072
4033
4032
4119
4060
4061
4116
4043
4099
4061
4091
4059
4052
4045
4090
4076
4134
4126
4093
4136
4048
4068
4052
4059
4130
4068
4124
4136
4062
4089
4139
4065
4100
4060
4138
4089
4154
4153
4150
4061
4064
4069
4071
4070
4082
4096
4146
4116
4101
4165
4085
4145
4170
4144
4102
4142
4122
4149
4165
4081
4158
4108
4138
4100
4123
4128
4139
4146
4179
4121
4189
4093
4123
4150
4106
4140
4135
4171
4184
4195
4181
4135
4170
4115
4180
4202
4174
4203
4162
4114
4167
4211
4193
4179
4169
4200
4120
4172
4198
4127
4213
4166
4157
4132
4220
4140
4129
4147
4213
4223
4146
4146
4162
4200
4224
4161
4191
4186
4166
4207
4221
4209
4224
4225
4156
4173
4206
4226
4162
4226
4176
4251
4171
4197
4176
4252
4230
4210
4207
4194
4165
4244
4181
4171
4173
4263
4248
4238
4266
4226
4194
4269
4260
4264
4227
4275
4190
4199
4248
4201
4261
4279
4221
4267
4262
4220
4265
4276
4273
4282
4209
4240
4199
4238
4210
4242
4269
4227
4263
4230
4275
4284
4284
4225
4294
4253
4290
4248
4265
4275
4241
4232
4282
4238
4221
4306
4241
4298
4233
4261
4245
4317
4227
4238
4321
4316
4238
4309
4307
4278
4318
4331
4265
4240
4334
4329
4245
4273
4300
4285
4334
4249
4323
4324
4246
4267
4274
4264
4334
4329
4334
4329
4287
4324
4323
4284
4352
4278
4273
4339
4330
4277
4303
4312
4340
4312
4346
4312
4339
4281
4302
4278
4326
4292
4337
4308
4301
4289
4343
4373
4289
4367
4307
4298
4292
4384
4291
4328
4332
4313
4310
4365
4361
4322
4378
4374
4317
4336
4334
4308
4379
4377
4345
4395
4325
4356
4324
4320
4342
4321
4362
4329
4380
4338
4394
4325
4402
4324
4416
4401
4326
4375
4386
4398
4336
4395
4335
4333
4357
4348
4339
4410
4363
4366
4418
4343
4422
4401
4387
4424
4410
4344
4429
4408
4383
4418
4372
4366
4369
4379
4355
4417
4356
4419
4371
4390
4448
4448
4391
4401
4364
4424
4369
4369
4449
4450
4397
4404
4406
4397
4418
4385
4384
4466
4474
4444
4457
4435
4382
4383
4384
4441
4440
4481
4407
4389
4420
4462
4447
4438
4463
4403
4486
4410
4424
4411
4412
4453
4448
4442
4478
4452
4423
4442
4413
4463
4418
4441
4457
4505
4443
4511
4494
4459
4515
4470
4472
4424
4449
4496
4461
4498
4468
4500
4430
4513
4497
4449
4468
4494
4501
4456
4526
4514
4526
4515
4442
4439
4442
4495
4461
4483
4543
4445
4526
4474
4510
4535
4532
4505
4488
4493
4486
4534
4516
4531
4506
4548
4536
4488
4489
4477
4506
4487
4552
4478
4543
4535
4564
4535
4544
4494
4515
4527
4575
4488
4535
4523
4480
4552
4578
4582
4562
4529
4497
4511
4540
4580
4548
4518
4558
4514
4524
4519
4522
4580
4557
4584
4587
4558
4562
4569
4547
4531
4558
4519
4532
4570
4550
4593
4609
4601
4527
4535
4521
4562
4573
4535
4567
4569
4581
4568
4599
4594
4612
4550
4577
4530
4535
4567
4538
4564
4597
4595
4541
4615
4544
4638
4623
4573
4622
4637
4632
4567
4546
4589
4559
4578
4556
4648
4555
4610
4627
4641
4561
4581
4575
4634
4617
4590
4636
4636
4643
4572
4575
4621
4658
4629
4574
4601
4636
4616
4588
4592
4583
4674
4673
4638
4646
4654
4643
4623
4663
4648
4612
4592
4592
4596
4592
4669
4626
4689
4615
4617
4635
4687
4663
4644
4604
4686
4691
4634
4669
4680
4613
4697
4677
4649
4637
4709
4623
4632
4666
4681
4642
4687
4711
4694
4672
4665
4694
4683
4659
4654
4690
4669
4635
4700
4638
4657
4700
4731
4654
4709
4636
4659
4666
4707
4707
4680
4685
4725
4659
4654
4665
4699
4744
4677
4696
4736
4674
4687
4720
4674
4713
4709
4706
4711
4747
4706
4713
4755
4727
4708
4698
4686
4762
4727
4731
4685
4757
4725
4728
4735
4710
4688
4701
4723
4752
4680
4733
4766
4699
4689
4783
4695
4715
4736
4702
4748
4775
4692
4780
4701
4746
4795
4732
4703
4716
4787
4752
4740
4737
4777
4759
4751
4717
4748
4775
4795
4810
4765
4715
4756
4780
4754
4760
4802
4796
4754
4804
4759
4753
4767
4755
4759
4752
4776
4776
4738
4744
4771
4783
4757
4787
4796
4804
4748
4751
4768
4752
4824
4763
4766
4835
4808
4813
4784
4790
4819
4799
4771
4807
4811
4808
4853
4849
4782
4842
4786
4835
4823
4817
4765
4789
4807
4782
4795
4851
4814
4855
4824
4811
4849
4812
4845
4800
4875
4848
4838
4788
4836
4870
4790
4818
4839
4824
4795
4792
4876
4806
4891
4823
4852
4846
4799
4878
4848
4852
4840
4889
4885
4902
4821
4854
4853
4884
4880
4824
4883
4908
4857
4845
4856
4867
4873
4892
4911
4877
4877
4866
4870
4830
4828
4899
4905
4894
4875
4866
4910
4850
4905
4906
4835
4849
4888
4913
4927
4867
4902
4922
4917
4921
4890
4846
4906
4906
4945
4931
4906
4875
4947
4938
4897
4944
4944
4894
4953
4949
4889
4879
4940
4892
4875
4901
4959
4882
4933
4895
4880
4871
4907
4951
4929
4969
4959
4933
4920
4940
4960
4953
4885
4904
4942
4922
4964
4981
4961
4898
4914
4982
4911
4969
4915
4994
4957
4900
4940
4938
4935
4991
4951
4985
4904
4918
4978
4982
4935
5001
4995
4966
4926
4980
4919
4954
4963
4989
4997
4956
4927
4991
4938
4973
4953
5020
4967
4955
5002
4993
5018
4935
5030
4964
5007
5002
4955
4943
4995
5019
4997
4961
5035
4955
4963
5003
4946
5001
4960
5007
5016
5010
5002
5019
5010
4968
5056
5048
5051
4999
5001
5004
4984
5047
5003
5047
4984
5032
5004
5064
4973
5036
5050
5010
5070
4986
5041
5022
5017
5009
5013
5072
5053
4988
4997
4995
5027
5022
5053
5012
5057
5080
5088
5043
5019
5073
5011
5055
5018
5036
5078
5007
5083
5006
5048
5105
5025
5045
5059
5014
5043
5081
5111
5074
5053
5043
5027
5109
5068
5046
5112
5116
5072
5034
5080
5064
5094
5107
5030
5044
5083
5094
5039
5043
5103
5058
5117
5081
5098
5131
5070
5126
5137
5141
5078
5138
5121
5049
5066
5051
5076
5110
5093
5072
5132
5090
5109
5135
5136
5139
5135
5112
5093
5099
5142
5106
5142
5068
5152
5149
5126
5085
5168
5086
5075
5120
5141
5091
5164
5083
5149
5094
5091
5128
5105
5147
5095
5124
5173
5110
5140
5183
5104
5104
5131
5111
5143
5128
5191
5157
5164
5178
5194
5185
5177
5168
5117
5137
5186
5134
5151
5137
5116
5177
5199
5180
5165
5131
5159
5173
5174
5189
5178
5206
5169
5160
5185
5183
5164
5145
5204
5163
5166
5226
5205
5138
5213
5215
5161
5143
5200
5208
5197
5172
5204
5168
5149
5209
5152
5206
5214
5242
5225
5212
5237
5162
5175
5158
5216
5231
5218
5162
5164
5211
5201
5241
5204
5217
5233
5255
5247
5180
5200
5224
5240
5185
5195
5244
5251
5276
5250
5278
5243
5213
5219
5257
5234
5274
5205
5220
5226
5200
5285
5213
5262
5242
5287
5212
5222
5226
5224
5240
5260
5277
5256
5212
5290
5245
5258
5218
5287
5230
5310
5255
5249
5257
5307
5298
5286
5270
5312
5237
5280
5320
5273
5291
5269
5315
5281
5232
5307
5316
5326
5307
5284
5315
5309
5238
5270
5295
5244
5299
5261
5263
5310
5260
5316
5333
5264
5257
5341
5264
5325
5285
5320
5293
5298
5313
5298
5295
5283
5355
5322
5330
5276
5289
5268
5318
5315
5290
5356
5272
5363
5279
5280
5306
5278
5366
5364
5353
5379
5357
5309
5358
5302
5373
5331
5337
5314
5365
5306
5377
5310
5377
5385
5336
5369
5347
5336
5351
5332
5331
5304
5402
5304
5336
5348
5325
5314
5409
5320
5337
5362
5400
5328
5360
5338
5356
5377
5371
5411
5407
5326
5391
5335
5380
5328
5335
5345
5377
5394
5395
5427
5371
5411
5348
5413
5399
5402
5431
5417
5429
5383
5384
5354
5391
5444
5436
5360
5398
5419
5376
5449
5394
5389
5388
5417
5381
5385
5380
5443
5380
5461
5366
5373
5374
5398
5403
5449
5455
5457
5440
5430
5380
5430
5425
5388
5440
5398
5452
5401
5388
5400
5464
5388
5464
5409
5429
5392
5429
5489
5463
5468
5407
5433
5465
5475
5448
5470
5401
5444
5426
5420
5484
5462
5420
5425
5460
5463
5471
5490
5442
5422
5511
5461
5421
5440
5486
5426
5449
5443
5462
5452
5464
5522
5516
5507
5504
5516
5464
5477
5446
5494
5496
5486
5470
5470
5517
5467
5469
5484
5484
5515
5498
5522
5477
5487
5542
5533
5486
5459
5486
5544
5480
5535
5532
5467
5525
5472
5551
5482
5508
5473
5485
5520
5533
5555
5524
5488
5502
5473
5496
5504
5507
5480
5490
5533
5567
5568
5558
5530
5482
5531
5485
5546
5527
5495
5550
5568
5547
5546
5557
5532
5502
5540
5533
5575
5576
5532
5545
5568
5563
5571
5568
5596
5531
5527
5524
5544
5515
5511
5570
5598
5569
5593
5524
5554
5585
5592
5605
5572
5535
5525
5600
5539
5537
5564
5607
5597
5566
5567
5570
5566
5619
5628
5628
5612
5597
5597
5571
5617
5640
5553
5587
5576
5591
5556
5609
5638
5643
5636
5587
5638
5640
5623
5595
5655
5576
5611
5631
5573
5562
5565
5566
5577
5609
5608
5646
5622
5644
5662
5575
5651
5644
5659
5590
5657
5601
5596
5582
5647
5634
5658
5611
5600
5679
5620
5629
5596
5671
5686
5614
5605
5667
5619
5651
5630
5609
5680
5655
5657
5641
5631
5654
5608
5607
5693
5620
5626
5618
5621
5675
5620
5627
5701
5651
5667
5714
5675
5714
5638
5690
5681
5668
5672
5682
5684
5675
5635
5687
5723
5667
5686
5675
5657
5718
5646
5661
5703
5729
5730
5671
5696
5659
5714
5700
5669
5662
5698
5657
5708
5730
5669
5715
5701
5661
5692
5691
5697
5750
5724
5748
5740
5730
5669
5726
5684
5746
5737
5683
5677
5720
5694
5734
5763
5773
5725
5711
5762
5758
5742
5728
5709
5695
5722
5713
5755
5779
5730
5727
5777
5738
5781
5746
5741
5732
5703
5725
5793
5762
5752
5728
5753
5728
5709
5788
5721
5789
5757
5729
5714
5731
5722
5801
5806
5758
5815
5764
5761
5719
5762
5801
5770
5730
5786
5731
5821
5744
5777
5814
5781
5770
5756
5800
5775
5764
5778
5766
5747
5795
5789
5768
5789
5786
5773
5776
5819
5783
5758
5754
5847
5806
5847
5766
5760
5816
5841
5781
5801
5828
5792
5826
5813
5775
5854
5768
5811
5797
5781
5802
5776
5848
5798
5870
5821
5788
5804
5834
5854
5826
5816
5844
5792
5809
5849
5843
5882
5806
5885
5864
5850
5819
5871
5809
5812
5834
5892
5829
5848
5867
5810
5849
5850
5809
5878
5824
5879
5861
5835
5867
5885
5860
5842
5868
5845
5839
5870
5870
5869
5820
5857
5839
5891
5865
5922
5913
5899
5898
5898
5844
5913
5925
5884
5866
5843
5895
5933
5885
5854
5927
5916
5909
5883
5861
5865
5931
5902
5899
5921
5869
5852
5864
5931
5901
5916
5912
5908
5891
5923
5876
5872
5894
5897
5903
5867
5902
5881
5952
5904
5921
5935
5889
5935
5915
5965
5889
5911
5922
5890
5958
5957
5913
5916
5914
5928
5885
5976
5930
5950
5908
5978
5900
5986
5895
5947
5944
5914
5926
5909
5997
5996
5966
5944
5940
5950
5971
5979
5937
5968
5979
5986
5968
5916
5966
5949
5917
5934
5922
5941
5952
6006
5961
5975
5972
5977
5965
5937
5974
5944
5980
5966
6026
5943
5956
6024
6021
5975
5981
6006
6033
5970
5966
6031
5986
6019
5981
6023
6033
6031
6046
6032
6005
6041
6048
5986
5964
5982
5959
6049
6022
5994
5964
5992
6056
6026
6041
5979
5996
5984
5969
6027
5977
6034
6034
6002
6038
6012
5995
6069
6024
6033
6077
6006
6080
6031
6055
6032
6025
6013
6054
6064
6020
6051
6042
6017
6054
6010
6020
6077
6052
6022
6015
6033
6081
6038
6036
6102
6085
6025
6094
6052
6030
6092
6107
6046
6102
6064
6109
6022
6062
6074
6044
6113
6069
6105
6123
6045
6110
6071
6040
6113
6062
6036
6035
6074
6069
6058
6122
6052
6065
6067
6081
6138
6104
6085
6133
6077
6103
6121
6134
6107
6066
6072
6065
6123
6138
6126
6121
6126
6070
6079
6089
6102
6065
6128
6075
6093
6162
6121
6158
6144
6114
6151
6136
6112
6125
6168
6097
6104
6170
6132
6123
6155
6089
6162
6125
6090
6159
6162
6176
6124
6120
6151
6135
6141
6117
6124
6125
6122
6158
6134
6104
6186
6170
6125
6137
6204
6128
6172
6170
6145
6121
6130
6125
6183
6157
6133
6182
6139
6134
6162
6128
6145
6166
6162
6214
6132
6168
6141
6195
6219
6188
6220
6190
6182
6215
6210
6160
6183
6192
6234
6204
6237
6191
6178
6179
6237
6152
6152
6247
6217
6155
6194
6192
6177
6168
6253
6210
6227
6242
6198
6211
6235
6173
6219
6230
6183
6263
6218
6205
6184
6248
6216
6187
6208
6208
6213
6182
6261
6209
6218
6191
6231
6184
6254
6253
6280
6266
6202
6201
6210
6238
6241
6220
6212
6234
6233
6276
6217
6295
6273
6287
6226
6289
6265
6295
6210
6259
6218
6231
6262
6230
6226
6246
6311
6226
6309
6287
6312
6249
6273
6287
6298
6245
6270
6249
6258
6244
6247
6324
6294
6235
6292
6304
6326
6314
6290
6332
6283
6276
6246
6249
6313
6257
6344
6290
6310
6292
6273
6287
6263
6296
6253
6352
6308
6308
6299
6310
6259
6281
6287
6292
6286
6293
6279
6355
6313
6326
6367
6334
6336
6325
6294
6362
6278
6342
6283
6323
6303
6337
6301
6312
6302
6302
6322
6325
6345
6354
6300
6370
6353
6383
6359
6351
6313
6298
6388
6333
6328
6328
6303
6325
6347
6388
6380
6386
6347
6397
6352
6350
6348
6351
6332
6401
6371
6401
6382
6413
6334
6411
6400
6385
6342
6395
6347
6415
6410
6365
6348
6357
6389
6363
6420
6419
6399
6337
6387
6364
6358
6362
6377
6397
6408
6408
6386
6398
6390
6443
6416
6373
6436
6425
6448
6415
6420
6425
6379
6416
6415
6401
6458
6386
6447
6426
6426
6455
6446
6397
6419
6408
6376
6439
6410
6399
6445
6412
6465
6430
6452
6386
6399
6426
6474
6437
6439
6421
6482
6429
6453
6436
6398
6491
6404
6399
6441
6494
6455
6484
6399
6461
6481
6420
6441
6414
6434
6495
6484
6488
6415
6486
6422
6460
6494
6509
6512
6477
6440
6467
6440
6489
6498
6436
6470
6509
6499
6431
6524
6459
6474
6491
6485
6449
6451
6465
6514
6436
6492
6460
6514
6499
6471
6495
6493
6513
6474
6450
6464
6471
6452
6531
6515
6470
6530
6465
6520
6489
6498
6477
6509
6502
6466
6512
6509
6547
6487
6483
6510
6546
6484
6555
6556
6503
6517
6489
6569
6574
6527
6529
6549
6485
6579
6523
6501
6568
6486
6496
6523
6576
6559
6577
6566
6496
6590
6589
6525
6575
6566
6506
6594
6515
6501
6525
6583
6592
6534
6533
6508
6540
6604
6602
6610
6593
6592
6564
6607
6602
6573
6609
6613
6609
6534
6616
6534
6606
6552
6595
6550
6540
6582
6582
6613
6575
6603
6596
6579
6573
6629
6619
6623
6588
6621
6611
6604
6591
6563
6562
6567
6618
6639
6619
6606
6595
6621
6628
6592
6631
6565
6576
6614
6615
6656
6608
6602
6621
6580
6601
6634
6578
6582
6574
6612
6575
6649
6656
6622
6619
6613
6601
6603
6675
6636
6643
6628
6618
6645
6590
6653
6645
6665
6672
6635
6612
6604
6652
6663
6669
6622
6665
6660
6672
6641
6678
6696
6627
6634
6648
6674
6701
6696
6672
6659
6647
6666
6626
6643
6659
6642
6638
6686
6641
6683
6667
6709
6708
6689
6637
6683
6682
6679
6637
6634
6677
6638
6665
6653
6647
6706
6667
6657
6695
6666
6707
6733
6687
6687
6709
6683
6746
6742
6665
6660
6660
6658
6690
6674
6701
6719
6701
6715
6744
6758
6716
6736
6710
6707
6759
6669
6732
6727
6729
6765
6717
6729
6706
6693
6770
6712
6710
6753
6768
6737
6696
6683
6727
6696
6784
6776
6721
6774
6738
6709
6711
6698
6704
6778
6783
6786
6734
6710
6708
6715
6789
6782
6802
6709
6770
6788
6770
6773
6738
6731
6784
6740
6752
6805
6808
6745
6723
6731
6755
6724
6818
6767
6820
6807
6824
6791
6733
6763
6804
6764
6796
6827
6795
6828
6750
6756
6742
6789
6775
6797
6771
6831
6759
6837
6760
6816
6845
6773
6806
6768
6826
6835
6837
6783
6806
6780
6798
6800
6789
6766
6808
6800
6814
6828
6826
6848
6780
6830
6865
6794
6776
6867
6862
6871
6809
6792
6788
6814
6836
6825
6816
6801
6800
6837
6844
6812
6794
6812
6855
6871
6862
6828
6810
6828
6891
6808
6867
6820
6884
6819
6868
6840
6900
6820
6815
6870
6834
6843
6876
6909
6897
6897
6878
6835
6861
6869
6851
6850
6855
6845
6895
6837
6887
6888
6923
6872
6857
6920
6892
6848
6858
6897
6905
6906
6913
6884
6900
6854
6894
6893
6918
6887
6903
6932
6847
6922
6911
6910
6884
6903
6880
6952
6923
6896
6865
6933
6866
6869
6860
6887
6907
6872
6927
6865
6880
6898
6916
6936
6891
6960
6960
6959
6884
6902
6893
6899
6901
6933
6968
6907
6891
6925
6929
6968
6959
6978
6975
6985
6901
6984
6906
6990
6958
6908
6988
6919
6929
6905
6978
6960
6954
6994
6927
6956
6955
6906
6950
6926
6952
6914
7001
7012
6915
6929
6924
6987
6987
6925
6931
6946
6956
6943
6936
7000
6982
6999
6958
7024
6948
6963
7006
7022
6981
6985
7009
6957
7002
6978
6961
7039
7005
7003
7012
7043
6973
6977
6964
7046
7011
6983
7001
6977
6981
6993
7032
6966
6991
6980
7051
6990
7051
6979
7055
6974
7002
7049
7008
7025
7061
6991
7054
7056
7068
6976
7063
7024
6982
7042
7044
7048
7005
7045
7035
7051
6989
7028
7056
6996
7043
7059
7002
7091
7036
7079
7054
7034
7020
7042
7070
7042
7072
7083
7012
7032
7042
7100
7041
7075
7068
7068
7039
7062
7018
7094
7074
7023
7116
7020
7116
7035
7053
7111
7035
7115
7048
7077
7059
7054
7076
7075
7074
7069
7042
7047
7052
7056
7085
7058
7043
7129
7121
7141
7130
7051
7107
7051
7105
7077
7121
7059
7132
7068
7126
7081
7087
7123
7113
7063
7099
7156
7069
7131
7119
7110
7068
7087
7111
7145
7096
7084
7171
7098
7130
7095
7093
7150
7088
7140
7172
7085
7101
7129
7146
7096
7119
7115
7100
7143
7116
7151
7188
7189
7140
7126
7144
7178
7155
7188
7107
7157
7174
7105
7103
7124
7140
7168
7194
7148
7153
7152
7173
7187
7200
7183
7126
7207
7204
7179
7184
7137
7217
7212
7214
7143
7176
7148
7217
7213
7207
7226
7135
7229
7160
7161
7166
7168
7179
7138
7156
7173
7235
7177
7161
7153
7234
7208
7210
7227
7189
7203
7155
7180
7205
7225
7194
7179
7190
7180
7201
7191
7222
7218
7201
7176
7211
7189
7234
7250
7211
7185
7214
7263
7249
7252
7232
7252
7222
7209
7255
7222
7260
7216
7187
7225
7199
7213
7230
7285
7201
7215
7279
7285
7247
7249
7294
7262
7242
7217
7219
7238
7259
7275
7225
7286
7302
7215
7247
7228
7211
7276
7259
7232
7301
7279
7242
7232
7230
7227
7311
7270
7235
7242
7248
7251
7315
7309
7254
7238
7249
7250
7330
7245
7322
7275
7328
7278
7240
7326
7247
7280
7325
7305
7282
7314
7327
7288
7280
7333
7325
7306
7343
7313
7315
7272
7353
7327
7316
7293
7268
7268
7293
7288
7290
7302
7289
7365
7292
7331
7315
7303
7284
7337
7312
7343
7330
7343
7360
7363
7367
7302
7333
7316
7287
7354
7344
7291
7379
7312
7321
7303
7359
7332
7370
7372
7329
7303
7340
7352
7335
7379
7375
7352
7375
7345
7351
7382
7353
7314
7368
7326
7387
7334
7411
7402
7342
7320
7320
7402
7369
7408
7347
7416
7385
7348
7403
7370
7394
7401
7402
7350
7400
7430
7429
7385
7380
7434
7396
7347
7380
7365
7398
7388
7353
7435
7354
7350
7425
7379
7431
7362
7451
7368
7377
7374
7434
7429
7394
7363
7441
7438
7391
7445
7463
7428
7438
7450
7459
7464
7385
7415
7415
7409
7391
7436
7389
7453
7415
7386
7433
7470
7406
7455
7406
7398
7447
7416
7472
7457
7432
7475
7407
7490
7409
7493
7412
7413
7415
7415
7400
7422
7465
7483
7451
7456
7489
7497
7436
7472
7415
7470
7461
7509
7414
7455
7494
7481
7450
7497
7493
7513
7507
7473
7433
7502
7493
7428
7509
7503
7473
7478
7455
7466
7445
7497
7452
7528
7532
7450
7524
7518
7491
7443
7482
7499
7468
7455
7452
7507
7466
7468
7455
7460
7476
7528
7494
7544
7511
7458
7539
7521
7523
7462
7466
7518
7544
7531
7542
7482
7513
7530
7565
7518
7546
7515
7522
7574
7542
7479
7552
7489
7571
7577
7538
7513
7523
7556
7565
7525
7549
7571
7570
7565
7495
7535
7580
7558
7583
7517
7504
7552
7546
7518
7590
7574
7547
7600
7514
7585
7544
7523
7575
7545
7541
7537
7605
7544
7595
7596
7617
7593
7579
7527
7567
7589
7590
7542
7539
7548
7575
7617
7585
7584
7542
7597
7540
7598
7622
7619
7575
7639
7576
7635
7559
7627
7595
7639
7587
7582
7581
7607
7616
7561
7632
7618
7645
7577
7561
7604
7609
7611
7585
7589
7647
7567
7589
7653
7573
7665
7629
7644
7622
7646
7602
7613
7624
7581
7616
7578
7614
7663
7673
7636
7638
7684
7685
7665
7610
7632
7653
7638
7634
7622
7654
7618
7616
7600
7597
7670
7647
7619
7616
7603
7617
7613
7675
7633
7615
7615
7618
7690
7642
7697
7631
7665
7642
7666
7712
7708
7711
7711
7627
7685
7678
7683
7714
7665
7674
7719
7715
7685
7663
7719
7656
7726
7665
7733
7700
7678
7668
7727
7691
7684
7680
7654
7736
7691
7733
7743
7655
7705
7664
7678
7655
7668
7745
7657
7694
7696
7713
7742
7710
7714
7668
7736
7752
7761
7761
7741
7735
7675
7716
7769
7768
7764
7775
7679
7710
7749
7694
7744
7757
7732
7737
7715
7783
7693
7734
7725
7703
7734
7713
7773
7694
7698
7703
7750
7741
7731
7783
7762
7735
7719
7766
7778
7724
7782
7782
7734
7789
7777
7762
7804
7791
7729
7723
7790
7762
7768
7797
7733
7726
7792
7785
7818
7774
7768
7773
7816
7785
7825
7785
7782
7773
7779
7780
7817
7809
7801
7806
7838
7790
7827
7840
7790
7795
7812
7753
7763
7772
7822
7752
7811
7774
7803
7805
7796
7817
7829
7834
7859
7774
7857
7826
7864
7802
7768
7770
7779
7812
7853
7839
7834
7860
7810
7838
7867
7798
7859
7869
7800
7793
7864
7824
7859
7837
7881
7802
7880
7833
7831
7887
7817
7879
7883
7800
7846
7825
7823
7825
7807
7868
7835
7804
7825
7848
7814
7819
7831
7904
7830
7831
7849
7879
7847
7858
7879
7862
7847
7906
7839
7822
7900
7917
7844
7847
7884
7876
7867
7916
7851
7887
7839
7854
7913
7929
7923
7920
7898
7854
7840
7848
7912
7892
7863
7903
7915
7874
7864
7908
7852
7933
7917
7951
7937
7882
7946
7885
7887
7906
7922
7930
7917
7870
7868
7928
7908
7942
7874
7895
7942
7872
7958
7894
7910
7891
7951
7944
7967
7963
7887
7895
7894
7956
7928
7890
7914
7978
7939
7937
7898
7915
7897
7946
7903
7971
7973
7907
7976
7927
7944
7938
7922
7916
7940
7982
7977
7982
8003
7936
7999
7970
7942
7982
8009
7972
7963
7956
7969
7941
8010
7990
7989
7963
7976
7938
8007
7941
7986
7978
7958
7952
7988
7982
7959
7983
7951
8009
8030
8019
8013
7975
8040
8001
7974
8004
8034
7961
8006
7957
8043
7955
8036
8035
7979
8051
7987
7998
8041
8049
7976
8030
7980
8024
7989
8004
7991
8064
8021
7991
8069
8029
8045
8003
8073
7982
8014
8031
8028
7995
8052
7988
8013
8033
8050
8069
8080
8011
8088
8054
7991
8085
8028
8021
8002
8015
8008
8050
8078
8092
8042
8055
8089
8082
8102
8044
8027
8078
8102
8059
8084
8110
8018
8033
8018
8042
8107
8023
8052
8060
8090
8039
8072
8119
8082
8069
8122
8048
8065
8079
8127
8058
8121
8109
8036
8040
8110
8073
8120
8118
8116
8077
8121
8046
8124
8109
8112
8111
8064
8126
8134
8123
8076
8079
8067
8108
8090
8082
8156
8074
8087
8082
8109
8148
8085
8155
8132
8139
8126
8109
8116
8168
8084
8160
8103
8150
8090
8096
8134
8118
8095
8170
8122
8095
8182
8125
8147
8176
8169
8121
8189
8170
8121
8129
8156
8156
8162
8164
8197
8196
8131
8104
8141
8152
8177
8173
8158
8185
8124
8116
8194
8126
8140
8161
8141
8193
8168
8164
8131
8138
8148
8213
8150
8181
8190
8153
8137
8213
8180
8134
8161
8225
8227
8210
8165
8156
8168
8214
8222
8195
8218
8146
8162
8158
8183
8186
8234
8175
8227
8234
8245
8171
8212
8224
8243
8202
8202
8253
8245
8168
8232
8179
8250
8219
8223
8182
8230
8246
8196
8238
8226
8227
8195
8244
8231
8179
8194
8268
8262
8187
8237
8232
8264
8247
8268
8244
8213
8233
8212
8275
8205
8223
8243
8209
8239
8278
8200
8216
8252
8230
8218
8279
8208
8278
8259
8224
8257
8307
8269
8259
8296
8237
8234
8269
8238
8261
8290
8287
8272
8229
8296
8299
8237
8233
8272
8288
8270
8244
8289
8328
8329
8286
8296
8285
8333
8282
8333
8276
8242
8253
8295
8268
8337
8334
8289
8251
8251
8317
8249
8269
8330
8341
8345
8351
8326
8288
8322
8275
8330
8311
8269
8295
8273
8324
8274
8360
8356
8344
8273
8348
8308
8306
8316
8370
8331
8347
8365
8345
8317
8375
8376
8354
8347
8382
8347
8378
8349
8295
8322
8294
8350
8382
8318
8294
8296
8339
8311
8321
8341
8363
8385
8370
8318
8308
8394
8393
8342
8384
8357
8409
8395
8390
8337
8395
8383
8320
8338
8371
8342
8406
8417
8338
8388
8356
8397
8412
8413
8351
8411
8378
8418
8338
8333
8336
8371
8427
8338
8367
8345
8414
8356
8369
8364
8395
8413
8404
8432
8427
8363
8446
8357
8406
8366
8366
8445
8390
8403
8393
8377
8368
8365
8418
8416
8396
8452
8387
8408
8438
8411
8426
8429
8409
8398
8443
8471
8437
8443
8426
8393
8427
8410
8480
8477
8419
8431
8446
8435
8422
8428
8390
8461
8401
8473
8417
8484
8405
8458
8410
8450
8476
8416
8439
8417
8450
8410
8456
8457
8492
8467
8426
8464
8463
8501
8414
8467
8485
8440
8479
8474
8515
8516
8432
8501
8433
8429
8473
8442
8514
8433
8520
8458
8443
8504
8529
8437
8476
8452
8438
8508
8479
8504
8512
8468
8532
8519
8522
8481
8481
8479
8519
8518
8533
8530
8472
8509
8468
8524
8540
8501
8503
8503
8502
8517
8542
8506
8564
8564
8547
8534
8559
8534
8508
8520
8483
8527
8508
8495
8528
8556
8550
8516
8561
8561
8490
8525
8571
8554
8524
8562
8573
8494
8523
8578
8587
8502
8548
8525
8515
8512
8538
8600
8584
8591
8520
8593
8587
8526
8544
8510
8551
8599
8556
8598
8547
8526
8551
8556
8556
8602
8617
8588
8537
8581
8550
8550
8573
8564
8534
8565
8557
8584
8606
8541
8565
8551
8624
8617
8597
8549
8607
8549
8546
8612
8572
8643
8596
8583
8574
8593
8622
8608
8644
8591
8612
8630
8642
8572
8564
8592
8628
8651
8643
8603
8645
8596
8619
8571
8593
8627
8640
8635
8640
8654
8670
8612
8607
8632
8619
8598
8676
8634
8673
8667
8662
8602
8613
8602
8655
8595
8595
8648
8617
8678
8622
8690
8675
8618
8599
8653
8694
8663
8675
8665
8662
8662
8635
8657
8688
8652
8682
8648
8633
8706
8642
8636
8652
8667
8703
8643
8631
8713
8653
8696
8658
8658
8702
8717
8725
8727
8698
8702
8698
8683
8668
8680
8664
8639
8681
8693
8721
8658
8664
8714
8659
8696
8690
8710
8703
8675
8717
8703
8700
8686
8657
8725
8686
8713
8745
8706
8707
8750
8686
8714
8703
8674
8681
8744
8748
8684
8699
8766
8738
8756
8720
8766
8678
8717
8692
8699
8758
8726
8759
8739
8765
8775
8724
8748
8782
8701
8733
8762
8746
8770
8705
8707
8752
8745
8758
8698
8783
8713
8780
8716
8791
8776
8732
8744
8724
8713
8728
8731
8777
8717
8716
8813
8734
8783
8733
8770
8724
8802
8740
8816
8792
8742
8825
8804
8799
8802
8810
8772
8797
8801
8741
8737
8814
8776
8778
8831
8797
8765
8791
8796
8749
8762
8808
8772
8800
8782
8777
8758
8767
8830
8850
8769
8854
8803
8822
8818
8794
8842
8821
8859
8819
8851
8808
8817
8769
8829
8775
8800
8867
8851
8827
8832
8831
8812
8866
8804
8801
8800
8801
8785
8796
8835
8798
8875
8840
8834
8812
8852
8815
8872
8805
8797
8870
8845
8888
8859
8862
8829
8844
8901
8871
8850
8882
8821
8886
8896
8878
8819
8880
8900
8878
8865
8893
8854
8824
8866
8903
8869
8873
8890
8922
8855
8860
8846
8880
8899
8884
8897
8912
8854
8928
8887
8881
8841
8860
8913
8854
8845
8887
8872
8848
8914
8902
8856
8932
8947
8919
8853
8897
8882
8880
8886
8857
8944
8923
8895
8911
8931
8942
8941
8914
8937
8954
8942
8923
8966
8940
8875
8947
8884
8919
8906
8960
8953
8902
8891
8971
8958
8946
8954
8979
8973
8910
8914
8948
8965
8970
8960
8903
8983
8990
8931
8926
8990
8936
8997
8972
8972
8946
8910
8986
8963
8956
8939
8946
8942
8929
8949
8963
8985
8954
8953
9013
9003
8978
8931
8921
8955
8928
8952
8957
8953
8949
8986
8984
8956
8959
8942
8934
9008
8949
8982
8978
9011
8990
8939
9014
9033
8948
9019
9020
9001
8946
8982
8972
9046
8987
9048
9045
9023
8961
8959
8976
9002
8957
9036
9015
9036
8982
8976
8974
9008
8984
9031
9057
8999
8998
9022
9004
9029
9071
9015
9034
9005
9070
9043
8997
8990
9016
9077
8987
9053
8994
9005
9045
9055
9039
9021
9034
9058
9031
8998
9014
9029
9086
9026
9054
9028
9097
9047
9099
9080
9072
9033
9082
9037
9084
9080
9042
9103
9090
9109
9111
9040
9030
9053
9062
9095
9044
9036
9078
9047
9113
9063
9034
9123
9057
9074
9119
9110
9124
9064
9115
9049
9080
9051
9120
9043
9130
9080
9093
9103
9047
9075
9072
9080
9148
9113
9128
9064
9088
9067
9060
9120
9138
9106
9135
9113
9079
9111
9150
9099
9155
9164
9109
9128
9123
9083
9120
9147
9093
9114
9167
9144
9140
9169
9130
9118
9127
9094
9164
9165
9103
9156
9114
9177
9103
9156
9136
9093
9097
9101
9133
9163
9123
9188
9113
9106
9147
9121
9129
9138
9119
9203
9182
9184
9189
9192
9142
9124
9161
9183
9175
9166
9214
9214
9191
9209
9194
9221
9156
9130
9136
9131
9139
9221
9163
9134
9219
9221
9156
9216
9139
9178
9219
9141
9195
9175
9233
9194
9188
9146
9230
9234
9220
9198
9149
9152
9234
9234
9204
9163
9184
9158
9192
9236
9198
9242
9221
9257
9206
9212
9250
9244
9260
9242
9244
9172
9215
9195
9206
9227
9265
9269
9265
9197
9250
9222
9276
9252
9255
9221
9263
9281
9197
9227
9244
9196
9240
9248
9206
9196
9273
9285
9221
9206
9294
9238
9258
9281
9257
9228
9274
9277
9296
9280
9304
9242
9216
9234
9222
9297
9314
9275
9221
9260
9234
9279
9318
9275
9314
9277
9267
9244
9273
9281
9262
9302
9285
9311
9329
9287
9276
9271
9240
9323
9243
9258
9300
9339
9282
9343
9338
9296
9266
9249
9300
9299
9303
9256
9299
9274
9315
9348
9291
9312
9261
9280
9353
9343
9296
9360
9280
9279
9324
9333
9313
9365
9304
9312
9361
9344
9347
9319
9302
9290
9379
9358
9354
9294
9298
9370
9358
9334
9366
9321
9311
9304
9374
9355
9346
9315
9318
9385
9353
9386
9367
9398
9309
9312
9321
9378
9368
9334
9360
9361
9328
9408
9386
9336
9314
9322
9358
9397
9383
9330
9352
9369
9398
9372
9343
9341
9377
9409
9351
9347
9407
9415
9339
9396
9383
9412
9346
9381
9346
9346
9419
9408
9422
9367
9381
9356
9347
9368
9411
9422
9410
9367
9403
9426
9440
9430
9393
9440
9366
9369
9377
9383
9366
9405
9415
9418
9379
9437
9400
9375
9445
9376
9454
9427
9399
9456
9456
9390
9454
9411
9410
9395
9446
9431
9385
9463
9412
9475
9436
9431
9469
9409
9486
9429
9453
9423
9480
9470
9441
9440
9414
9453
9420
9477
9458
9485
9460
9477
9420
9472
9486
9411
9510
9432
9513
9494
9463
9510
9484
9456
9469
9489
9444
9429
9502
9444
9484
9523
9445
9469
9449
9437
9450
9511
9485
9521
9459
9478
9446
9472
9538
9493
9474
9500
9539
9473
9486
9538
9448
9530
9487
9509
9486
9489
9472
9545
9523
9518
9508
9524
9460
9556
9519
9473
9507
9473
9468
9472
9481
9514
9568
9530
9528
9472
9530
9490
9558
9539
9487
9492
9513
9528
9535
9492
9486
9543
9580
9519
9492
9575
9566
9535
9570
9576
9591
9534
9499
9516
9528
9550
9556
9584
9528
9584
9545
9603
9521
9585
9537
9545
9576
9564
9592
9581
9595
9579
9590
9610
9564
9578
9595
9587
9575
9597
9536
9567
9624
9606
9594
9593
9561
9556
9620
9618
9566
9542
9588
9636
9619
9562
9614
9579
9556
9636
9554
9584
9613
9642
9556
9566
9599
9582
9633
9625
9648
9574
9638
9625
9589
9655
9626
9622
9615
9661
9635
9583
9644
9568
9588
9617
9585
9657
9671
9622
9623
9651
9648
9588
9593
9593
9601
9587
9632
9673
9635
9595
9622
9608
9647
9608
9623
9620
9594
9619
9622
9629
9692
9645
9654
9661
9622
9632
9650
9682
9694
9679
9613
9635
9678
9683
9662
9674
9708
9627
9618
9694
9685
9645
9644
9682
9643
9701
9702
9691
9707
9658
9672
9722
9687
9668
9691
9635
9662
9714
9682
9661
9648
9719
9709
9728
9739
9670
9655
9707
9661
9728
9681
9744
9665
9702
9663
9685
9709
9693
9705
9681
9730
9696
9744
9734
9715
9753
9720
9675
9762
9737
9719
9707
9692
9757
9744
9700
9728
9751
9756
9710
9710
9721
9687
9769
9686
9689
9712
9716
9774
9718
9783
9725
9695
9704
9773
9762
9714
9780
9720
9730
9729
9784
9786
9705
9795
9729
9735
9733
9713
9714
9777
9806
9725
9774
9738
9750
9776
9735
9754
9812
9802
9764
9788
9760
9753
9804
9795
9723
9777
9772
9770
9758
9791
9770
9785
9787
9804
9753
9777
9753
9752
9800
9816
9798
9785
9785
9778
9801
9755
9816
9811
9752
9813
9769
9802
9775
9798
9830
9780
9757
9764
9785
9808
9773
9846
9797
9804
9823
9825
9795
9813
9829
9832
9797
9798
9786
9867
9869
9835
9805
9806
9841
9819
9787
9827
9832
9815
9843
9842
9821
9800
9880
9829
9791
9881
9832
9845
9867
9834
9850
9891
9882
9812
9855
9863
9891
9852
9847
9873
9855
9835
9846
9845
9842
9860
9875
9856
9884
9896
9853
9842
9912
9860
9835
9908
9841
9913
9862
9882
9870
9898
9860
9880
9925
9875
9862
9857
9848
9870
9891
9921
9918
9867
9918
9873
9931
9911
9864
9844
9869
9941
9871
9879
9942
9935
9901
9888
9867
9899
9880
9941
9887
9903
9907
9872
9871
9862
9962
9870
9888
9948
9936
9909
9888
9969
9910
9896
9920
9968
9962
9902
9900
9883
9900
9953
9946
9919
9888
9916
9895
9961
9938
9975
9964
9905
9957
9944
9944
9984
9977
9912
9940
9983
9978
9998
9950
9930
9918
9998
9968
10002
9912
10002
9971
9984
9949
9933
9921
9927
9930
9979
9978
9984
9921
9934
9999
9987
9956
9941
9933
9979
9984
9937
9991
9970
10008
9988
9982
9992
9992
9998
9972
9948
10025
10013
10005
10015
9992
10008
10021
10009
9983
9982
9951
10008
9954
9998
10028
10036
9971
10035
9979
9987
9999
10053
10060
10020
9972
10037
9968
10037
9983
10008
10005
10013
10056
10002
10056
10014
10056
10028
10003
10070
10062
10013
9991
10043
9984
9988
10000
10036
10071
10059
10055
10075
10021
10087
10077
10070
10011
10011
10010
10014
10024
10041
10020
10044
10087
10038
10041
10087
10046
10014
10107
10052
10083
10084
10090
10093
10067
10103
10102
10095
10055
10105
10105
10044
10053
10079
10067
10083
10076
10029
10110
10071
10056
10126
10078
10066
10106
10055
10103
10051
10060
10073
10106
10097
10073
10105
10103
10072
10135
10080
10075
10126
10120
10064
10094
10097
10102
10130
10061
10119
10065
10158
10104
10117
10154
10139
10154
10065
10111
10089
10148
10099
10073
10160
10074
10130
10174
10091
10150
10097
10166
10108
10112
10147
10084
10165
10147
10114
10143
10143
10175
10173
10117
10155
10153
10183
10167
10114
10107
10192
10157
10173
10117
10105
10129
10179
10180
10200
10139
10117
10196
10176
10155
10172
10198
10160
10205
10188
10119
10187
10150
10129
10135
10203
10194
10157
10185
10160
10199
10198
10152
10175
10161
10188
10192
10222
10136
10173
10142
10142
10145
10223
10205
10146
10212
10179
10225
10226
10169
10222
10153
10153
10163
10234
10201
10197
10188
10217
10228
10247
10248
10161
10181
10171
10232
10245
10205
10250
10200
10209
10193
10182
10202
10197
10193
10216
10207
10273
10245
10247
10239
10233
10243
10270
10227
10204
10222
10264
10255
10200
10220
10195
10210
10261
10235
10200
10265
10199
10204
10277
10293
10239
10291
10266
10273
10240
10262
10295
10218
10247
10225
10299
10297
10258
10293
10288
10263
10260
10223
10266
10230
10287
10251
10273
10294
10299
10254
10240
10254
10251
10259
10307
10270
10273
10275
10332
10328
10309
10293
10253
10287
10318
10325
10339
10310
10296
10279
10251
10283
10296
10264
10262
10309
10323
10253
10351
10309
10259
10308
10286
10350
10277
10289
10284
10344
10341
10306
10311
10282
10344
10276
10324
10310
10300
10318
10352
10319
10360
10371
10352
10347
10304
10374
10314
10336
10330
10349
10371
10298
10355
10364
10310
10375
10318
10389
10373
10316
10304
10321
10362
10386
10323
10393
10351
10399
10380
10387
10308
10329
10350
10361
10335
10350
10396
10365
10408
10392
10345
10336
10325
10371
10355
10420
10342
10353
10403
10384
10382
10361
10345
10331
10385
10429
10362
10384
10413
10424
10390
10417
10376
10380
10424
10392
10360
10375
10416
10423
10396
10422
10418
10415
10413
10432
10439
10398
10362
10406
10440
10358
10415
10419
10450
10451
10446
10418
10375
10409
10417
10406
10394
10376
10440
10468
10418
10448
10442
10454
10455
10400
10385
10462
10459
10471
10463
10398
10402
10437
10431
10415
10410
10470
10454
10456
10415
10463
10483
10436
10406
10421
10455
10497
10479
10428
10460
10422
10411
10434
10424
10502
10424
10482
10503
10493
10470
10437
10418
10476
10486
10487
10465
10496
10469
10496
10453
10508
10465
10450
10468
10472
10474
10493
10519
10485
10460
10522
10509
10466
10528
10504
10493
10446
10444
10485
10445
10474
10536
10500
10520
10537
10477
10498
10547
10536
10496
10520
10513
10469
10500
10527
10541
10534
10522
10527
10557
10550
10554
10469
10503
10538
10544
10548
10494
10522
10561
10542
10538
10501
10542
10572
10574
10542
10540
10551
10580
10516
10571
10540
10575
10563
10509
10499
10584
10512
10511
10560
10553
10553
10550
10537
10506
10560
10580
10551
10539
10519
10526
10560
10556
10556
10529
10587
10513
10529
10569
10554
10558
10581
10593
10541
10566
10575
10606
10605
10558
10580
10600
10583
10604
10549
10599
10534
10565
10549
10552
10614
10582
10579
10552
10566
10594
10546
10590
10585
10570
10638
10583
10567
10559
10566
10551
10554
10621
10602
10637
10565
10556
10570
10564
10602
10610
10635
10579
10631
10642
10647
10604
10571
10580
10586
10571
10590
10609
10603
10619
10640
10658
10654
10633
10632
10619
10666
10611
10608
10678
10584
10658
10617
10659
10635
10666
10620
10666
10642
10608
10604
10610
10633
10646
10672
10633
10623
10663
10625
10671
10607
10615
10619
10629
10700
10660
10615
10621
10615
10643
10650
10712
10635
10689
10618
10673
10626
10649
10635
10676
10695
10685
10630
10673
10686
10694
10720
10696
10721
10729
10693
10678
10666
10671
10664
10698
10696
10671
10713
10739
10678
10657
10715
10680
10692
10732
10649
10736
10692
10721
10655
10696
10664
10660
10722
10689
10747
10674
10713
10725
10694
10716
10739
10718
10726
10722
10734
10746
10678
10755
10691
10713
10731
10732
10689
10752
10693
10743
10745
10727
10694
10781
10742
10719
10776
10765
10739
10694
10773
10762
10737
10759
10775
10743
10765
10724
10786
10769
10747
10777
10802
10779
10706
10705
10774
10720
10741
10771
10713
10802
10722
10751
10721
10738
10790
10801
10780
10752
10772
10776
10821
10792
10781
10762
10799
10769
10736
10752
10806
10738
10814
10800
10825
10763
10764
10740
10747
10800
10828
10805
10821
10783
10840
10817
10784
10812
10818
10816
10826
10835
10759
10848
10804
10797
10828
10792
10807
10815
10766
10817
10823
10778
10842
10852
10810
10858
10789
10792
10815
10864
10772
10867
10872
10797
10846
10873
10809
10807
10800
10858
10866
10820
10880
10867
10828
10821
10876
10860
10824
10797
10885
10871
10849
10844
10860
10824
10868
10800
10853
10829
10873
10887
10833
10849
10825
10818
10861
10852
10833
10897
10890
10851
10819
10822
10908
10909
10845
10908
10888
10830
10846
10858
10913
10827
10833
10875
10855
10876
10911
10876
10910
10880
10889
10900
10927
10891
10866
10851
10940
10936
10916
10863
10866
10862
10892
10939
10933
10856
10934
10864
10917
10897
10882
10949
10929
10893
10897
10957
10947
10937
10899
10949
10939
10892
10960
10934
10947
10897
10917
10939
10903
10901
10879
10962
10907
10955
10940
10928
10932
10935
10922
10912
10887
10896
10908
10956
10914
10946
10893
10930
10940
10942
10954
10957
10917
10902
10919
10994
10954
10984
10926
10963
10948
10912
10947
10965
10945
10915
10948
10968
10952
10914
10945
10995
10925
10925
11016
10993
11011
10940
10994
10944
10926
10944
11023
10971
11001
11008
10948
10962
10934
11006
11004
10950
10964
10965
10945
11036
10954
10997
10997
11006
10969
10995
11012
11037
11021
10949
11011
10973
11033
10962
11011
10966
11002
10978
10978
11039
10986
10988
11046
11030
11033
11062
10970
11000
11055
11020
10975
11059
10995
11008
11051
11005
11004
11064
10979
10991
11042
11013
11023
10990
11004
11014
11024
11020
11049
11041
11014
11014
11076
11035
11093
11012
11067
11091
11075
11033
11063
11066
11010
11096
11091
11060
11022
11070
11037
11034
11080
11036
11019
11043
11097
11037
11026
11046
11089
11059
11116
11049
11087
11084
11057
11053
11093
11047
11051
11109
11097
11127
11096
11049
11075
11120
11059
11062
11135
11121
11081
11065
11137
11096
11133
11136
11098
11103
11068
11121
11079
11059
11127
11098
11109
11099
11150
11083
11122
11060
11116
11065
11082
11144
11163
11164
11095
11104
11094
11110
11153
11141
11144
11106
11087
11153
11100
11138
11122
11143
11149
11111
11150
11086
11183
11181
11173
11147
11180
11094
11123
11160
11156
11182
11167
11165
11146
11173
11145
11130
11136
11107
11143
11138
11153
11170
11140
11195
11136
11130
11154
11171
11195
11190
11213
11138
11157
11181
11190
11120
11120
11161
11172
11144
11150
11183
11153
11171
11184
11225
11190
11160
11150
11194
11175
11207
11234
11163
11194
11150
11150
11227
11161
11243
11181
11146
11212
11161
11230
11233
11205
11190
11208
11222
11205
11223
11180
11200
11162
11210
11178
11235
11176
11237
11236
11231
11189
11218
11180
11181
11243
11223
11189
11215
11264
11201
11252
11221
11211
11270
11277
11234
11192
11185
11193
11249
11268
11265
11243
11216
11199
11234
11213
11210
11221
11254
11272
11290
11255
11207
11226
11269
11270
11234
11262
11208
11226
11288
11241
11255
11236
11212
11257
11235
11233
11264
11313
11266
11289
11314
11258
11317
11277
11299
11312
11245
11272
11306
11324
11319
11316
11325
11309
11278
11268
11242
11326
11241
11316
11309
11247
11254
11276
11297
11328
11302
11298
11272
11249
11259
11323
11274
11274
11262
11352
11264
11344
11318
11265
11297
11268
11300
11348
11311
11319
11340
11364
11305
11322
11302
11363
11337
11328
11351
11309
11340
11373
11363
11280
11303
11322
11289
11345
11289
11291
11378
11361
11332
11318
11353
11384
11372
11306
11380
11302
11307
11369
11302
11384
11341
11330
11355
11356
11363
11388
11390
11384
11380
11383
11350
11394
11350
11380
11325
11412
11397
11384
11401
11387
11321
11414
11386
11342
11419
11407
11423
11415
11406
11384
11426
11390
11411
11399
11360
11393
11390
11405
11405
11424
11394
11380
11345
11376
11349
11429
11364
11382
11361
11349
11368
11359
11405
11381
11437
11436
11394
11412
11449
11386
11433
11424
11388
11400
11445
11421
11443
11427
11412
11448
11442
11406
11446
11423
11424
11379
11474
11395
11440
11470
11462
11440
11458
11472
11452
11460
11386
11459
11387
11434
11444
11398
11460
11465
11430
11425
11443
11404
11431
11468
11471
11421
11463
11477
11445
11500
11425
11451
11439
11472
11417
11497
11427
11441
11420
11502
11506
11417
11489
11493
11433
11484
11511
11452
11447
11483
11522
11493
11502
11452
11432
11438
11448
11451
11525
11527
11450
11500
11498
11517
11514
11489
11461
11449
11464
11521
11459
11455
11519
11472
11477
11474
11533
11469
11455
11478
11492
11542
11491
11548
11537
11503
11552
11467
11539
11559
11502
11555
11485
11497
11558
11523
11515
11482
11479
11524
11484
11501
11506
11556
11537
11553
11566
11515
11575
11575
11528
11559
11550
11537
11542
11510
11548
11572
11516
11495
11516
11576
11593
11510
11538
11580
11529
11572
11535
11532
11528
11536
11552
11590
11545
11572
11568
11580
11549
11577
11520
11584
11545
11612
11552
11594
11578
11580
11551
11584
11599
11544
11578
11543
11607
11553
11538
11626
11595
11603
11569
11616
11621
11555
11575
11608
11585
11576
11557
11550
11566
11549
11640
11607
11645
11598
11609
11625
11575
11627
11631
11619
11645
11642
11603
11635
11620
11611
11644
11622
11631
11661
11641
11589
11611
11595
11620
11639
11628
11654
11598
11599
11625
11667
11647
11643
11619
11648
11597
11625
11604
11591
11684
11637
11614
11651
11610
11690
11675
11658
11666
11616
11664
11614
11692
11653
11626
11702
11626
11681
11698
11609
11667
11642
11662
11677
11643
11662
11659
11639
11639
11630
11619
11650
11639
11636
11652
11687
11720
11629
11627
11706
11687
11709
11689
11687
11699
11693
11683
11716
11723
11706
11684
11685
11661
11654
11671
11663
11718
11659
11660
11721
11657
11709
11684
11744
11733
11679
11687
11710
11717
11716
11667
11669
11677
11726
11729
11750
11693
11679
11708
11685
11689
11735
11681
11707
11761
11716
11741
11769
11726
11734
11767
11717
11690
11686
11687
11745
11756
11737
11782
11709
11723
11712
11704
11766
11707
11718
11789
11790
11752
11785
11762
11794
11764
11719
11758
11767
11712
11768
11776
11744
11757
11791
11723
11758
11735
11798
11776
11738
11771
11732
11765
11720
11733
11725
11742
11789
11725
11742
11731
11761
11742
11745
11801
11736
11824
11831
11789
11748
11772
11791
11812
11836
11747
11760
11763
11819
11829
11762
11839
11772
11809
11782
11763
11774
11801
11843
11782
11848
11785
11828
11851
11855
11835
11765
11804
11832
11863
11851
11834
11828
11780
11807
11806
11865
11780
11859
11863
11783
11852
11834
11795
11833
11850
11852
11828
11802
11791
11856
11817
11817
11878
11801
11881
11822
11888
11814
11853
11812
11820
11832
11885
11811
11811
11878
11887
11849
11840
11854
11825
11817
11812
11821
11868
11831
11841
11848
11820
11879
11822
11820
11886
11849
11847
11877
11836
11859
11918
11911
11915
11830
11857
11881
11831
11875
11846
11929
11887
11880
11875
11849
11844
11923
11860
11859
11892
11881
11884
11927
11901
11855
11851
11947
11902
11853
11951
11949
11861
11869
11881
11943
11901
11915
11910
11930
11927
11938
11870
11931
11909
11910
11888
11939
11924
11928
11876
11891
11925
11888
11901
11940
11951
11964
11932
11903
11910
11972
11913
11919
11903
11974
11947
11965
11969
11920
11964
11951
11944
11894
11934
11912
11987
11996
11922
11997
11911
11916
11983
11970
11996
11992
11963
11909
11972
11971
11955
12006
11968
11916
11993
11950
11942
11986
12008
11973
11971
11946
11928
12013
11969
11992
11950
11978
12016
12029
11960
11968
11950
12017
11971
11990
11992
12021
11950
11989
12031
12037
11987
11966
11958
12007
11981
12037
11965
11953
12046
11958
12053
11962
12053
11975
12027
11983
12005
12053
12016
12032
11995
11997
12007
11972
12032
11986
12011
12030
11999
11986
11982
12064
12001
12072
12021
11988
12012
12071
11989
12066
12047
12038
12006
12030
12069
12027
12020
11999
12009
12020
12008
12033
12081
12096
12050
12077
12099
12049
12095
12094
12073
12054
12042
12013
12088
12055
12012
12033
12059
12025
12037
12054
12083
12095
12116
12031
12110
12065
12101
12103
12084
12098
12101
12058
12124
12073
12075
12116
12083
12040
12077
12036
12046
12061
12100
12079
12056
12093
12120
12087
12090
12121
12120
12103
12073
12136
12141
12105
12124
12060
12151
12087
12059
12137
12116
12138
12154
12074
12125
12160
12109
12148
12151
12129
12108
12089
12152
12155
12099
12101
12093
12119
12096
12098
12110
12119
12131
12148
12140
12150
12125
12129
12121
12120
12156
12107
12135
12091
12095
12104
12101
12146
12175
12175
12128
12101
12108
12113
12120
12156
12119
12130
12164
12189
12121
12184
12111
12124
12116
12132
12172
12124
12127
12125
12146
12201
12132
12205
12133
12165
12138
12193
12129
12145
12141
12216
12138
12184
12231
12186
12191
12198
12180
12179
12171
12182
12233
12152
12179
12235
12234
12164
12171
12217
12185
12208
12228
12204
12175
12209
12212
12247
12204
12238
12248
12224
12234
12174
12184
12168
12170
12185
12242
12201
12208
12220
12173
12174
12202
12202
12194
12191
12210
12228
12230
12233
12209
12230
12259
12207
12278
12248
12276
12225
12222
12261
12233
12210
12276
12217
12261
12237
12215
12241
12222
12250
12270
12202
12265
12278
12288
12224
12241
12254
12278
12293
12250
12215
12300
12268
12277
12218
12243
12253
12277
12253
12313
12252
12255
12306
12244
12233
12271
12227
12290
12283
12304
12261
12274
12315
12249
12317
12322
12256
12328
12324
12255
12255
12333
12317
12248
12319
12255
12288
12331
12262
12338
12262
12284
12313
12269
12350
12256
12257
12305
12287
12270
12321
12289
12333
12318
12306
12294
12342
12275
12314
12275
12366
12347
12273
12330
12288
12374
12337
12290
12289
12318
12285
12374
12341
12289
12309
12368
12297
12324
12373
12358
12388
12309
12349
12330
12350
12341
12361
12332
12349
12350
12397
12384
12315
12346
12397
12325
12358
12401
12378
12323
12322
12371
12412
12369
12359
12325
12379
12361
12359
12384
12351
12380
12324
12399
12387
12348
12376
12399
12349
12401
12343
12374
12376
12372
12388
12369
12379
12432
12381
12394
12367
12396
12382
12368
12395
12404
12355
12350
12392
12431
12418
12406
12387
12451
12452
12435
12452
12381
12424
12395
12372
12399
12388
12450
12413
12408
12385
12373
12451
12384
12391
12407
12414
12396
12435
12443
12451
12413
12431
12452
12440
12419
12399
12444
12483
12463
12476
12395
12432
12407
12469
12452
12422
12416
12478
12408
12481
12420
12400
12450
12469
12415
12490
12476
12424
12486
12434
12433
12467
12484
12455
12453
12479
12490
12426
12435
12426
12441
12460
12489
12449
12422
12427
12468
12435
12452
12432
12480
12448
12469
12479
12492
12448
12472
12505
12511
12490
12488
12455
12539
12499
12509
12509
12458
12496
12524
12510
12462
12505
12512
12454
12467
12473
12498
12457
12506
12533
12520
12555
12520
12479
12532
12519
12532
12513
12562
12543
12561
12479
12485
12538
12549
12513
12548
12527
12488
12513
12507
12482
12517
12553
12544
12555
12564
12510
12537
12553
12539
12577
12575
12507
12571
12536
12553
12582
12586
12546
12561
12523
12563
12527
12502
12588
12562
12506
12557
12528
12595
12567
12559
12599
12607
12607
12551
12524
12613
12615
12583
12522
12575
12602
12551
12591
12529
12601
12571
12578
12605
12624
12529
12608
12543
12573
12592
12623
12613
12591
12595
12560
12624
12565
12579
12563
12547
12597
12567
12587
12645
12570
12604
12572
12640
12563
12620
12634
12622
12610
12586
12614
12603
12579
12591
12620
12634
12571
12630
12650
12654
12624
12659
12603
12581
12652
12664
12601
12604
12604
12635
12653
12631
12670
12653
12602
12662
12644
12649
12620
12665
12630
12657
12662
12657
12630
12687
12611
12626
12607
12621
12628
12637
