162
160
139
172
132
135
111
157
205
134
117
168
186
201
145
137
174
143
168
191
139
218
205
201
144
201
178
204
174
223
162
139
189
161
162
162
149
228
191
201
235
150
199
217
207
165
200
177
153
224
243
234
175
219
203
222
224
203
181
254
213
195
207
241
168
192
171
207
243
214
181
243
183
225
243
197
262
238
244
249
267
279
203
244
228
188
258
262
255
254
193
230
209
216
219
212
241
278
253
287
264
201
227
262
287
249
263
225
299
276
241
266
263
282
222
298
265
235
237
314
232
297
251
253
301
285
285
249
247
238
329
275
255
330
247
292
315
317
281
320
283
289
335
284
268
273
338
304
297
254
279
337
254
292
319
318
337
355
268
319
272
278
332
327
364
273
360
321
304
324
315
307
365
299
288
298
285
285
356
292
289
343
357
364
329
304
373
374
348
388
329
316
381
344
376
362
370
357
362
377
311
320
344
383
324
391
309
308
351
313
410
386
401
400
383
364
331
358
370
327
324
401
374
327
381
395
389
405
390
332
350
381
343
349
366
378
399
362
379
425
414
431
353
385
380
397
346
365
399
422
431
353
413
430
372
417
435
457
419
458
449
404
424
398
433
460
367
373
413
456
416
430
455
374
389
408
434
390
393
456
472
437
384
452
407
470
471
425
478
419
432
460
448
486
460
406
492
446
419
400
414
473
502
495
497
477
450
500
508
419
445
499
511
480
439
430
446
425
470
500
431
423
505
500
447
480
474
489
498
525
478
523
456
497
465
496
440
510
530
478
537
447
474
478
489
458
540
488
453
524
495
484
547
482
515
495
507
547
502
469
538
519
501
487
529
466
499
503
502
522
526
483
537
572
560
561
523
543
550
569
527
562
551
524
572
558
563
571
558
550
491
508
573
589
561
514
518
523
510
540
558
542
537
597
593
560
570
568
554
571
550
594
549
579
595
560
610
518
567
601
551
573
568
603
592
575
585
621
550
547
547
627
545
608
588
538
594
579
617
625
626
639
572
609
555
553
553
589
568
608
606
574
630
592
619
630
638
577
606
587
643
632
615
639
571
621
665
666
637
570
596
639
578
589
614
610
640
632
634
614
654
596
596
661
626
607
608
630
600
590
602
618
635
650
635
678
633
635
649
647
697
608
667
611
637
684
698
703
693
628
613
626
710
696
682
680
712
631
658
619
703
634
714
685
640
643
683
663
636
639
682
644
647
698
665
687
714
721
694
684
696
680
678
686
700
743
736
739
692
742
673
694
701
731
716
706
699
661
725
738
691
706
741
748
743
689
741
681
729
751
728
739
712
750
742
727
686
701
689
700
718
721
771
764
744
785
783
756
692
750
727
785
765
740
724
726
759
795
744
765
780
745
786
774
798
737
731
788
783
712
763
745
762
809
785
733
741
805
775
773
777
801
821
807
742
775
774
729
740
759
795
734
809
752
766
825
820
786
830
775
801
818
833
780
745
789
757
759
775
777
758
844
767
847
799
848
818
791
812
853
794
769
818
862
821
822
854
830
840
776
775
776
866
872
775
834
806
801
824
808
810
876
861
837
797
809
786
788
856
855
806
847
827
887
837
883
825
834
862
894
828
857
829
814
815
820
830
898
830
849
850
852
899
889
863
850
914
844
843
904
880
821
919
920
826
867
832
850
874
873
836
888
872
888
930
931
877
907
895
858
859
896
887
886
846
931
871
908
870
930
918
882
860
889
885
865
916
920
953
896
891
876
950
900
930
881
909
917
943
954
871
888
876
890
923
921
886
972
923
958
932
950
902
926
891
938
972
937
966
953
981
965
987
968
958
902
955
920
997
952
935
945
949
928
942
991
929
910
1003
970
922
933
931
936
966
1011
960
949
939
930
990
977
977
987
983
931
954
954
990
937
963
1017
976
966
971
965
953
978
942
942
960
975
1010
1038
957
1038
1036
1011
1015
991
958
1002
1025
963
982
964
1004
1037
969
962
1010
1050
974
1055
990
1043
1021
1011
1041
1007
1002
989
989
989
1010
1005
980
985
988
994
1076
1025
1037
1068
1040
1005
1064
1016
1035
1059
1016
1014
1057
996
1076
1054
1014
1088
1000
1043
1094
1032
1101
1061
1104
1084
1056
1075
1083
1074
1037
1052
1078
1067
1085
1048
1081
1071
1063
1105
1065
1039
1096
1081
1051
1066
1115
1034
1082
1095
1113
1113
1056
1055
1056
1112
1070
1079
1073
1061
1101
1061
1085
1086
1124
1082
1061
1095
1073
1138
1142
1101
1067
1118
1106
1098
1088
1083
1113
1110
1076
1073
1113
1150
1133
1069
1104
1084
1147
1149
1096
1157
1114
1153
1102
1085
1146
1155
1082
1168
1166
1140
1160
1092
1135
1106
1090
1160
1146
1137
1126
1114
1172
1148
1130
1159
1139
1142
1189
1107
1110
1198
1187
1198
1109
1194
1150
1157
1197
1132
1177
1177
1162
1154
1153
1172
1122
1170
1151
1219
1138
1198
1159
1174
1193
1175
1162
1189
1134
1166
1144
1202
1143
1212
1225
1208
1150
1177
1145
1174
1167
1187
1174
1206
1204
1206
1226
1158
1203
1185
1193
1209
1228
1224
1185
1176
1220
1218
1174
1183
1231
1229
1217
1164
1174
1249
1229
1169
1215
1201
1256
1223
1266
1246
1267
1207
1196
1210
1205
1237
1271
1256
1260
1226
1191
1218
1275
1249
1241
1251
1226
1268
1286
1219
1226
1292
1273
1249
1257
1286
1222
1282
1247
1220
1244
1252
1221
1211
1295
1253
1229
1226
1295
1276
1268
1269
1261
1291
1263
1273
1312
1304
1283
1280
1295
1256
1272
1285
1303
1231
1304
1248
1296
1282
1235
1276
1325
1261
1276
1245
1264
1308
1253
1312
1286
1320
1299
1335
1276
1283
1329
1343
1257
1321
1336
1344
1284
1329
1327
1286
1285
1302
1334
1266
1307
1282
1304
1301
1342
1311
1350
1280
1313
1309
1292
1364
1335
1294
1352
1281
1354
1376
1368
1301
1374
1327
1360
1386
1309
1355
1317
1387
1326
1391
1319
1361
1368
1366
1306
1342
1400
1393
1329
1374
1356
1355
1339
1376
1314
1380
1408
1372
1385
1407
1385
1360
1360
1360
1345
1396
1337
1325
1347
1333
1407
1405
1378
1398
1414
1396
1393
1342
1427
1362
1361
1346
1379
1412
1389
1358
1351
1341
1368
1379
1349
1398
1438
1383
1428
1434
1390
1356
1444
1422
1426
1438
1434
1364
1444
1450
1453
1452
1444
1450
1450
1421
1385
1394
1424
1428
1405
1391
1409
1393
1466
1398
1413
1389
1432
1437
1413
1446
1480
1386
1451
1445
1477
1426
1468
1396
1408
1484
1463
1407
1466
1454
1457
1444
1435
1404
1483
1454
1438
1418
1443
1458
1423
1474
1469
1506
1503
1460
1414
1418
1494
1420
1480
1472
1457
1485
1460
1456
1484
1481
1432
1457
1506
1465
1461
1500
1517
1442
1499
1487
1532
1491
1506
1531
1532
1459
1466
1471
1471
1470
1507
1472
1501
1452
1537
1524
1514
1512
1503
1493
1492
1526
1475
1544
1486
1535
1515
1541
1538
1474
1480
1511
1541
1536
1548
1490
1539
1546
1493
1565
1482
1478
1547
1509
1486
1481
1530
1566
1538
1565
1495
1507
1576
1488
1537
1513
1539
1502
1526
1547
1513
1524
1578
1562
1522
1537
1570
1568
1511
1510
1587
1567
1539
1597
1544
1595
1589
1536
1586
1578
1604
1545
1546
1595
1545
1605
1593
1531
1548
1618
1532
1538
1544
1548
1566
1568
1623
1622
1615
1577
1614
1632
1624
1596
1632
1580
1552
1637
1576
1575
1633
1575
1630
1634
1560
1632
1557
1621
1606
1598
1646
1624
1561
1586
1647
1571
1616
1610
1656
1575
1623
1571
1597
1664
1640
1607
1669
1606
1609
1585
1612
1648
1605
1673
1656
1587
1598
1657
1582
1647
1600
1659
1670
1625
1604
1620
1640
1657
1647
1662
1682
1610
1666
1636
1639
1666
1613
1637
1659
1688
1684
1667
1627
1616
1695
1633
1650
1686
1630
1657
1702
1657
1693
1649
1681
1684
1715
1672
1716
1720
1699
1694
1678
1715
1634
1642
1676
1673
1712
1684
1720
1658
1687
1687
1715
1709
1719
1659
1696
1739
1709
1743
1719
1651
1712
1710
1683
1747
1667
1735
1723
1720
1678
1668
1725
1688
1705
1718
1669
1706
1691
1738
1667
1762
1722
1701
1761
1699
1697
1723
1713
1763
1735
1701
1718
1700
1691
1685
1739
1758
1727
1725
1724
1755
1724
1758
1781
1723
1753
1717
1758
1782
1769
1789
1745
1756
1762
1763
1725
1703
1768
1780
1746
1752
1750
1762
1717
1744
1754
1742
1736
1766
1757
1767
1751
1794
1798
1791
1785
1773
1761
1810
1794
1766
1744
1817
1815
1815
1808
1781
1751
1763
1800
1807
1776
1808
1768
1747
1758
1819
1842
1775
1805
1749
1749
1811
1810
1788
1788
1756
1767
1786
1821
1853
1856
1842
1816
1837
1839
1768
1821
1779
1780
1849
1806
1801
1794
1856
1804
1849
1805
1815
1859
1784
1856
1782
1835
1804
1792
1825
1785
1836
1836
1876
1868
1889
1881
1815
1855
1862
1840
1871
1802
1886
1881
1872
1866
1852
1881
1825
1811
1834
1849
1875
1836
1895
1847
1903
1848
1822
1815
1851
1859
1900
1910
1856
1845
1871
1889
1866
1885
1893
1867
1827
1833
1856
1861
1928
1924
1840
1912
1875
1907
1841
1873
1873
1886
1883
1850
1914
1906
1944
1894
1930
1849
1920
1900
1941
1896
1943
1888
1912
1907
1929
1913
1954
1943
1955
1958
1868
1934
1877
1896
1946
1932
1923
1903
1913
1943
1895
1928
1886
1911
1935
1879
1946
1933
1976
1935
1926
1963
1976
1920
1887
1973
1969
1980
1969
1901
1984
1937
1906
1990
1979
1930
1928
1937
1947
1920
1993
1990
1934
1998
1961
1997
1960
1931
1947
1941
1958
1981
1980
2009
2002
1939
1935
2003
1994
1943
2020
1990
1932
1943
1992
1970
1933
1968
1933
1992
2017
1964
2001
2010
1971
1998
1963
2020
2027
1966
2000
1980
1991
1991
2022
1962
2015
2021
2002
1998
2003
2052
2038
2000
1995
2013
2014
2025
2011
2061
2002
2033
2064
2059
2010
2004
2050
1991
1988
2070
2071
2059
1995
2058
1990
2016
2049
2071
2060
1986
2033
1990
1997
2073
2016
2077
2000
2071
2010
2026
2076
2093
2029
2055
2090
2004
2098
2057
2005
2085
2020
2028
2067
2072
2054
2038
2100
2100
2050
2058
2017
2029
2110
2059
2085
2072
2098
2083
2053
2120
2109
2069
2030
2030
2108
2083
2069
2086
2123
2065
2118
2058
2082
2038
2135
2131
2078
2063
2140
2050
2086
2105
2139
2082
2057
2080
2059
2121
2122
2092
2137
2084
2131
2079
2151
2117
2110
2153
2144
2078
2075
2098
2106
2160
2149
2154
2139
2115
2125
2151
2155
2147
2150
2093
2079
2119
2158
2149
2100
2163
2129
2130
2148
2162
2118
2093
2140
2099
2111
2097
2103
2165
2109
2195
2169
2108
2099
2106
2197
2189
2162
2153
2171
2156
2164
2109
2166
2186
2114
2162
2154
2143
2122
2142
2210
2189
2204
2138
2204
2199
2179
2218
2221
2129
2131
2168
2144
2148
2192
2177
2215
2162
2180
2205
2167
2142
2226
2200
2190
2239
2173
2212
2222
2243
2185
2200
2203
2239
2202
2171
2157
2225
2166
2242
2160
2177
2201
2226
2170
2260
2174
2240
2196
2173
2251
2254
2215
2219
2262
2182
2239
2179
2248
2273
2255
2222
2275
2244
2256
2249
2224
2199
2210
2257
2198
2265
2285
2239
2222
2253
2194
2226
2249
2228
2277
2201
2221
2237
2298
2222
2223
2247
2279
2212
2237
2246
2238
2246
2240
2262
2286
2249
2259
2305
2288
2236
2276
2305
2308
2243
2232
2246
2272
2267
2324
2275
2245
2290
2294
2309
2238
2276
2331
2252
2286
2321
2328
2286
2320
2295
2299
2306
2276
2328
2259
2341
2316
2349
2262
2259
2338
2341
2317
2262
2267
2334
2270
2316
2277
2359
2282
2288
2314
2340
2358
2331
2324
2316
2296
2288
2348
2341
2309
2286
2319
2316
2287
2314
2341
2347
2323
2293
2380
2326
2387
2344
2388
2330
2343
2303
2351
2384
2330
2341
2379
2354
2350
2347
2329
2375
2384
2396
2323
2396
2374
2350
2377
2404
2374
2407
2340
2412
2356
2409
2351
2396
2350
2339
2387
2361
2340
2347
2381
2331
2348
2349
2344
2396
2340
2363
2409
2380
2407
2365
2378
2383
2340
2378
2408
2423
2433
2391
2350
2364
2350
2375
2367
2408
2397
2379
2448
2384
2435
2408
2366
2435
2416
2456
2387
2392
2428
2387
2396
2397
2368
2408
2464
2432
2396
2418
2454
2395
2408
2431
2408
2476
2426
2479
2383
2454
2438
2440
2450
2450
2421
2477
2476
2481
2470
2468
2398
2450
2482
2446
2422
2470
2401
2438
2415
2485
2443
2445
2444
2408
2432
2444
2474
2450
2456
2505
2457
2428
2457
2468
2481
2437
2507
2448
2460
2440
2426
2469
2445
2498
2433
2528
2484
2486
2506
2488
2529
2475
2493
2442
2443
2519
2465
2496
2523
2498
2469
2524
2467
2493
2537
2508
2453
2481
2489
2547
2488
2479
2476
2462
2459
2493
2508
2532
2489
2500
2512
2495
2472
2508
2505
2504
2475
2513
2551
2501
2488
2564
2482
2544
2497
2520
2539
2565
2523
2507
2503
2493
2558
2573
2553
2574
2548
2506
2561
2590
2555
2518
2520
2590
2561
2542
2569
2595
2539
2564
2562
2530
2588
2589
2513
2543
2531
2584
2597
2524
2545
2591
2553
2524
2532
2584
2602
2588
2556
2558
2602
2541
2594
2585
2566
2606
2599
2585
2628
2541
2590
2558
2603
2614
2544
2598
2607
2626
2567
2590
2620
2594
2633
2636
2642
2634
2631
2607
2600
2589
2597
2574
2627
2653
2574
2585
2610
2640
2618
2599
2662
2638
2568
2619
2654
2620
2636
2665
2590
2585
2613
2581
2638
2577
2657
2633
2635
2675
2657
2627
2645
2653
2654
2650
2630
2664
2648
2624
2599
2670
2687
2639
2637
2597
2642
2690
2629
2631
2698
2674
2607
2631
2616
2649
2624
2640
2666
2655
2620
2637
2619
2709
2676
2666
2686
2650
2671
2672
2628
2626
2665
2655
2682
2692
2690
2629
2642
2699
2702
2695
2663
2686
2715
2644
2674
2719
2718
2723
2655
2710
2667
2671
2686
2735
2660
2731
2743
2734
2671
2741
2669
2672
2700
2709
2727
2695
2716
2760
2689
2675
2697
2725
2697
2716
2735
2668
2749
2692
2753
2746
2761
2689
2680
2681
2707
2730
2765
2749
2720
2760
2729
2717
2785
2714
2734
2709
2766
2785
2773
2697
2737
2720
2723
2741
2739
2716
2780
2750
2759
2713
2785
2756
2796
2748
2740
2737
2767
2766
2796
2811
2753
2796
2801
2797
2799
2798
2723
2746
2776
2794
2817
2746
2759
2733
2813
2798
2779
2778
2794
2751
2827
2737
2737
2830
2749
2771
2828
2786
2799
2780
2779
2769
2815
2793
2784
2832
2808
2842
2780
2845
2794
2771
2792
2785
2817
2842
2797
2778
2853
2819
2845
2766
2837
2786
2841
2800
2795
2863
2838
2803
2791
2805
2825
2834
2840
2795
2812
2821
2876
2808
2836
2835
2810
2830
2851
2842
2882
2802
2820
2800
2856
2810
2813
2817
2798
2871
2876
2811
2805
2805
2850
2850
2877
2891
2847
2815
2848
2907
2898
2848
2909
2852
2835
2840
2902
2908
2918
2885
2848
2904
2902
2875
2844
2859
2862
2873
2925
2906
2918
2885
2912
2860
2888
2935
2859
2895
2870
2871
2932
2900
2861
2908
2904
2855
2856
2930
2883
2898
2889
2903
2857
2870
2924
2946
2883
2941
2895
2940
2872
2911
2921
2959
2884
2911
2935
2947
2960
2914
2957
2878
2963
2912
2914
2911
2947
2958
2964
2975
2943
2981
2952
2920
2889
2974
2900
2900
2988
2987
2979
2970
2983
2941
2899
2918
2968
2930
2972
2921
2977
2928
2922
2918
2992
2967
2944
2911
2926
2976
2999
2964
2948
2987
2939
2980
2950
2965
2999
2930
2936
2993
3017
2986
2941
2984
2996
3001
3027
3018
2982
2970
2940
3017
2989
2946
3034
2945
2973
2948
2956
3041
3042
3032
3005
2986
2949
2954
3011
2992
2999
3016
3034
2997
2963
2982
2978
3003
3053
3025
3022
3053
3037
3026
3018
2993
3001
3039
2977
3043
3006
3065
3072
3033
3059
2983
3048
3029
3015
3009
3080
2993
2984
3057
3057
3029
3059
3081
3012
3089
3042
3049
3046
3044
3078
3082
3015
3000
3095
3034
3048
3032
3004
3018
3027
3011
3052
3091
3055
3085
3031
3091
3070
3091
3092
3103
3057
3084
3113
3077
3074
3115
3101
3051
3035
3049
3080
3098
3069
3082
3099
3060
3087
3109
3066
3128
3053
3084
3128
3087
3056
3088
3078
3116
3137
3122
3118
3135
3050
3142
3093
3118
3083
3134
3146
3085
3150
3113
3081
3070
3087
3069
3133
3141
3154
3098
3132
3160
3168
3159
3108
3124
3129
3086
3156
3098
3103
3174
3140
3169
3152
3176
3115
3150
3100
3105
3099
3184
3167
3134
3177
3112
3097
3135
3163
3159
3191
3123
3120
3188
3129
3149
3147
3193
3120
3180
3110
3108
3145
3206
3208
3205
3155
3132
3212
3185
3191
3190
3169
3179
3131
3202
3197
3170
3185
3199
3219
3226
3142
3188
3192
3219
3208
3158
3207
3231
3204
3142
3166
3215
3217
3222
3228
3174
3157
3180
3186
3161
3200
3204
3180
3188
3168
3218
3220
3160
3227
3230
3174
3167
3228
3202
3200
3249
3209
3188
3209
3249
3247
3256
3259
3184
3194
3265
3237
3179
3251
3275
3216
3269
3246
3198
3199
3228
3215
3270
3234
3210
3193
3225
3269
3259
3240
3284
3290
3281
3261
3267
3252
3287
3288
3225
3246
3289
3274
3285
3281
3235
3287
3273
3275
3254
3299
3298
3280
3231
3258
3293
3229
3283
3276
3280
3315
3236
3243
3278
3259
3292
3250
3240
3314
3263
3262
3333
3257
3241
3308
3264
3318
3320
3265
3249
3279
3251
3254
3275
3264
3312
3328
3302
3318
3346
3345
3339
3346
3337
3299
3339
3350
3306
3265
3349
3359
3326
3327
3306
3322
3309
3336
3305
3277
3340
3341
3282
3291
3287
3300
3328
3349
3372
3355
3350
3350
3286
3381
3296
3297
3360
3357
3337
3293
3325
3311
3384
3338
3353
3362
3354
3361
3326
3386
3346
3341
3395
3349
3323
3406
3333
3393
3350
3356
3389
3374
3352
3381
3326
3417
3410
3331
3419
3385
3404
3334
3419
3340
3328
3419
3350
3402
3361
3425
3347
3371
3338
3357
3385
3360
3378
3350
3368
3348
3353
3380
3400
3370
3356
3385
3422
3399
3443
3438
3412
3373
3401
3443
3362
3453
3405
3429
3443
3391
3391
3437
3375
3369
3433
3467
3385
3418
3388
3429
3429
3439
3391
3474
3408
3384
3461
3458
3477
3450
3471
3401
3402
3414
3417
3389
3476
3477
3393
3436
3406
3456
3411
3481
3476
3411
3421
3477
3492
3455
3479
3479
3420
3447
3497
3426
3447
3505
3490
3448
3436
3421
3439
3481
3489
3506
3494
3483
3489
3508
3439
3511
3467
3447
3521
3511
3468
3446
3509
3528
3451
3507
3491
3463
3475
3500
3523
3470
3452
3478
3537
3513
3463
3536
3537
3488
3536
3491
3477
3517
3492
3470
3465
3506
3505
3464
3534
3491
3530
3557
3528
3500
3560
3467
3473
3490
3564
3526
3560
3557
3551
3554
3571
3513
3525
3508
3562
3535
3576
3485
3532
3573
3570
3512
3520
3578
3517
3581
3519
3522
3564
3547
3580
3557
3509
3506
3512
3573
3566
3553
3568
3562
3591
3569
3532
3533
3545
3558
3516
3604
3545
3603
3543
3568
3601
3593
3608
3615
3545
3570
3616
3593
3562
3557
3557
3588
3576
3609
3619
3571
3607
3620
3548
3579
3634
3603
3586
3552
3634
3611
3582
3622
3637
3617
3588
3613
3603
3578
3625
3593
3645
3598
3601
3614
3579
3624
3584
3586
3658
3620
3638
3626
3571
3641
3629
3658
3649
3583
3648
3627
3592
3631
3623
3581
3577
3664
3591
3584
3651
3623
3597
3621
3674
3639
3678
3611
3626
3594
3683
3683
3689
3691
3598
3683
3631
3646
3626
3632
3647
3695
3655
3674
3609
3636
3621
3615
3684
3628
3621
3617
3632
3704
3709
3617
3650
3655
3703
3698
3691
3678
3682
3696
3702
3659
3686
3718
3659
3659
3680
3652
3727
3688
3690
3715
3700
3656
3721
3686
3670
3648
3678
3695
3674
3733
3653
3649
3654
3673
3654
3688
3686
3745
3694
3666
3700
3691
3696
3696
3663
3673
3735
3756
3731
3668
3750
3676
3743
3671
3673
3673
3679
3675
3698
3728
3774
3764
3704
3746
3729
3719
3744
3752
3685
3754
3753
3764
3727
3785
3705
3697
3739
3735
3707
3734
3724
3786
3762
3740
3761
3772
3747
3744
3787
3711
3707
3770
3799
3802
3774
3724
3807
3726
3728
3718
3803
3810
3766
3731
3758
3756
3733
3817
3740
3750
3791
3815
3767
3778
3754
3754
3803
3819
3750
3751
3814
3800
3811
3818
3775
3831
3756
3763
3803
3764
3818
3765
3810
3788
3823
3755
3802
3785
3765
3784
3852
3767
3808
3781
3820
3859
3859
3810
3807
3841
3791
3859
3830
3842
3782
3780
3826
3790
3873
3831
3839
3824
3782
3802
3829
3875
3814
3819
3798
3848
3810
3873
3850
3861
3810
3822
3876
3798
3808
3804
3844
3882
3868
3885
3884
3884
3854
3869
3886
3897
3821
3891
3905
3897
3838
3890
3848
3852
3840
3829
3871
3820
3909
3824
3869
3884
3856
3894
3878
3875
3914
3875
3861
3837
3838
3843
3914
3919
3837
3891
3889
3901
3838
3884
3933
3855
3894
3847
3896
3904
3897
3875
3850
3852
3860
3944
3947
3868
3895
3914
3891
3893
3894
3932
3903
3902
3885
3928
3945
3955
3895
3957
3914
3936
3958
3902
3944
3941
3919
3925
3941
3922
3907
3928
3930
3936
3924
3980
3893
3929
3897
3890
3921
3944
3925
3942
3984
3981
3945
3932
3900
3954
3968
3970
3988
3906
3949
3936
3976
3946
4003
3932
3982
3962
3999
3936
3951
3979
4009
3973
3921
4011
3975
3961
3923
3949
4001
3944
4023
3944
3977
3990
4024
3982
3969
4007
4017
3941
4018
4006
3987
3975
3949
3977
3988
3950
3983
3982
3983
4023
3966
3995
4015
3988
3967
4019
4033
3988
4031
4049
4032
3970
4041
4012
4022
4045
4053
4007
4032
4049
3996
3980
3996
3981
3992
4008
4055
3978
4027
3989
3990
4055
4044
4016
4022
4039
4017
3984
4070
4000
4084
4008
4067
4049
4078
4067
4025
4040
4008
4050
4032
4034
4085
4070
4075
4065
4081
4036
4054
4066
4026
4024
4085
4023
4016
4020
4018
4060
4080
4064
4020
4043
4033
4068
4026
4061
4053
4120
4109
4032
4049
4093
4082
4060
4122
4064
4038
4088
4112
4080
4106
4039
4102
4123
4123
4127
4090
4127
4083
4061
4094
4078
4138
4080
4128
4134
4110
4128
4084
4059
4060
4154
4081
4150
4064
4130
4144
4112
4088
4156
4074
4120
4117
4118
4117
4106
4134
4155
4084
4078
4123
4083
4108
4089
4143
4125
4089
4096
4176
4175
4091
4152
4180
4097
4164
4115
4106
4101
4171
4131
4159
4153
4194
4133
4169
4161
4109
4104
4119
4188
4109
4143
4135
4190
4204
4171
4138
4129
4168
4143
4184
4186
4193
4155
4152
4163
4178
4190
4207
4194
4223
4184
4221
4175
4132
4210
4161
4208
4171
4158
4206
4229
4191
4199
4199
4167
4232
4242
4217
4223
4210
4148
4233
4150
4185
4222
4169
4229
4178
4243
4232
4176
4215
4247
4171
4215
4213
4227
4171
4253
4243
4242
4250
4245
4210
4199
4242
4254
4262
4224
4222
4269
4268
4193
4217
4252
4259
4255
4238
4213
4238
4258
4232
4217
4237
4244
4253
4218
4243
4223
4211
4282
4216
4293
4290
4238
4287
4235
4272
4227
4219
4254
4217
4224
4268
4255
4222
4234
4248
4271
4292
4303
4229
4273
4320
4227
4236
4290
4267
4315
4323
4269
4268
4254
4292
4288
4245
4304
4249
4265
4239
4248
4292
4305
4324
4315
4247
4287
4329
4275
4248
4322
4260
4328
4295
4277
4273
4344
4322
4335
4262
4320
4349
4314
4311
4280
4304
4318
4271
4291
4313
4296
4328
4350
4288
4300
4317
4302
4284
4304
4376
4294
4290
4313
4286
4332
4368
4302
4311
4336
4372
4353
4374
4383
4297
4302
4298
4301
4380
4337
4301
4392
4308
4383
4356
4359
4345
4360
4315
4373
4387
4344
4330
4323
4379
4352
4373
4410
4331
4322
4340
4411
4382
4354
4358
4404
4351
4422
4384
4423
4398
4423
4377
4410
4430
4381
4404
4363
4345
4428
4403
4366
4365
4386
4434
4437
4414
4415
4437
4362
4426
4352
4431
4349
4388
4385
4442
4381
4448
4450
4369
4413
4366
4453
4413
4434
4446
4386
4453
4437
4430
4394
4463
4371
4452
4433
4436
4400
4444
4469
4381
4476
4457
4397
4479
4408
4461
4423
4401
4468
4471
4469
4437
4479
4474
4471
4417
4394
4459
4428
4438
4479
4403
4473
4447
4407
4426
4428
4459
4410
4427
4465
4420
4482
4457
4475
4425
4415
4494
4419
4490
4461
4506
4426
4424
4434
4521
4482
4464
4427
4458
4434
4520
4465
4520
4470
4518
4457
4476
4494
4496
4453
4476
4478
4488
4457
4445
4483
4512
4493
4449
4531
4470
4507
4470
4508
4536
4500
4463
4532
4528
4517
4519
4546
4517
4514
4554
4490
4538
4496
4521
4561
4525
4509
4501
4564
4549
4561
4477
4488
4548
4541
4560
4578
4511
4496
4508
4560
4579
4564
4561
4515
4494
4551
4530
4522
4520
4538
4576
4533
4579
4574
4579
4501
4507
4584
4556
4546
4572
4605
4594
4586
4606
4549
4551
4523
4564
4612
4547
4567
4596
4550
4571
4523
4597
4607
4549
4587
4549
4622
4592
4534
4558
4577
4548
4545
4614
4592
4535
4575
4634
4594
4591
4551
4618
4550
4628
4550
4581
4595
4594
4637
4621
4587
4642
4641
4567
4605
4602
4629
4629
4617
4632
4621
4640
4646
4631
4621
4576
4602
4646
4589
4584
4579
4584
4667
4654
4619
4659
4597
4631
4600
4640
4663
4596
4600
4642
4586
4613
4647
4665
4591
4604
4613
4596
4609
4594
4594
4628
4646
4676
4691
4636
4607
4659
4668
4657
4654
4617
4612
4669
4701
4631
4681
4670
4653
4676
4671
4688
4682
4642
4621
4661
4674
4656
4672
4688
4628
4646
4718
4658
4711
4702
4644
4690
4663
4703
4679
4644
4638
4732
4645
4719
4684
4713
4710
4665
4700
4682
4668
4692
4685
4710
4667
4750
4681
4715
4654
4720
4657
4745
4668
4748
4754
4742
4718
4698
4713
4723
4717
4681
4762
4685
4756
4671
4760
4696
4758
4754
4690
4725
4753
4755
4757
4731
4725
4698
4770
4709
4750
4778
4709
4771
4782
4714
4789
4750
4732
4746
4791
4723
4760
4778
4728
4794
4752
4715
4756
4777
4716
4765
4746
4757
4793
4750
4785
4754
4734
4718
4766
4733
4801
4806
4748
4733
4799
4788
4809
4767
4728
4750
4796
4760
4777
4797
4783
4821
4744
4831
4805
4745
4760
4757
4775
4770
4804
4787
4838
4802
4791
4786
4821
4810
4797
4811
4806
4790
4792
4756
4834
4849
4849
4775
4840
4809
4814
4819
4784
4816
4783
4840
4790
4793
4802
4797
4826
4812
4797
4781
4825
4825
4834
4782
4811
4841
4792
4811
4816
4814
4849
4811
4804
4796
4834
4796
4801
4796
4796
4817
4886
4849
4814
4883
4849
4850
4818
4856
4803
4835
4845
4849
4881
4828
4885
4812
4816
4839
4856
4873
4913
4911
4907
4839
4903
4914
4874
4858
4889
4836
4827
4840
4904
4829
4878
4908
4852
4896
4900
4855
4862
4849
4853
4905
4906
4896
4878
4868
4916
4942
4907
4856
4893
4920
4917
4887
4903
4884
4929
4881
4930
4947
4899
4921
4932
4931
4862
4899
4897
4946
4902
4899
4883
4901
4931
4941
4903
4874
4895
4925
4908
4961
4937
4971
4941
4972
4923
4898
4925
4896
4899
4968
4933
4898
4947
4958
4965
4899
4957
4990
4926
4978
4945
4939
4998
4989
4978
4934
4941
4993
4926
4998
4944
4923
4965
4930
4955
4956
4935
4995
4965
4990
4967
4922
4949
4926
5000
5018
4984
5012
4945
5008
4976
5015
5027
5026
4995
5013
5028
4990
4970
4942
4948
4983
4942
4960
5001
5000
4955
4956
4986
5027
4954
4997
4999
4983
5018
4996
5029
4967
5030
5049
4988
4970
5032
5015
5017
5007
5030
5020
5046
5040
5015
4969
5039
4985
5028
5052
4993
5000
5033
5015
5050
5059
4985
5046
4992
5079
5057
5066
5010
5008
5018
5044
5013
5070
5036
5086
5088
4997
5003
5070
5059
5029
5071
5066
5037
5099
5090
5023
5088
5087
5077
5106
5019
5063
5094
5024
5035
5097
5057
5064
5079
5086
5048
5098
5051
5051
5114
5055
5028
5096
5041
5089
5111
5055
5045
5033
5115
5116
5125
5083
5048
5052
5046
5104
5059
5052
5120
5061
5111
5054
5118
5070
5089
5050
5052
5120
5126
5116
5098
5119
5072
5075
5104
5123
5148
5067
5124
5114
5109
5162
5142
5165
5153
5130
5075
5172
5129
5115
5168
5095
5153
5129
5101
5171
5150
5139
5147
5094
5119
5168
5110
5122
5137
5162
5116
5185
5117
5119
5146
5149
5116
5128
5136
5102
5186
5136
5160
5190
5106
5174
5171
5150
5191
5163
5134
5129
5184
5197
5136
5158
5189
5189
5181
5197
5130
5214
5174
5185
5165
5213
5153
5215
5202
5211
5140
5188
5184
5175
5151
5183
5145
5195
5193
5227
5237
5234
5212
5215
5242
5220
5245
5164
5222
5211
5235
5163
5163
5154
5216
5251
5236
5205
5204
5161
5253
5232
5196
5256
5227
5249
5182
5231
5222
5202
5271
5221
5203
5253
5191
5221
5250
5224
5256
5274
5275
5222
5221
5266
5264
5230
5269
5235
5218
5196
5228
5276
5261
5196
5195
5256
5254
5288
5213
5270
5276
5222
5284
5212
5215
5260
5301
5249
5225
5301
5289
5305
5255
5217
5283
5271
5227
5277
5258
5225
5264
5308
5274
5295
5252
5237
5269
5295
5286
5272
5247
5252
5282
5313
5325
5291
5333
5256
5290
5331
5270
5337
5332
5287
5325
5342
5298
5250
5309
5258
5311
5314
5256
5297
5269
5342
5258
5261
5355
5289
5336
5301
5306
5312
5309
5322
5361
5311
5283
5302
5303
5324
5280
5328
5284
5293
5285
5373
5340
5341
5303
5316
5335
5341
5332
5383
5339
5323
5304
5331
5378
5370
5335
5384
5358
5360
5375
5377
5338
5384
5396
5329
5347
5356
5338
5361
5403
5366
5381
5368
5395
5343
5404
5384
5355
5386
5371
5341
5394
5353
5355
5349
5356
5383
5329
5364
5425
5397
5409
5345
5351
5381
5385
5428
5369
5375
5350
5348
5384
5415
5374
5384
5422
5389
5376
5432
5348
5362
5381
5364
5366
5363
5400
5368
5442
5385
5392
5378
5360
5432
5431
5391
5365
5459
5372
5460
5432
5449
5405
5436
5447
5377
5425
5438
5399
5460
5433
5429
5401
5459
5463
5395
5388
5459
5443
5426
5405
5474
5393
5475
5415
5486
5443
5475
5417
5435
5431
5411
5493
5460
5426
5449
5406
5488
5502
5443
5472
5465
5414
5471
5503
5448
5416
5482
5432
5464
5471
5509
5511
5484
5422
5487
5447
5508
5461
5522
5464
5437
5475
5488
5476
5459
5456
5503
5460
5486
5501
5500
5513
5497
5502
5493
5469
5452
5475
5491
5524
5521
5494
5475
5477
5468
5496
5505
5464
5545
5528
5463
5475
5548
5473
5542
5482
5472
5493
5469
5498
5562
5498
5476
5548
5554
5500
5500
5503
5484
5546
5537
5499
5546
5569
5486
5511
5530
5553
5544
5525
5537
5501
5565
5520
5592
5505
5506
5569
5565
5557
5559
5549
5504
5584
5594
5551
5567
5565
5554
5549
5596
5599
5591
5554
5586
5591
5584
5592
5518
5569
5601
5580
5611
5607
5584
5525
5546
5565
5581
5613
5601
5593
5574
5614
5628
5623
5567
5610
5538
5564
5613
5602
5603
5575
5635
5621
5637
5626
5609
5600
5560
5627
5553
5623
5634
5620
5557
5580
5605
5652
5575
5602
5617
5579
5592
5650
5598
5621
5659
5580
5582
5578
5608
5616
5638
5607
5589
5645
5661
5637
5655
5652
5599
5645
5669
5629
5650
5585
5594
5669
5614
5671
5621
5682
5657
5693
5652
5650
5599
5624
5691
5674
5600
5671
5660
5665
5667
5668
5676
5634
5705
5687
5684
5694
5642
5627
5658
5667
5705
5674
5679
5627
5650
5657
5707
5692
5657
5636
5674
5627
5699
5692
5632
5722
5646
5687
5726
5699
5731
5685
5729
5681
5641
5670
5647
5731
5684
5648
5731
5660
5661
5692
5658
5721
5661
5673
5656
5742
5750
5670
5662
5705
5737
5717
5711
5738
5752
5746
5676
5714
5704
5756
5716
5723
5696
5724
5725
5733
5747
5715
5681
5773
5772
5705
5727
5688
5762
5752
5776
5725
5772
5742
5771
5711
5751
5741
5754
5705
5767
5702
5739
5757
5737
5758
5718
5762
5800
5715
5728
5802
5751
5729
5725
5741
5730
5729
5756
5788
5741
5735
5748
5773
5785
5759
5790
5741
5767
5776
5739
5802
5812
5801
5780
5799
5773
5760
5756
5813
5781
5787
5790
5773
5818
5830
5763
5820
5751
5831
5781
5838
5822
5825
5788
5793
5818
5846
5848
5798
5824
5831
5769
5851
5859
5802
5849
5827
5831
5858
5815
5819
5828
5802
5847
5814
5829
5859
5868
5805
5807
5851
5797
5853
5832
5876
5860
5847
5797
5834
5855
5788
5818
5863
5803
5859
5795
5834
5869
5830
5815
5867
5851
5861
5865
5845
5829
5819
5887
5857
5830
5906
5814
5847
5860
5813
5852
5853
5816
5817
5854
5878
5823
5914
5834
5834
5851
5857
5904
5905
5897
5857
5838
5926
5893
5837
5842
5862
5922
5868
5886
5885
5923
5865
5917
5928
5880
5903
5868
5917
5877
5850
5878
5893
5929
5878
5946
5892
5861
5944
5908
5882
5897
5894
5951
5926
5933
5954
5906
5963
5937
5909
5901
5900
5888
5879
5931
5928
5896
5889
5892
5906
5896
5925
5909
5898
5957
5979
5900
5929
5920
5959
5957
5934
5977
5985
5981
5910
5927
5957
5941
5972
5996
5918
5955
5952
6000
5972
5994
5946
5907
6001
6008
5966
5983
5973
5957
5961
5934
5956
5953
5949
6006
5924
5993
5985
6009
5985
5953
5986
5989
5974
6005
5976
5991
5995
6020
5988
5990
5956
5951
6018
5938
5976
5947
5962
6003
5981
6003
5945
5979
5963
6034
6021
6008
5969
5991
5999
6023
6046
6041
6031
6040
6027
6058
5968
6046
6027
5975
5998
6046
6000
6050
6064
6066
5993
6014
6027
6011
6041
6053
6036
6070
6061
5996
5990
6019
6056
5999
6003
6079
6006
6034
6082
6059
6026
6091
6044
6059
6034
6045
6053
6025
6046
6086
6040
6084
6020
6073
6078
6040
6071
6037
6047
6067
6102
6024
6030
6111
6060
6080
6049
6100
6074
6080
6047
6043
6047
6066
6039
6047
6116
6094
6063
6032
6033
6033
6039
6074
6068
6088
6111
6114
6096
6048
6110
6050
6142
6047
6105
6145
6091
6110
6110
6093
6136
6146
6063
6098
6084
6117
6081
6067
6093
6122
6070
6137
6146
6090
6068
6159
6129
6072
6081
6092
6171
6166
6155
6153
6145
6165
6161
6097
6103
6134
6082
6137
6155
6118
6130
6097
6125
6118
6162
6167
6180
6157
6118
6161
6165
6123
6156
6164
6126
6116
6132
6180
6192
6175
6130
6173
6110
6179
6144
6162
6203
6177
6210
6122
6202
6212
6204
6204
6173
6146
6210
6207
6193
6154
6205
6222
6162
6210
6156
6213
6155
6181
6201
6229
6148
6151
6146
6189
6188
6213
6236
6192
6173
6158
6184
6154
6242
6153
6239
6230
6189
6185
6154
6216
6189
6232
6212
6249
6252
6216
6171
6244
6214
6209
6191
6259
6196
6244
6260
6177
6262
6226
6213
6188
6266
6266
6201
6208
6211
6274
6212
6275
6244
6189
6196
6251
6282
6229
6286
6277
6217
6255
6278
6244
6202
6289
6209
6226
6281
6208
6214
6292
6254
6243
6254
6219
6243
6253
6234
6283
6294
6250
6262
6301
6248
6294
6308
6221
6290
6257
6319
6278
6243
6318
6259
6231
6259
6312
6305
6263
6284
6240
6298
6320
6303
6243
6288
6286
6306
6299
6302
6313
6302
6277
6271
6344
6263
6320
6260
6290
6279
6325
6324
6327
6304
6347
6263
6307
6295
6299
6270
6355
6328
6359
6277
6343
6336
6292
6284
6339
6297
6295
6357
6286
6277
6290
6373
6308
6303
6354
6281
6366
6345
6365
6306
6376
6296
6298
6381
6381
6360
6344
6388
6378
6391
6355
6307
6335
6379
6395
6323
6335
6312
6311
6367
6350
6382
6341
6334
6380
6391
6340
6399
6409
6362
6348
6393
6364
6345
6405
6378
6356
6419
6390
6326
6339
6374
6386
6386
6345
6424
6343
6335
6380
6387
6356
6342
6390
6388
6341
6373
6407
6364
6428
6367
6387
6427
6443
6361
6410
6441
6425
6437
6398
6421
6390
6367
6436
6380
6428
6433
6369
6384
6447
6404
6374
6415
6393
6402
6420
6427
6417
6374
6389
6388
6446
6408
6458
6453
6396
6443
6387
6413
6394
6480
6416
6396
6483
6433
6429
6482
6458
6413
6456
6420
6464
6439
6422
6489
6444
6442
6484
6458
6432
6502
6504
6483
6453
6434
6461
6424
6433
6489
6464
6514
6421
6492
6475
6482
6425
6457
6507
6463
6483
6520
6440
6521
6528
6481
6451
6438
6518
6499
6514
6461
6503
6484
6521
6442
6497
6467
6463
6471
6470
6540
6529
6485
6504
6540
6518
6467
6494
6473
6497
6545
6467
6527
6481
6469
6481
6464
6507
6560
6531
6563
6556
6479
6475
6556
6490
6477
6518
6492
6568
6508
6497
6486
6530
6537
6535
6573
6499
6488
6500
6500
6515
6536
6555
6570
6541
6586
6579
6580
6534
6497
6588
6501
6565
6558
6550
6530
6537
6534
6563
6579
6552
6590
6557
6608
6590
6558
6521
6532
6571
6596
6603
6526
6564
6550
6588
6527
6528
6617
6560
6529
6622
6576
6532
6594
6583
6599
6566
6614
6616
6546
6610
6538
6583
6564
6585
6572
6563
6567
6602
6614
6629
6566
6563
6575
6571
6647
6603
6592
6563
6634
6598
6630
6658
6605
6563
6561
6627
6590
6607
6566
6638
6634
6639
6586
6580
6644
6615
6582
6615
6596
6586
6596
6633
6602
6588
6667
6606
6659
6619
6590
6587
6601
6605
6628
6657
6679
6678
6662
6621
6692
6617
6621
6611
6678
6641
6631
6643
6670
6646
6702
6611
6636
6696
6613
6637
6626
6670
6640
6700
6694
6626
6625
6695
6635
6664
6690
6721
6628
6689
6637
6689
6667
6722
6653
6674
6648
6679
6673
6671
6706
6695
6716
6663
6678
6714
6693
6653
6727
6673
6712
6721
6667
6679
6730
6694
6733
6717
6738
6661
6692
6670
6692
6729
6718
6698
6748
6724
6716
6745
6743
6705
6669
6736
6672
6717
6733
6675
6730
6734
6710
6749
6729
6763
6735
6690
6736
6696
6764
6742
6763
6772
6741
6754
6739
6761
6705
6718
6781
6724
6769
6710
6794
6727
6790
6705
6761
6743
6729
6787
6708
6764
6797
6755
6763
6717
6720
6807
6768
6720
6784
6722
6792
6803
6788
6749
6819
6818
6764
6757
6815
6806
6755
6801
6799
6807
6749
6767
6756
6763
6825
6798
6835
6813
6822
6769
6774
6745
6795
6787
6845
6757
6816
6800
6794
6798
6814
6828
6844
6755
6817
6772
6779
6836
6848
6827
6793
6823
6791
6789
6815
6807
6771
6828
6824
6775
6836
6796
6849
6829
6816
6801
6824
6866
6780
6838
6781
6832
6836
6809
6855
6849
6846
6795
6847
6828
6819
6882
6802
6874
6836
6829
6845
6831
6817
6892
6891
6879
6825
6861
6847
6815
6904
6852
6894
6896
6876
6856
6820
6881
6911
6890
6871
6891
6883
6879
6827
6911
6875
6873
6840
6908
6869
6863
6876
6894
6908
6885
6852
6875
6876
6848
6875
6905
6858
6866
6875
6864
6938
6849
6942
6865
6859
6930
6889
6871
6852
6867
6935
6876
6929
6890
6931
6868
6935
6864
6941
6868
6872
6943
6931
6926
6926
6958
6872
6896
6881
6941
6889
6937
6954
6907
6952
6936
6932
6903
6940
6941
6956
6951
6980
6901
6974
6984
6946
6973
6907
6930
6911
6977
6924
6935
6958
6904
6936
6922
6926
6931
6934
6982
6975
6909
6996
6936
7008
7010
7009
6981
6979
6986
7015
6943
7011
6932
6964
6948
6932
6953
6996
7011
7024
6972
6971
6983
7011
7010
7019
7024
7019
6994
6964
6987
7016
7008
6959
6985
6956
7014
6961
7041
6998
7036
6948
7041
6977
6981
7013
6973
6972
7043
7011
7027
6995
6978
7003
7060
6995
6971
7017
7007
7003
6986
6971
7007
7016
6986
7042
7008
7063
7027
7047
7073
7047
6990
6992
7069
7042
7049
7043
6988
7040
7011
7037
7017
7003
7065
7090
7052
6999
7022
7014
7026
7088
7000
7044
7079
7046
7044
7049
7085
7098
7061
7025
7103
7019
7042
7047
7081
7026
7031
7114
7056
7102
7111
7021
7023
7074
7068
7029
7038
7105
7094
7055
7117
7077
7130
7069
7081
7128
7115
7042
7046
7045
7085
7062
7123
7137
7091
7095
7139
7113
7086
7062
7087
7143
7075
7116
7077
7135
7097
7151
7154
7142
7143
7134
7080
7085
7068
7090
7141
7076
7140
7119
7097
7164
7166
7082
7149
7092
7096
7136
7084
7126
7177
7122
7146
7139
7174
7133
7085
7101
7178
7112
7143
7147
7131
7101
7110
7127
7141
7142
7156
7164
7113
7132
7157
7122
7154
7179
7166
7188
7205
7136
7195
7184
7208
7162
7203
7129
7134
7148
7134
7119
7161
7149
7130
7205
7147
7146
7202
7180
7181
7218
7217
7172
7178
7158
7196
7162
7174
7187
7143
7142
7207
7210
7168
7240
7221
7223
7187
7236
7178
7210
7162
7164
7220
7204
7228
7232
7198
7229
7195
7235
7220
7209
7160
7240
7218
7208
7222
7196
7203
7236
7261
7260
7201
7267
7211
7197
7234
7265
7259
7263
7229
7226
7242
7204
7278
7253
7282
7197
7211
7271
7249
7256
7211
7239
7284
7280
7225
7285
7237
7230
7208
7283
7269
7270
7253
7232
7292
7207
7278
7284
7308
7254
7256
7247
7245
7228
7245
7260
7265
7296
7224
7234
7282
7305
7226
7230
7249
7264
7325
7234
7267
7264
7271
7243
7279
7283
7258
7238
7312
7292
7263
7257
7329
7259
7281
7316
7326
7253
7338
7278
7331
7347
7346
7320
7316
7260
7318
7298
7285
7294
7355
7333
7294
7283
7283
7266
7305
7311
7317
7319
7356
7358
7299
7281
7349
7352
7281
7351
7299
7317
7352
7299
7320
7321
7356
7291
7350
7358
7357
7326
7340
7330
7371
7302
7322
7385
7373
7338
7318
7337
7332
7303
7303
7369
7319
7341
7391
7309
7403
7323
7379
7309
7314
7325
7383
7358
7400
7409
7350
7321
7356
7354
7418
7361
7422
7357
7421
7347
7352
7376
7404
7357
7341
7375
7400
7338
7434
7428
7392
7417
7355
7420
7393
7373
7348
7375
7376
7375
7431
7364
7384
7362
7383
7432
7443
7430
7422
7363
7430
7382
7457
7438
7411
7441
7418
7448
7386
7459
7463
7377
7468
7412
7376
7458
7438
7469
7390
7383
7417
7442
7419
7385
7451
7392
7397
7453
7459
7477
7429
7421
7482
7436
7418
7424
7449
7421
7441
7491
7424
7467
7415
7401
7446
7486
7457
7429
7463
7461
7434
7439
7491
7471
7453
7421
7478
7416
7510
7466
7441
7491
7440
7428
7450
7510
7512
7485
7429
7473
7499
7437
7465
7519
7473
7468
7469
7473
7510
7515
7505
7443
7538
7512
7496
7489
7458
7447
7489
7500
7545
7490
7500
7510
7513
7531
7550
7478
7497
7495
7487
7528
7494
7533
7549
7482
7480
7477
7500
7495
7487
7502
7524
7503
7493
7546
7566
7511
7523
7553
7543
7491
7490
7498
7514
7569
7503
7553
7535
7504
7583
7544
7521
7504
7514
7578
7526
7574
7525
7543
7497
7567
7527
7558
7557
7520
7590
7531
7507
7523
7519
7522
7600
7546
7538
7598
7571
7538
7542
7555
7586
7574
7551
7616
7525
7602
7586
7539
7528
7562
7591
7574
7557
7548
7622
7616
7558
7610
7567
7558
7543
7603
7616
7555
7607
7575
7641
7623
7643
7585
7639
7618
7591
7577
7649
7620
7578
7586
7593
7609
7566
7594
7568
7648
7565
7648
7584
7624
7611
7594
7587
7590
7586
7656
7588
7668
7619
7647
7645
7577
7673
7610
7587
7584
7612
7610
7630
7629
7655
7663
7682
7683
7590
7674
7624
7616
7677
7677
7674
7677
7694
7657
7647
7647
7653
7688
7654
7652
7662
7684
7686
7639
7698
7706
7655
7661
7637
7636
7705
7691
7637
7654
7670
7684
7635
7707
7671
7658
7696
7643
7659
7702
7650
7672
7687
7729
7677
7709
7685
7735
7666
7727
7691
7640
7695
7718
7680
7691
7659
7693
7691
7701
7724
7706
7746
7749
7654
7656
7702
7657
7689
7681
7673
7723
7668
7693
7710
7751
7724
7695
7757
7683
7679
7683
7729
7709
7678
7759
7691
7709
7717
7707
7727
7737
7778
7780
7710
7711
7690
7747
7728
7723
7753
7710
7712
7772
7754
7705
7729
7750
7711
7736
7702
7795
7721
7709
7733
7784
7783
7782
7755
7766
7712
7740
7792
7782
7739
7767
7796
7726
7752
7721
7737
7812
7754
7750
7758
7783
7779
7741
7783
7764
7786
7732
7813
7785
7785
7740
7806
7784
7789
7763
7745
7802
7817
7788
7764
7813
7758
7761
7798
7834
7770
7825
7795
7808
7788
7846
7829
7837
7758
7851
7788
7842
7841
7767
7790
7777
7836
7821
7840
7801
7825
7798
7802
7774
7806
7851
7853
7848
7848
7802
7863
7782
7814
7866
7863
7864
7867
7795
7822
7854
7853
7841
7858
7863
7855
7836
7820
7868
7854
7893
7888
7842
7805
7863
7838
7805
7888
7875
7866
7903
7819
7883
7897
7897
7900
7837
7882
7914
7871
7876
7859
7857
7854
7852
7860
7887
7906
7844
7914
7874
7891
7903
7903
7875
7838
7840
7869
7888
7920
7855
7847
7934
7857
7892
7860
7872
7937
7873
7931
7929
7860
7946
7914
7937
7858
7886
7875
7942
7872
7907
7895
7940
7958
7865
7940
7869
7917
7892
7906
7966
7935
7931
7890
7905
7892
7970
7933
7918
7967
7940
7899
7879
7961
7892
7950
7884
7979
7972
7932
7914
7984
7968
7899
7924
7953
7987
7916
7899
7917
7942
7904
7966
7903
7929
7990
7944
7929
7912
7933
7919
7914
7953
7958
7938
7939
8011
7946
7941
7964
7998
7920
7933
7979
7922
7992
8011
7929
8018
7974
7969
8021
7979
7994
7940
7962
7974
7939
8020
7969
8020
8020
8001
7989
8024
8037
7950
8000
7974
7993
8023
7950
7995
7960
7999
7993
8024
7954
8014
7991
7964
8042
7990
8021
8009
8027
7977
8016
8021
7969
8037
8044
7987
8015
7984
7980
8017
8034
8041
8042
8034
8055
8004
8035
8012
8041
8067
8060
8068
8011
8025
8087
8069
8065
8046
8075
8050
8014
8021
8091
8033
8055
8077
8061
8093
8065
8024
8059
8056
8016
8061
8056
8098
8018
8101
8067
8043
8016
8031
8083
8087
8067
8069
8054
8072
8092
8115
8093
8067
8063
8042
8067
8112
8125
8100
8093
8089
8042
8121
8049
8119
8107
8061
8060
8109
8123
8098
8094
8056
8086
8062
8144
8089
8052
8139
8081
8152
8113
8127
8126
8150
8062
8080
8153
8098
8152
8064
8083
8073
8153
8146
8097
8069
8169
8139
8076
8136
8159
8095
8175
8174
8090
8150
8091
8112
8134
8097
8156
8171
8175
8171
8151
8122
8155
8174
8110
8120
8162
8100
8177
8135
8172
8151
8191
8150
8136
8113
8114
8139
8192
8172
8145
8172
8170
8124
8158
8145
8169
8118
8216
8133
8161
8124
8168
8205
8133
8128
8127
8166
8176
8177
8228
8165
8140
8207
8172
8197
8141
8183
8232
8148
8155
8195
8214
8228
8156
8233
8155
8211
8196
8179
8200
8184
8202
8210
8202
8153
8234
8207
8204
8178
8198
8249
8173
8181
8253
8193
8180
8176
8194
8248
8179
8198
8207
8211
8221
8270
8210
8180
8244
8264
8191
8217
8189
8271
8235
8204
8199
8276
8286
8287
8189
8208
8240
8224
8216
8233
8195
8201
8294
8213
8231
8275
8276
8213
8294
8298
8221
8216
8266
8267
8280
8256
8257
8281
8256
8261
8294
8222
8219
8253
8277
8278
8299
8224
8262
8252
8319
8324
8232
8266
8314
8269
8330
8280
8260
8258
8272
8334
8301
8301
8338
8309
8330
8284
8285
8302
8263
8326
8258
8322
8297
8334
8304
8349
8296
8306
8340
8299
8269
8346
8293
8315
8322
8344
8343
8343
8351
8322
8365
8275
8318
8299
8319
8313
8332
8279
8368
8354
8359
8365
8299
8369
8343
8349
8360
8315
8329
8355
8316
8355
8296
8325
8361
8311
8349
8318
8377
8312
8390
8374
8327
8330
8331
8385
8373
8341
8344
8400
8400
8361
8341
8404
8390
8322
8317
8412
8372
8347
8379
8417
8406
8380
8362
8387
8338
8368
8333
8328
8334
8350
8353
8404
8424
8376
8373
8349
8373
8416
8433
8371
8397
8352
8425
8345
8409
8347
8440
8415
8401
8394
8417
8415
8422
8359
8384
8395
8419
8448
8420
8359
8433
8404
8437
8380
8454
8408
8366
8407
8367
8406
8422
8430
8430
8386
8437
8384
8462
8466
8379
8387
8398
8379
8399
8403
8430
8435
8434
8398
8455
8460
8442
8428
8477
8445
8472
8430
8431
8424
8463
8402
8433
8434
8419
8495
8420
8433
8487
8406
8465
8442
8431
8480
8411
8419
8508
8458
8429
8514
8456
8470
8424
8440
8428
8505
8499
8451
8468
8465
8485
8515
8485
8454
8511
8485
8454
8452
8459
8519
8481
8475
8514
8503
8500
8510
8463
8529
8496
8518
8485
8547
8539
8464
8500
8466
8494
8474
8533
8535
8545
8469
8533
8507
8502
8544
8519
8473
8487
8560
8485
8561
8505
8559
8499
8484
8523
8529
8494
8488
8541
8524
8486
8542
8570
8558
8565
8559
8492
8526
8569
8543
8491
8496
8564
8571
8527
8499
8569
8559
8590
8554
8583
8530
8532
8555
8520
8520
8536
8557
8562
8536
8558
8557
8562
8568
8546
8589
8600
8611
8521
8523
8568
8600
8602
8576
8555
8590
8581
8554
8541
8556
8565
8579
8614
8619
8595
8560
8586
8617
8559
8583
8593
8560
8551
8546
8634
8637
8586
8597
8612
8590
8569
8633
8568
8590
8619
8624
8616
8639
8573
8631
8655
8560
8638
8634
8586
8602
8620
8601
8609
8604
8628
8638
8629
8597
8604
8659
8604
8626
8596
8676
8666
8593
8663
8632
8593
8644
8592
8599
8655
8614
8603
8672
8609
8615
8664
8646
8684
8674
8662
8693
8648
8677
8626
8635
8687
8662
8628
8642
8628
8699
8628
8701
8661
8622
8712
8628
8641
8713
8633
8698
8661
8621
8713
8693
8700
8626
8653
8696
8720
8627
8661
8714
8638
8706
8667
8729
8642
8687
8636
8680
8699
8694
8726
8727
8715
8679
8744
8684
8667
8699
8669
8669
8687
8680
8680
8662
8681
8751
8671
8686
8723
8683
8713
8682
8669
8684
8697
8683
8675
8755
8727
8759
8759
8715
8741
8761
8713
8712
8701
8735
8686
8767
8726
8767
8747
8768
8723
8713
8698
8771
8731
8734
8772
8692
8761
8779
8743
8791
8734
8753
8787
8760
8769
8715
8789
8707
8763
8715
8725
8740
8766
8747
8799
8744
8713
8810
8714
8800
8806
8776
8744
8738
8790
8801
8738
8756
8730
8753
8731
8763
8789
8771
8817
8807
8742
8751
8779
8831
8738
8769
8762
8785
8816
8760
8758
8773
8783
8775
8757
8763
8822
8778
8757
8829
8847
8851
8819
8781
8761
8857
8759
8850
8854
8804
8766
8858
8779
8845
8802
8838
8833
8821
8799
8777
8780
8847
8802
8804
8843
8783
8864
8794
8868
8880
8842
8812
8836
8883
8881
8886
8818
8857
8805
8804
8833
8866
8804
8889
8825
8831
8833
8884
8839
8814
8865
8891
8813
8840
8897
8825
8884
8869
8814
8899
8873
8821
8815
8908
8855
8877
8891
8860
8846
8876
8914
8897
8881
8832
8915
8847
8915
8918
8907
8880
8898
8889
8846
8889
8909
8862
8889
8840
8939
8871
8889
8895
8888
8937
8879
8884
8889
8899
8942
8946
8902
8911
8941
8950
8870
8905
8883
8936
8923
8957
8949
8905
8918
8914
8877
8964
8917
8897
8950
8937
8912
8885
8968
8975
8919
8932
8933
8978
8920
8971
8917
8929
8920
8893
8920
8916
8892
8899
8963
8982
8963
8901
8936
8908
8931
8939
8963
8948
8926
8962
8915
8959
8907
8994
8932
8972
8912
9004
8999
8930
8950
8982
8930
8928
8992
8977
8987
8988
8980
8928
8945
9012
8979
8979
8999
9024
8988
8958
8988
9020
8990
8968
8940
8996
8947
9003
8956
9015
8992
8999
8963
8962
8972
9013
8986
8993
8953
8980
8952
9031
9019
9016
9024
8986
8974
8974
9053
8968
8963
8977
9016
9040
8981
8984
9043
9024
9021
9013
9023
9048
9049
8986
9057
9047
9006
8983
8979
8981
9066
9043
9025
9005
9057
9032
9071
9066
9021
9084
9045
9053
8996
9044
8994
9013
9093
9039
9016
9086
9050
9031
9018
9023
9070
9010
9043
9053
9091
9085
9097
9056
9087
9075
9057
9090
9111
9063
9050
9095
9101
9115
9038
9107
9045
9096
9040
9056
9029
9086
9052
9083
9041
9106
9084
9073
9114
9074
9127
9049
9055
9056
9132
9075
9055
9079
9105
9055
9141
9118
9143
9063
9065
9059
9132
9138
9104
9104
9109
9113
9118
9103
9150
9088
9148
9114
9147
9074
9099
9102
9147
9119
9101
9157
9078
9099
9079
9098
9079
9134
9176
9127
9118
9099
9097
9182
9181
9148
9097
9107
9127
9137
9132
9192
9114
9186
9111
9152
9161
9195
9150
9140
9200
9179
9114
9154
9113
9113
9133
9161
9167
9159
9185
9126
9214
9160
9169
9125
9118
9123
9131
9158
9168
9170
9175
9191
9193
9168
9195
9154
9193
9142
9169
9188
9194
9177
9151
9181
9202
9213
9200
9219
9226
9200
9203
9239
9183
9209
9195
9243
9248
9170
9242
9155
9218
9190
9256
9193
9206
9242
9222
9239
9243
9221
9203
9194
9246
9262
9238
9215
9262
9237
9197
9183
9228
9184
9193
9194
9219
9236
9261
9267
9204
9203
9215
9274
9236
9191
9263
9282
9290
9258
9249
9274
9195
9273
9245
9254
9281
9247
9256
9294
9298
9244
9281
9281
9233
9245
9269
9293
9252
9264
9267
9280
9307
9314
9295
9299
9245
9302
9271
9232
9300
9235
9238
9279
9261
9227
9314
9320
9243
9293
9263
9295
9309
9328
9248
9316
9261
9320
9245
9328
9245
9292
9284
9273
9253
9346
9252
9346
9305
9263
9253
9308
9319
9269
9282
9318
9298
9321
9351
9310
9301
9324
9307
9313
9289
9355
9346
9321
9355
9326
9287
9273
9318
9330
9342
9284
9317
9339
9369
9282
9321
9312
9335
9316
9380
9384
9384
9356
9354
9378
9356
9375
9346
9365
9329
9301
9351
9311
9357
9357
9394
9347
9394
9354
9343
9367
9328
9353
9407
9360
9376
9410
9354
9353
9326
9392
9376
9411
9320
9385
9324
9411
9386
9413
9361
9348
9363
9345
9411
9379
9394
9341
9386
9391
9348
9340
9380
9371
9425
9344
9400
9392
9419
9445
9439
9430
9355
9384
9376
9430
9447
9365
9369
9413
9445
9426
9406
9430
9375
9434
9418
9413
9457
9423
9446
9385
9384
9392
9465
9431
9377
9410
9424
9456
9452
9410
9412
9408
9414
9455
9439
9476
9424
9454
9444
9394
9391
9412
9419
9435
9469
9433
9485
9414
9493
9447
9441
9412
9455
9419
9427
9409
9421
9491
9428
9485
9506
9411
9474
9490
9490
9438
9504
9415
9420
9500
9513
9485
9444
9438
9434
9435
9492
9430
9427
9511
9518
9484
9514
9478
9519
9482
9525
9470
9493
9536
9454
9507
9510
9458
9455
9534
9480
9488
9527
9492
9505
9474
9521
9528
9522
9453
9470
9479
9484
9493
9501
9507
9499
9557
9498
9482
9521
9533
9541
9472
9483
9542
9526
9481
9479
9477
9521
9512
9524
9484
9528
9553
9482
9484
9528
9550
9511
9494
9530
9506
9519
9503
9577
9507
9559
9504
9548
9498
9522
9515
9589
9587
9525
9555
9602
9567
9533
9521
9599
9537
9608
9512
9527
9520
9606
9605
9567
9543
9530
9572
9533
9556
9556
9551
9534
9607
9590
9599
9564
9578
9580
9590
9550
9613
9600
9550
9548
9566
9552
9589
9625
9610
9574
9568
9597
9550
9622
9617
9557
9618
9570
9644
9591
9609
9592
9624
9631
9589
9582
9563
9615
9629
9568
9571
9592
9628
9655
9649
9647
9601
9633
9589
9656
9670
9589
9620
9664
9656
9582
9583
9645
9639
9603
9590
9653
9631
9675
9681
9622
9674
9645
9672
9677
9601
9654
9658
9690
9653
9616
9648
9688
9618
9687
9683
9612
9693
9626
9656
9632
9659
9640
9668
9697
9629
9633
9630
9695
9697
9616
9624
9698
9666
9676
9631
9659
9700
9671
9663
9686
9694
9681
9643
9687
9688
9693
9673
9703
9717
9663
9668
9648
9703
9720
9722
9741
9693
9733
9690
9650
9723
9688
9678
9749
9695
9689
9671
9661
9730
9725
9720
9700
9712
9675
9716
9724
9754
9732
9704
9725
9693
9716
9750
9736
9676
9744
9724
9742
9686
9681
9754
9746
9695
9689
9750
9690
9736
9703
9746
9703
9712
9779
9787
9742
9771
9707
9776
9788
9727
9735
9790
9785
9769
9777
9708
9744
9762
9709
9715
9764
9773
9710
9801
9797
9753
9743
9748
9723
9727
9728
9768
9771
9783
9738
9787
9775
9734
9823
9744
9773
9799
9815
9786
9824
9797
9762
9766
9806
9785
9824
9738
9767
9747
9762
9799
9747
9805
9783
9777
9784
9841
9815
9830
9839
9836
9783
9813
9832
9811
9834
9831
9769
9837
9837
9830
9861
9810
9834
9817
9829
9837
9772
9852
9840
9821
9871
9833
9818
9793
9786
9786
9831
9810
9810
9857
9785
9834
9882
9813
9809
9815
9817
9886
9857
9841
9833
9794
9869
9818
9796
9863
9809
9824
9893
9843
9834
9832
9859
9821
9902
9834
9853
9875
9852
9867
9886
9842
9841
9822
9828
9893
9889
9855
9858
9856
9884
9905
9844
9840
9834
9926
9837
9924
9841
9890
9907
9859
9834
9869
9873
9850
9860
9894
9851
9925
9896
9926
9886
9896
9856
9899
9877
9929
9902
9882
9952
9931
9920
9879
9903
9884
9907
9903
9948
9905
9909
9878
9934
9923
9897
9962
9933
9885
9931
9941
9936
9877
9882
9942
9970
9887
9953
9924
9960
9898
9895
9926
9896
9981
9922
9956
9934
9972
9930
9936
9946
9976
9921
9979
9928
9949
9951
9909
9931
9935
9955
9935
9919
9962
10000
9949
9982
10006
9936
9981
9954
9913
9922
10000
9964
9943
9959
9947
9965
9979
9973
10017
9939
9933
9978
10011
9991
9976
10024
9977
9973
9938
9947
10028
9946
9999
9999
9984
9995
10003
10030
10000
10009
10029
9954
9972
10014
9991
9965
9954
9988
10006
10035
9980
10010
10036
10004
9964
9964
10045
9977
10042
10021
10024
9989
9980
10040
9981
9981
10064
10025
10017
10000
10072
9977
9980
10037
9995
10049
9984
10061
10079
10048
10043
10044
9987
9989
10027
10079
10011
10013
10034
10045
10005
10050
10042
10045
10086
10072
10052
10099
10036
10070
10053
10081
10020
10057
10033
10089
10106
10073
10027
10083
10037
10018
10085
10072
10114
10024
10121
10066
10025
10029
10091
10060
10123
10102
10075
10116
10121
10101
10126
10083
10098
10040
10048
10091
10050
10126
10061
10083
10135
10119
10096
10053
10078
10105
10050
10137
10064
10075
10063
10098
10088
10118
10127
10098
10144
10149
10150
10065
10134
10070
10073
10164
10143
10146
10110
10070
10156
10090
10171
10122
10142
10152
10138
10097
10099
10148
10120
10107
10112
10117
10107
10157
10167
10120
10145
10138
10106
10134
10122
10107
10177
10148
10181
10178
10148
10146
10174
10127
10109
10136
10170
10111
10183
10146
10116
10151
10195
10171
10128
10175
10208
10179
10159
10121
10133
10152
10174
10219
10124
10155
10162
10212
10181
10201
10169
10206
10177
10202
10138
10141
10232
10214
10182
10180
10147
10215
10189
10186
10204
10188
10232
10150
10235
10168
10175
10215
10186
10230
10253
10172
10207
10228
10203
10204
10190
10176
10229
10197
10259
10221
10209
10236
10213
10203
10185
10247
10216
10258
10231
10248
10190
10264
10206
10245
10213
10231
10217
10224
10206
10281
10250
10197
10237
10206
10213
10250
10205
10206
10259
10222
10237
10254
10293
10288
10262
10214
10239
10216
10295
10249
10239
10281
10260
10260
10295
10279
10276
10238
10258
10248
10218
10274
10258
10300
10288
10301
10317
10285
10323
10227
10278
10316
10246
10232
10242
10236
10271
10260
10318
10308
10253
10245
10328
10315
10311
10326
10272
10255
10315
10266
10274
10255
10291
10339
10316
10302
10316
10320
10333
10274
10302
10284
10347
10306
10315
10266
10351
10337
10287
10277
10287
10365
10274
10363
10311
10312
10337
10284
10298
10297
10300
10352
10354
10298
10361
10305
10313
10370
10327
10379
10363
10298
10343
10373
10381
10346
10299
10329
10342
10337
10350
10310
10301
10310
10379
10343
10328
10305
10363
10330
10398
10353
10332
10337
10382
10399
10394
10393
10315
10351
10323
10343
10334
10411
10347
10323
10357
10339
10422
10402
10412
10341
10393
10374
10331
10374
10344
10346
10410
10384
10385
10346
10343
10355
10426
10358
10342
10389
10405
10397
10391
10420
10445
10384
10432
10375
10443
10408
10452
10394
10417
10423
10453
10437
10397
10459
10429
10394
10413
10398
10388
10457
10376
10416
10426
10448
10394
10383
10453
10385
10448
10410
10427
10423
10464
10414
10404
10446
10391
10407
10485
10436
10475
10434
10398
10447
10391
10420
10425
10477
10441
10431
10403
10410
10495
10466
10418
10423
10445
10469
10438
10483
10503
10443
10473
10437
10465
10434
10427
10427
10497
10500
10477
10481
10423
10468
10485
10502
10515
10487
10455
10481
10471
10449
10498
10529
10459
10433
10510
10520
10482
10437
10532
10527
10501
10455
10452
10488
10482
10447
10523
10489
10539
10499
10492
10548
10540
10488
10523
10492
10461
10498
10536
10517
10559
10523
10499
10516
10505
10490
10506
10544
10495
10500
10544
10508
10551
10491
10507
10562
10512
10486
10567
10538
10547
10489
10518
10560
10567
10517
10501
10514
10572
10575
10564
10564
10526
10585
10586
10570
10584
10504
10573
10558
10560
10549
10580
10517
10586
10507
10523
10524
10580
10558
10539
10579
10530
10583
10535
10610
10548
10535
10557
10545
10606
10545
10591
10547
10621
10586
10559
10597
10539
10622
10561
10584
10556
10544
10600
10547
10539
10579
10584
10554
10566
10558
10547
10562
10585
10584
10547
10585
10586
10642
10572
10622
10643
10568
10621
10620
10589
10645
10646
10644
10607
10623
10580
10617
10639
10618
10603
10608
10630
10577
10570
10594
10667
10573
10670
10613
10635
10581
10640
10650
10582
10657
10642
10657
10616
10598
10645
10589
10665
10645
10615
10684
10658
10641
10638
10600
10611
10597
10656
10653
10616
10683
10669
10653
10697
10688
10677
10647
10685
10672
10703
10622
10628
10704
10684
10702
10676
10695
10638
10687
10718
10690
10657
10659
10630
10724
10661
10702
10691
10666
10728
10719
10673
10637
10696
10658
10689
10676
10699
10680
10646
10649
10681
10708
10731
10721
10685
10712
10718
10727
10738
10727
10675
10672
10729
10664
10726
10695
10664
10744
10687
10678
10753
10696
10681
10665
10756
10693
10669
10717
10700
10726
10723
10734
10707
10771
10752
10732
10769
10751
10731
10748
10775
10748
10733
10759
10687
10738
10722
10729
10734
10747
10772
10721
10738
10704
10744
10721
10764
10795
10755
10768
10748
10780
10707
10771
10756
10750
10718
10736
10799
10749
10774
10719
10804
10766
10760
10757
10774
10759
10789
10807
10721
10775
10781
10743
10786
10728
10748
10814
10805
10777
10829
10746
10786
10827
10818
10799
10778
10801
10824
10760
10808
10817
10817
10770
10788
10789
10839
10763
10778
10767
10823
10813
10754
10821
10837
10820
10790
10780
10790
10810
10806
10771
10850
10805
10775
10804
10791
10850
10849
10803
10810
10798
10867
10793
10815
10786
10793
10821
10813
10860
10818
10786
10806
10883
10843
10826
10874
10850
10811
10882
10867
10875
10805
10843
10814
10890
10865
10829
10812
10851
10808
10895
10856
10823
10847
10890
10829
10884
10810
10905
10866
10831
10893
10891
10915
10885
10844
10852
10831
10841
10862
10823
10902
10881
10840
10913
10913
10905
10854
10860
10911
10920
10911
10880
10881
10915
10872
10913
10882
10849
10886
10887
10915
10849
10846
10855
10892
10853
10933
10893
10937
10892
10890
10857
10856
10924
10944
10871
10889
10903
10879
10946
10875
10926
10890
10936
10910
10913
10939
10930
10929
10903
10893
10941
10944
10963
10898
10976
10902
10903
10956
10917
10982
10960
10928
10906
10894
10966
10943
10900
10984
10905
10924
10984
10958
10964
10947
10932
10940
10920
10908
10997
10997
10958
10998
10932
10937
10996
10971
10966
10962
10970
10981
10933
10939
10980
10988
10961
10950
11015
10952
10963
11019
10948
11024
10953
10935
10998
10968
10997
11027
11027
10970
10989
11006
10960
11005
10958
10992
10972
11003
10979
11015
10997
11037
10953
11017
11013
10980
10968
11051
11024
11013
11036
11005
10994
10996
11033
11032
10970
10975
11010
11030
11053
11018
11018
10999
10992
10989
10998
10975
11049
11010
11053
11001
11071
11027
11002
11021
11027
11062
10994
11036
11053
11007
11018
11008
11078
11039
11082
11022
11071
11050
10997
11006
11084
11058
11091
11075
11087
11080
11092
11063
11073
11083
11098
11101
11018
11099
11044
11050
11020
11053
11050
11093
11040
11099
11095
11058
11054
11091
11047
11111
11103
11108
11114
11126
11043
11045
11034
11131
11043
11086
11114
11120
11038
11089
11125
11108
11134
11073
11068
11099
11075
11047
11090
11128
11069
11121
11104
11139
11126
11136
11089
11058
11119
11116
11141
11104
11068
11117
11151
11081
11108
11122
11125
11086
11134
11111
11160
11158
11163
11085
11098
11170
11121
11159
11175
11101
11085
11115
11175
11111
11084
11183
11162
11115
11119
11182
11151
11147
11110
11112
11177
11172
11147
11188
11179
11123
11193
11106
11198
11174
11137
11173
11121
11159
11158
11131
11134
11207
11190
11202
11145
11176
11166
11201
11172
11152
11210
11219
11197
11128
11128
11215
11186
11224
11211
11211
11179
11210
11187
11213
11222
11220
11229
11212
11158
11195
11175
11232
11217
11229
11184
11149
11168
11229
11241
11234
11238
11216
11224
11198
11201
11198
11219
11249
11220
11171
11222
11181
11211
11186
11206
11214
11230
11202
11240
11175
11181
11215
11208
11186
11194
11191
11249
11235
11219
11274
11193
11277
11263
11191
11226
11232
11254
11274
11273
11263
11227
11224
11239
11263
11282
11249
11232
11289
11198
11265
11237
11243
11245
11289
11231
11284
11242
11260
11240
11228
11263
11251
11291
11293
11304
11288
11284
11315
11260
11253
11224
11278
11246
11236
11227
11317
11293
11278
11240
11295
11243
11245
11306
11272
11305
11264
11271
11238
11278
11285
11301
11317
11335
11338
11255
11288
11334
11347
11290
11337
11313
11272
11275
11307
11350
11322
11314
11300
11300
11322
11332
11323
11320
11322
11318
11306
11295
11334
11355
11271
11366
11286
11350
11285
11340
11285
11306
11340
11359
11343
11284
11360
11327
11324
11312
11367
11367
11304
11295
11320
11299
11371
11356
11375
11305
11318
11320
11339
11368
11339
11339
11303
11358
11343
11359
11334
11397
11313
11352
11355
11373
11331
11337
11356
11388
11372
11344
11354
11343
11400
11369
11362
11384
11399
11401
11397
11398
11385
11400
11351
11387
11359
11351
11366
11387
11335
11339
11435
11388
11368
11371
11370
11364
11413
11352
11363
11418
11399
11383
11423
11363
11390
11450
11397
11388
11415
11403
11425
11367
11409
11456
11418
11434
11367
11373
11405
11388
11443
11446
11387
11455
11411
11389
11408
11391
11461
11419
11388
11446
11454
11470
11410
11388
11481
11457
11452
11440
11404
11455
11428
11449
11480
11426
11464
11410
11463
11429
11445
11446
11496
11428
11480
11419
11425
11480
11488
11453
11499
11482
11481
11497
11504
11486
11485
11421
11442
11436
11424
11420
11474
11520
11467
11497
11442
11482
11469
11502
11434
11452
11478
11461
11446
11500
11525
11516
11495
11449
11462
11512
11493
11462
11450
11500
11506
11539
11509
11459
11489
11523
11527
11472
11487
11465
11514
11486
11489
11544
11481
11496
11506
11501
11532
11540
11508
11542
11524
11566
11516
11483
11564
11511
11492
11515
11491
11567
11496
11552
11499
11546
11564
11524
11485
11565
11581
11582
11550
11520
11541
11520
11539
11550
11585
11532
11559
11573
11500
11508
11548
11507
11538
11550
11519
11583
11503
11505
11530
11567
11528
11570
11534
11581
11523
11537
11583
11570
11529
11592
11525
11587
11594
11606
11556
11605
11569
11579
11528
11544
11544
11625
11531
11619
11544
11591
11581
11629
11600
11596
11606
11553
11633
11542
11631
11602
11570
11628
11583
11628
11641
11549
11643
11559
11630
11585
11609
11649
11627
11643
11635
11587
11640
11624
11594
11604
11596
11626
11620
11586
11612
11612
11602
11602
11662
11656
11609
11581
11604
11602
11672
11645
11634
11633
11643
11636
11678
11673
11679
11657
11619
11687
11666
11646
11619
11612
11612
11654
11676
11637
11620
11627
11651
11623
11664
11607
11633
11637
11660
11697
11641
11681
11628
11648
11677
11626
11672
11676
11692
11691
11648
11718
11628
11704
11714
11717
11685
11655
11659
11639
11724
11695
11697
11698
11712
11706
11662
11733
11721
11663
11680
11714
11726
11735
11705
11662
11715
11706
11691
11678
11735
11712
11715
11730
11705
11684
11674
11708
11700
11738
11742
11696
11659
11689
11662
11685
11726
11754
11686
11723
11739
11679
11743
11697
11685
11722
11741
11766
11681
11742
11756
11754
11743
11744
11708
11695
11697
11753
11774
11741
11770
11723
11751
11747
11729
11789
11710
11766
11781
11781
11788
11732
11721
11701
11742
11706
11753
11782
11710
11723
11761
11731
11801
11808
11716
11781
11772
11802
11798
11795
11735
11736
11724
11810
11815
11748
11818
11807
11783
11779
11816
11822
11808
11778
11809
11745
11816
11804
11736
11752
11789
11753
11792
11826
11796
11810
11745
11792
11815
11761
11842
11839
11761
11821
11842
11851
11821
11763
11790
11770
11788
11823
11825
11772
11839
11767
11847
11791
11779
11791
11839
11841
11818
11822
11833
11856
11794
11778
11827
11787
11858
11795
11803
11807
11830
11803
11809
11849
11800
11807
11877
11888
11843
11889
11887
11882
11808
11854
11807
11809
11803
11818
11834
11809
11806
11901
11892
11851
11892
11874
11838
11815
11877
11843
11862
11825
11821
11885
11849
11841
11901
11825
11917
11899
11892
11888
11922
11909
11890
11898
11900
11852
11912
11905
11835
11930
11883
11919
11848
11876
11854
11865
11904
11929
11926
11884
11848
11885
11871
11918
11912
11893
11862
11948
11901
11931
11890
11907
11913
11919
11918
11889
11956
11895
11890
11895
11899
11963
11896
11900
11963
11940
11915
11903
11885
11913
11955
11876
11883
11949
11915
11911
11906
11962
11907
11910
11891
11924
11952
11979
11906
11891
11910
11978
11982
11916
11918
11965
11982
11964
11935
11994
11922
11909
11957
11903
11956
11910
11987
11950
11950
11988
11938
11948
11920
11952
11964
11917
11994
12007
11941
12006
11995
11921
11984
12019
12009
11981
11972
11966
11954
11928
11969
12018
11987
11971
12020
12032
11976
11992
11991
11999
11969
11944
11995
12034
12032
12019
12042
11972
11964
12020
11992
12020
11972
11974
11988
11957
12007
12014
12055
12022
12041
12057
11991
11996
12034
12042
12007
12054
12011
12002
12000
12018
12045
12024
11984
12001
11987
12018
12048
12062
11983
12002
12069
12060
12052
12012
11989
11989
12071
12011
11989
11992
11997
12090
12022
11995
12045
12088
12008
12030
12093
12030
12064
12075
12087
12075
12014
12102
12083
12053
12070
12037
12039
12076
12031
12097
12033
12025
12025
12064
12075
12051
12090
12051
12034
12079
12114
12088
12027
12104
12074
12067
12051
12084
12050
12085
12134
12093
12053
12049
12138
12130
12070
12081
12080
12083
12138
12132
12056
12060
12104
12133
12141
12094
12153
12065
12103
12122
12135
12152
12098
12079
12155
12083
12143
12152
12076
12112
12075
12139
12093
12086
12095
12075
12141
12129
12149
12167
12148
12165
12095
12114
12101
12151
12154
12179
12119
12089
12175
12102
12158
12133
12103
12095
12177
12133
12184
12172
12141
12190
12108
12133
12126
12112
12148
12152
12124
12203
12137
12130
12168
12162
12152
12125
12118
12125
12200
12205
12183
12154
12119
12166
12174
12218
12161
12139
12153
12181
12205
12130
12206
12214
12196
12153
12152
12220
12223
12170
12192
12164
12229
12216
12156
12199
12199
12193
12161
12157
12205
12213
12176
12241
12208
12223
12162
12173
12181
12234
12225
12251
12258
12252
12184
12168
12174
12203
12208
12224
12173
12189
12242
12210
12173
12207
12254
12209
12220
12205
12268
12264
12219
12215
12248
12276
12264
12228
12255
12248
12222
12262
12231
12191
12222
12263
12267
12203
12242
12285
12206
12218
12233
12202
12202
12218
12216
12253
12258
12262
12229
12286
12262
12222
12273
12247
12229
12222
12267
12243
12219
12270
12304
12229
12234
12251
12272
12257
12255
12285
12271
12299
12244
12241
12261
12287
12280
12281
12277
12334
12334
12266
12275
12269
12247
12332
12282
12318
12252
12329
12292
12298
12326
12317
12290
12332
12276
12299
12306
12325
12331
12334
12344
12290
12335
12288
12329
12358
12321
12364
12293
12355
12281
12344
12343
12289
12366
12369
12337
12344
12341
12311
12293
12295
12286
12310
12306
12362
12348
12291
12331
12312
12382
12317
12380
12383
12358
12340
12362
12342
12382
12329
12381
12329
12393
12328
12328
12389
12344
12360
12390
12385
12387
12368
12366
12398
12331
12325
12343
12395
12354
12390
12368
12353
12340
12415
12332
12325
12360
12415
12387
12347
12385
12345
12362
12375
12384
12388
12363
12407
12338
12351
12339
12366
12373
12441
12375
12431
12396
12431
12445
12422
12388
12375
12374
12357
12441
12398
12365
12446
12449
12381
12445
12374
12429
12461
12371
12434
12401
12449
12391
12419
12400
12462
12437
12393
12416
12423
12402
12450
12466
12400
12478
12463
12476
12391
12432
12454
12418
12399
12484
12433
12434
12441
12435
12446
12400
12469
12439
12414
12482
12402
12496
12403
12453
12476
12432
12503
12467
12502
12438
12424
12437
12501
12459
12459
12482
12478
12501
12508
12511
12431
12515
12431
12510
12441
12498
12459
12501
12457
12482
12436
12469
12465
12487
12461
12497
12531
12485
12526
12514
12448
12502
12500
12503
12471
12474
12480
12496
12502
12510
12471
12456
12523
12474
12499
12508
12460
12510
12528
12553
12536
12510
12516
12543
12521
12522
12532
12539
12489
12479
12478
12498
12502
12557
12571
12515
12547
12572
12566
12552
12513
12496
12580
12496
12516
12497
12583
12548
12509
12526
12510
12495
12586
12585
12530
12536
12524
12496
12513
12584
12549
12564
12595
12549
12565
12562
12583
12604
12507
12535
12573
12552
12591
12532
12581
12604
12578
12531
12612
12546
12550
12547
12607
12556
12551
12592
12622
12608
12614
12564
12531
12579
12565
12609
12549
12547
12619
12578
12633
12580
12607
12583
12579
12634
12549
12587
12577
12621
12586
12628
12600
12569
12632
12618
12620
12614
12638
12603
12638
12642
12580
12562
12621
12604
12614
12651
12652
12639
12654
12646
12592
12620
12581
12610
12598
12578
12654
12616
12646
12628
12659
12595
12614
12601
12654
12677
12621
12653
12652
12664
12647
12606
12678
12657
12690
12603
12675
12614
12684
12650
12637
12693
