123
146
174
136
119
104
123
126
168
199
145
108
141
122
196
131
194
192
188
131
172
167
158
115
119
171
196
157
143
113
184
128
192
173
113
152
114
168
153
193
111
134
156
112
103
126
176
164
132
113
183
165
109
115
183
117
106
165
111
106
153
190
180
117
159
103
148
149
183
136
127
173
130
192
135
137
149
123
100
117
195
111
148
200
157
164
151
190
166
135
114
161
195
116
121
152
125
193
185
118
151
124
125
167
123
150
200
163
164
133
183
120
104
154
179
115
192
137
133
140
141
162
142
171
143
119
170
149
175
167
146
174
188
181
157
165
124
119
196
100
170
142
152
109
183
161
122
116
103
161
174
148
198
163
179
144
162
196
125
121
108
113
190
153
165
152
167
199
169
149
115
188
116
129
162
169
101
143
176
150
134
167
184
177
172
167
176
117
198
183
177
149
159
167
183
113
106
134
144
144
169
180
162
180
154
118
119
123
160
101
160
180
170
100
133
133
131
106
150
118
191
138
101
137
113
128
196
176
112
137
163
152
156
183
183
120
152
182
180
175
181
130
154
132
112
139
199
175
152
119
151
148
128
181
170
168
155
140
138
155
124
141
127
141
113
176
159
119
132
168
143
130
162
136
195
195
124
144
140
115
176
147
113
138
164
181
109
112
148
185
154
102
135
188
106
191
135
150
185
137
167
141
129
174
135
142
126
141
103
148
104
175
147
109
102
183
126
125
138
197
156
179
127
165
156
196
192
183
140
181
197
139
158
158
103
190
197
117
180
175
115
122
153
149
176
135
126
120
146
174
180
138
102
198
180
146
190
159
119
163
186
182
142
103
195
172
166
113
196
181
149
127
121
126
149
155
189
197
147
146
137
190
179
150
145
145
172
172
133
175
173
186
136
167
135
151
148
172
158
109
181
162
110
169
131
146
119
187
158
653
507
661
562
791
578
577
680
626
576
651
595
754
680
567
587
774
715
718
668
707
645
701
654
584
561
626
558
638
755
696
733
724
612
618
758
692
651
797
517
792
712
762
633
699
614
716
751
745
783
539
606
610
650
720
710
764
698
751
699
767
784
703
704
690
774
553
524
758
603
676
605
729
597
776
536
701
548
761
504
518
644
619
698
645
634
621
679
791
507
592
766
651
783
614
650
564
778
639
754
723
561
710
797
793
662
586
708
520
778
684
717
681
747
762
539
683
531
663
514
631
614
782
791
747
565
698
630
572
622
712
588
689
665
584
671
607
553
510
525
582
684
694
515
549
679
708
512
669
789
583
722
748
533
764
658
517
729
786
697
692
550
766
555
659
672
526
661
526
778
715
694
594
527
597
509
530
561
574
569
645
561
537
767
603
548
667
786
597
545
523
509
787
656
572
558
514
514
501
735
664
655
646
733
683
750
680
762
509
598
749
769
603
663
634
525
756
514
590
596
773
723
502
645
576
604
553
632
780
783
652
611
741
635
528
639
647
628
768
506
769
660
637
624
511
722
549
695
595
698
672
764
533
501
754
602
681
547
517
593
556
763
541
636
661
658
786
763
543
612
704
688
663
636
562
600
663
564
590
558
555
619
672
555
601
732
634
577
512
762
546
667
723
552
701
595
643
690
635
520
657
600
538
595
619
514
673
551
677
558
755
711
563
568
647
620
702
571
720
620
613
577
746
624
595
766
550
678
602
767
616
798
753
691
654
770
786
769
577
693
566
704
664
558
761
698
673
535
728
639
705
749
642
740
763
567
534
505
692
762
580
702
674
685
784
741
598
764
737
782
658
686
741
556
522
784
798
641
682
617
790
667
758
502
769
711
556
785
697
726
509
718
789
799
524
656
593
767
792
591
697
518
760
636
766
606
745
640
592
634
706
720
793
620
604
713
762
694
669
738
574
535
562
529
631
505
773
528
599
562
545
521
689
532
736
680
669
659
767
743
679
690
582
663
622
793
716
514
780
755
538
742
720
737
540
617
646
679
797
721
739
722
534
681
573
638
511
735
798
591
748
546
580
582
720
659
714
775
586
746
656
735
658
514
606
588
515
787
676
751
597
570
673
713
672
792
579
511
757
771
629
579
593
514
617
747
715
554
577
790
519
582
546
720
721
536
578
544
573
675
740
656
648
656
621
666
732
557
716
648
757
710
625
735
664
709
696
732
719
512
799
765
599
562
529
543
758
646
619
514
791
709
521
698
597
793
625
788
662
760
510
782
703
619
660
712
762
677
773
532
678
656
694
777
533
501
738
751
526
758
638
730
759
618
544
533
529
561
652
768
575
748
638
777
754
533
784
706
799
554
564
536
717
566
661
668
718
720
645
599
760
609
776
709
719
532
650
533
740
691
742
783
734
688
787
667
586
504
526
748
604
759
661
763
527
633
702
653
506
540
574
546
787
625
782
538
746
794
531
597
589
730
727
520
628
619
653
559
692
649
736
616
562
516
718
775
698
574
655
751
706
562
610
728
795
703
684
540
515
505
694
595
778
578
733
586
687
686
600
534
607
574
572
587
686
687
509
630
573
781
559
614
715
543
696
602
595
576
503
638
665
524
675
646
673
653
765
633
513
547
525
637
620
631
551
772
514
667
519
586
748
662
621
628
557
721
646
713
610
744
596
768
594
714
770
724
602
589
784
564
769
606
781
573
652
524
528
650
575
591
500
527
770
674
632
635
606
791
657
688
648
574
636
652
525
618
503
644
559
601
567
543
732
676
611
722
663
544
728
716
589
565
730
643
512
778
740
548
629
725
748
606
602
714
547
771
581
689
598
525
571
740
520
744
728
613
696
691
564
774
573
624
628
515
797
669
781
592
730
653
588
791
760
705
675
569
788
771
758
685
636
512
774
674
701
505
560
632
636
653
707
648
506
664
573
735
604
573
690
578
691
703
600
682
621
720
573
596
620
740
577
777
677
776
704
751
705
512
595
696
709
518
543
543
639
689
683
621
504
744
584
738
797
505
755
529
660
520
653
791
642
638
663
596
512
644
706
787
541
518
546
742
593
748
578
699
659
662
654
577
525
775
622
603
516
769
705
766
706
502
770
732
798
787
664
586
509
713
785
522
515
709
632
594
753
561
568
648
739
541
605
586
616
795
565
576
674
726
509
734
710
755
677
681
771
666
747
763
689
703
791
503
527
506
605
563
609
588
505
662
716
713
704
750
625
611
550
607
753
588
756
788
775
558
732
742
795
717
569
761
655
726
621
505
749
644
730
528
580
506
570
775
716
635
665
592
541
790
501
775
519
627
539
669
752
623
796
693
676
655
561
614
793
533
723
605
690
742
629
579
683
701
790
711
562
588
797
799
597
794
612
612
768
739
563
602
582
726
663
508
642
597
633
529
555
792
523
567
506
678
539
758
589
754
742
785
515
587
652
539
548
519
541
648
665
554
779
761
632
746
551
736
508
798
618
584
566
705
573
616
797
576
519
797
565
611
555
543
741
698
604
615
639
691
590
729
706
595
724
714
644
602
537
766
533
694
688
604
502
542
640
705
526
585
741
661
601
608
777
608
588
550
694
612
510
687
746
543
592
698
610
739
514
677
598
779
517
600
650
576
526
639
787
735
585
733
543
566
572
748
536
732
616
584
501
654
743
669
553
687
569
536
517
773
663
564
617
574
706
789
621
787
765
788
784
792
706
759
703
589
764
680
620
614
794
676
658
542
751
674
782
785
609
609
689
539
701
664
601
636
625
692
633
751
666
681
540
678
627
732
738
757
707
644
759
598
573
512
681
703
500
531
618
635
757
768
783
635
650
668
749
512
689
512
676
611
539
505
590
795
586
689
521
757
582
634
776
502
770
563
780
552
636
520
502
660
641
797
798
658
670
512
790
791
562
580
600
633
798
597
585
572
781
582
551
655
643
705
567
722
520
630
512
779
631
794
548
667
560
549
698
588
786
637
685
773
539
637
739
766
501
768
614
727
618
763
596
718
638
778
706
647
677
587
566
654
515
601
582
708
658
580
646
727
668
656
650
584
703
797
779
571
743
714
702
603
687
685
620
708
667
681
640
689
539
644
791
633
772
707
565
617
572
790
713
622
692
526
671
539
582
617
748
621
624
583
532
667
577
671
735
549
569
618
629
776
677
692
523
634
555
757
765
561
704
789
771
799
648
652
603
587
670
540
559
517
627
681
667
512
523
699
678
585
708
779
740
682
721
559
776
674
778
754
739
545
741
655
544
548
689
519
675
626
761
594
767
594
674
523
563
663
543
519
789
539
552
504
782
767
612
512
795
596
661
752
724
718
679
593
533
710
517
738
724
635
692
722
542
797
658
558
610
705
719
754
772
685
785
731
534
738
780
682
611
551
552
523
572
665
544
760
748
671
681
530
658
608
576
686
508
693
652
687
605
715
747
596
541
518
504
734
768
634
649
690
724
618
567
784
723
662
560
582
672
604
686
760
565
508
747
590
573
667
612
553
723
710
579
698
713
502
685
586
699
667
541
730
542
700
797
632
687
636
797
709
520
734
708
797
771
566
673
590
642
516
539
777
747
523
510
645
714
520
673
530
629
678
509
556
733
562
705
741
743
509
795
618
790
504
728
553
708
748
586
515
695
506
717
571
693
639
508
741
552
733
764
787
783
598
545
623
640
612
649
735
515
671
684
776
586
790
630
708
576
743
616
534
583
639
526
697
718
749
568
524
793
710
747
697
573
575
781
671
515
608
753
571
765
582
754
527
616
570
515
566
703
771
624
641
703
526
513
653
651
726
774
672
631
650
598
713
650
689
600
756
766
593
613
542
543
712
669
620
754
707
747
661
562
676
657
719
550
603
643
791
551
735
745
594
601
745
582
663
699
518
711
558
761
571
644
644
726
559
779
713
527
771
718
795
531
544
651
503
669
634
656
738
764
786
629
650
542
571
538
780
544
611
773
559
522
603
586
792
503
754
729
798
675
752
588
502
692
763
628
709
579
698
630
684
761
558
784
751
685
726
650
625
730
784
586
534
708
584
592
735
791
680
578
781
756
576
679
682
536
697
548
687
542
798
595
503
734
728
707
599
524
584
780
751
603
672
701
509
766
622
768
782
605
666
621
786
594
607
773
738
591
634
794
564
682
597
551
655
556
800
720
694
695
720
575
706
580
761
786
710
708
625
535
770
580
677
651
732
779
552
584
732
668
752
717
503
602
682
782
732
643
745
785
748
512
643
524
765
756
766
730
766
589
721
767
680
661
665
593
664
716
733
664
744
627
546
747
598
505
682
714
639
515
540
703
529
581
733
598
733
580
570
610
520
754
609
721
698
510
528
706
603
703
698
738
787
507
769
598
509
556
745
761
676
573
611
681
572
718
778
604
674
734
782
578
502
597
640
521
760
660
613
738
622
669
500
603
610
540
786
538
582
697
683
528
642
687
634
620
726
631
511
687
563
762
561
647
685
662
610
549
745
513
557
600
610
770
707
520
757
683
592
644
782
783
685
674
536
635
702
762
638
763
514
742
589
635
580
726
696
655
572
536
586
732
764
554
796
629
793
536
668
619
794
626
736
591
785
696
630
615
735
611
524
779
645
690
692
681
609
590
505
524
679
716
529
772
573
725
525
635
634
749
709
644
558
797
679
582
645
592
639
722
635
550
552
617
687
798
763
568
744
660
701
749
526
581
729
620
665
532
581
554
777
724
579
708
622
514
514
750
528
767
776
786
780
556
596
537
616
678
523
798
622
656
656
700
718
743
707
791
562
583
681
742
746
542
649
567
649
614
625
604
655
783
729
587
769
682
554
624
612
703
609
771
551
657
549
714
707
747
573
551
603
606
519
635
599
612
634
668
669
785
549
632
679
678
710
634
552
628
584
705
658
562
772
686
796
684
593
772
629
606
566
565
613
767
606
543
691
712
566
748
681
694
649
704
587
705
513
786
769
748
625
580
509
735
770
701
603
533
727
508
767
727
622
514
561
607
538
740
551
653
786
621
690
522
701
597
572
557
603
549
700
629
621
703
511
674
503
591
666
615
559
583
771
760
711
548
630
794
609
619
558
550
568
680
673
647
503
718
778
779
616
739
540
554
650
696
757
650
594
787
620
575
505
706
635
779
717
736
579
594
765
636
641
776
668
683
618
632
531
650
578
740
517
757
575
751
695
602
645
625
777
548
550
620
501
561
788
779
536
617
756
551
503
721
774
771
653
572
543
647
758
669
621
730
563
673
791
518
673
641
671
501
697
765
560
694
585
579
513
567
564
662
760
680
781
715
555
675
780
641
558
660
639
605
697
623
769
753
588
713
769
660
716
722
640
711
646
557
620
743
551
767
653
576
770
533
620
504
721
534
792
701
781
748
748
511
622
609
585
645
624
782
752
756
573
535
567
520
589
745
760
676
596
714
602
730
619
625
684
522
615
755
502
518
608
707
655
671
634
599
628
792
631
715
533
739
632
611
622
672
587
643
646
522
615
609
574
634
597
735
691
708
765
765
514
586
749
622
717
571
746
681
623
701
594
505
618
673
689
761
672
645
711
516
794
769
708
612
625
771
798
556
641
635
520
511
620
754
647
525
763
543
580
748
770
759
644
510
613
689
730
550
617
783
775
748
691
728
586
745
594
511
681
676
739
542
799
573
633
571
625
685
603
632
565
570
788
508
769
775
733
505
753
751
620
508
794
523
670
670
739
706
546
578
594
602
639
750
673
620
697
728
675
504
614
672
588
704
567
527
608
566
791
543
760
678
750
537
755
701
745
519
788
686
564
676
582
518
703
759
724
563
570
742
507
652
643
742
744
725
675
776
533
525
738
737
707
632
762
548
601
545
663
623
554
788
606
505
711
732
766
772
631
711
655
608
797
581
557
549
666
603
541
601
574
613
739
781
678
730
515
552
624
795
728
755
764
518
716
796
628
662
734
678
701
748
531
714
789
590
671
615
549
606
690
567
695
589
709
765
744
662
661
523
736
756
634
641
732
605
650
635
796
752
739
765
501
579
783
507
752
782
651
752
536
548
722
559
749
743
685
753
558
735
736
550
504
525
624
658
779
778
791
730
523
515
542
705
701
678
570
666
532
763
636
604
794
783
654
520
764
742
660
592
586
612
543
777
742
572
701
800
560
579
645
501
743
660
639
524
719
527
605
533
642
659
560
735
588
658
540
748
744
634
755
697
544
708
748
664
553
769
725
750
536
707
719
655
619
583
748
529
627
700
696
608
778
659
780
634
639
626
629
529
719
549
535
794
681
555
688
594
555
778
639
731
511
679
760
737
799
733
606
724
783
685
678
674
589
691
576
759
526
626
545
732
654
731
653
746
753
688
780
750
754
618
757
713
548
514
670
767
670
616
671
576
699
691
782
794
591
744
798
627
655
586
688
501
640
585
755
530
591
718
659
582
668
579
550
750
527
634
562
798
517
536
762
570
712
508
524
735
742
637
776
513
758
800
637
608
572
508
588
535
614
756
789
518
687
705
646
572
795
636
708
594
776
621
772
694
727
728
705
785
777
795
656
784
551
761
512
676
659
623
648
787
621
618
754
589
629
504
596
580
768
788
682
707
683
659
617
682
751
737
752
658
594
766
558
674
581
691
594
675
641
578
789
524
564
787
636
767
609
524
701
521
762
781
572
707
510
650
505
620
667
552
515
705
603
577
611
733
553
510
551
720
642
597
787
648
680
545
596
598
711
683
665
768
760
543
605
651
704
774
545
648
600
694
564
576
731
582
529
796
730
652
524
766
709
553
512
575
717
752
587
767
540
671
549
576
789
528
592
693
711
567
519
543
528
556
774
795
710
676
731
670
763
660
737
728
598
751
692
789
694
708
745
534
789
708
692
663
668
551
721
703
708
778
759
650
719
730
577
748
736
727
696
527
547
545
771
549
601
588
702
714
550
719
552
711
732
705
589
630
749
776
729
590
555
743
548
695
773
765
553
758
760
694
709
778
781
693
587
543
621
791
702
798
680
740
756
571
624
795
555
647
531
680
684
666
661
750
550
692
558
759
597
579
590
663
540
750
545
581
733
602
675
544
538
561
699
573
780
572
610
551
618
176
177
104
130
163
131
134
183
147
145
117
160
198
130
145
110
166
200
139
156
200
168
178
159
190
148
128
114
195
108
151
165
157
135
102
176
140
141
144
150
141
192
105
132
152
190
166
126
190
164
104
158
135
184
162
164
132
144
124
191
194
100
169
152
142
168
146
170
101
157
168
187
164
154
137
186
145
111
188
111
146
139
172
174
134
193
188
103
145
127
121
117
122
141
181
140
170
135
178
198
174
182
175
171
181
147
197
101
191
198
197
117
136
130
161
166
184
157
124
146
114
119
101
131
148
191
153
180
190
159
142
135
127
146
151
129
102
150
122
134
135
142
113
124
124
127
161
170
113
199
131
182
149
107
194
121
158
166
155
117
110
120
196
134
143
165
156
180
159
156
139
122
179
163
100
168
115
179
111
160
151
191
172
135
173
168
118
176
194
138
107
189
182
170
155
118
115
173
125
193
188
153
194
158
140
185
108
118
175
131
109
200
184
167
176
110
131
130
189
133
196
120
116
108
116
139
173
178
146
156
719
666
512
554
650
592
754
646
506
651
631
638
540
625
649
717
532
609
665
595
598
553
528
753
776
549
664
625
738
661
796
648
735
587
531
559
541
784
782
690
631
588
594
623
768
614
535
544
725
704
643
785
617
770
795
736
738
745
543
509
771
724
555
707
721
634
694
589
704
649
555
763
761
734
796
519
628
572
652
696
768
681
755
657
796
643
705
648
650
766
531
618
551
576
550
523
549
628
712
755
614
584
593
737
594
641
663
692
652
693
691
651
582
644
682
777
553
605
597
684
775
775
766
599
559
547
796
793
653
548
542
535
587
564
573
585
629
604
684
512
607
769
575
774
525
705
666
714
793
575
605
518
547
560
507
652
599
767
517
676
514
693
587
638
522
620
734
581
663
784
628
643
746
775
601
521
727
766
575
661
735
512
552
719
768
642
565
546
750
524
726
658
693
659
500
774
642
516
775
757
514
561
785
682
603
535
570
539
670
576
584
785
750
555
641
622
633
595
760
621
528
613
709
715
635
527
763
653
571
593
769
787
693
702
573
658
720
799
613
783
614
707
750
584
568
668
601
725
693
710
656
778
701
673
632
752
647
548
669
575
586
797
663
657
526
689
542
508
567
662
634
739
762
716
573
659
578
675
534
682
606
672
751
718
740
731
792
590
726
626
706
680
691
590
700
765
569
722
639
751
642
641
754
561
748
541
614
759
688
781
748
703
503
640
545
729
665
589
694
602
575
629
661
659
664
668
621
530
502
624
734
557
739
640
603
741
603
528
727
568
599
647
797
773
620
514
524
710
756
657
794
781
524
783
690
549
597
610
562
730
673
679
606
709
763
683
564
627
635
705
689
664
761
606
750
666
620
599
719
673
683
704
604
656
702
686
635
722
740
526
653
513
521
598
524
633
795
611
658
635
582
551
738
721
741
502
647
588
657
509
710
526
775
565
761
500
587
658
717
673
767
558
738
536
761
640
524
755
692
732
512
580
516
778
730
510
655
559
590
678
722
555
633
597
511
569
511
757
783
547
709
531
577
597
566
708
592
637
711
561
599
511
611
679
708
676
587
731
528
769
572
701
669
735
560
634
532
669
671
517
581
550
656
712
529
638
690
718
661
537
620
753
550
586
533
743
668
591
678
691
686
782
753
504
783
621
740
562
639
566
528
571
736
619
767
577
659
629
791
590
559
648
597
636
505
503
523
692
642
584
565
785
551
750
522
735
642
505
740
792
581
645
584
680
566
721
545
539
512
699
646
534
677
656
682
500
767
517
699
773
538
681
767
668
703
534
663
766
787
654
644
752
597
624
639
716
561
760
518
541
562
795
540
776
516
614
655
786
714
650
501
746
519
780
533
703
652
785
635
533
507
524
737
649
530
704
512
567
740
676
553
551
682
674
796
721
524
728
652
739
784
753
583
544
627
745
585
609
574
777
545
648
612
628
504
704
777
558
647
680
662
603
774
716
565
538
751
533
624
638
751
672
570
742
707
632
521
629
681
578
748
760
530
651
582
656
699
639
755
783
647
583
780
769
744
770
509
545
596
687
637
759
614
527
611
616
718
696
500
622
725
595
790
770
550
695
657
585
575
794
716
528
759
779
621
519
675
796
755
605
729
551
543
791
739
685
597
616
692
518
570
583
593
619
605
714
614
524
652
565
520
723
664
651
612
638
556
505
705
547
602
562
626
769
511
739
584
743
500
517
518
580
728
659
690
597
535
713
641
656
605
555
528
755
743
622
521
745
693
543
759
749
571
504
536
636
620
555
511
635
717
602
569
778
628
701
694
521
698
664
650
785
646
690
701
795
781
772
513
764
615
627
682
506
752
613
622
766
615
702
570
698
509
764
598
502
684
663
530
625
570
612
660
714
566
621
556
572
785
614
662
672
614
761
784
625
577
676
609
794
654
518
656
568
541
767
664
789
623
672
555
731
646
647
610
682
649
644
540
527
555
593
753
784
580
546
792
716
796
540
788
702
614
767
525
513
514
556
559
770
716
545
506
728
750
584
560
738
690
562
640
530
643
697
584
540
546
711
569
745
680
636
769
609
748
709
560
730
626
763
569
529
513
760
507
614
795
781
553
535
667
583
633
526
779
780
677
777
573
596
580
619
705
632
796
769
756
574
770
582
546
640
708
602
735
796
675
798
587
668
579
782
652
501
590
699
598
543
651
623
753
678
740
673
561
769
684
550
566
673
611
648
650
750
557
599
539
679
714
711
776
753
790
768
591
768
591
719
595
637
722
680
565
542
587
711
656
611
799
672
593
525
795
774
661
582
555
654
599
625
623
518
585
600
585
525
682
660
750
732
560
715
509
689
749
541
796
657
522
631
557
561
761
730
758
676
735
599
723
543
788
629
611
595
585
526
522
789
666
633
592
785
583
564
616
668
551
585
520
583
691
638
728
574
576
789
687
597
650
506
610
578
693
625
626
786
628
550
592
687
505
657
655
743
710
720
702
772
755
649
760
666
560
760
743
538
755
760
715
633
692
557
711
663
733
720
735
623
565
532
565
788
784
691
610
536
740
772
742
636
739
555
601
508
540
753
736
786
631
742
706
765
537
658
644
731
549
558
649
753
584
590
634
656
619
705
633
532
761
578
530
617
772
787
761
785
700
677
598
565
572
561
788
700
657
601
509
795
652
585
593
614
758
520
658
612
574
762
671
697
725
502
769
761
739
563
527
524
771
724
727
609
723
668
667
774
717
652
780
537
530
604
707
645
769
717
529
719
651
543
694
689
611
614
514
590
704
748
608
526
567
536
547
561
528
610
574
612
634
601
535
578
734
548
667
689
790
515
640
644
582
525
730
758
710
667
592
552
562
734
526
695
765
632
550
510
785
645
715
758
758
544
552
549
598
501
574
745
627
788
756
615
608
694
561
687
570
797
671
647
503
706
720
540
711
597
679
733
545
579
642
668
560
550
542
646
579
729
746
788
554
529
715
526
744
730
691
580
645
682
725
593
638
671
629
587
624
553
684
761
522
788
698
747
523
734
561
718
724
673
631
781
747
697
656
610
600
751
581
503
742
591
645
625
601
612
701
626
744
614
772
514
693
507
543
731
672
529
596
687
779
530
520
761
642
614
509
631
791
639
707
626
657
529
674
724
705
688
733
738
587
746
571
720
521
561
690
657
515
767
751
542
580
566
687
521
727
735
547
605
718
627
716
693
619
543
562
581
512
552
646
677
591
548
547
692
614
711
597
632
761
575
611
537
578
500
521
761
662
761
785
798
743
737
736
706
660
761
664
676
761
575
692
527
734
578
699
623
673
743
761
798
785
755
687
595
780
784
587
636
521
763
566
631
681
726
556
766
536
518
599
792
657
580
506
788
641
635
752
716
525
535
606
711
533
640
728
757
531
708
793
727
763
743
757
755
515
657
709
511
715
637
660
784
639
576
732
603
795
640
745
723
637
720
638
731
568
578
720
753
602
572
739
657
537
658
682
621
702
524
515
679
617
575
638
518
525
707
587
609
788
739
501
654
774
751
714
521
630
593
700
600
678
708
637
618
587
508
633
611
611
612
640
506
754
726
563
599
789
693
731
730
797
652
546
599
683
661
573
673
769
755
547
665
594
555
523
698
629
767
567
597
690
610
713
635
748
640
506
790
570
751
705
761
751
778
776
705
681
783
792
786
745
501
511
633
576
567
699
593
559
622
688
711
627
590
605
543
616
527
796
732
513
563
515
750
513
652
653
629
559
769
646
779
602
639
558
536
622
682
627
795
777
654
737
739
708
685
515
768
684
747
581
536
554
608
768
549
617
749
719
700
617
780
611
556
708
691
594
592
679
661
720
787
667
633
731
533
600
676
655
625
504
716
662
713
717
606
523
797
719
749
502
678
505
621
507
585
571
647
642
680
640
765
667
527
599
679
664
738
743
667
706
652
667
623
763
737
622
538
679
711
650
762
631
549
625
783
784
647
632
587
544
727
747
765
672
728
526
754
740
728
763
685
628
637
565
718
748
663
644
672
741
639
600
775
662
676
798
701
784
547
621
589
755
533
559
791
718
626
632
768
722
681
517
769
615
787
800
534
556
630
735
671
653
516
674
783
703
776
665
668
699
685
717
665
697
767
782
682
560
776
751
631
601
733
666
633
550
767
737
517
670
672
594
524
551
651
655
594
657
658
612
542
673
791
516
517
728
575
714
513
735
790
585
509
715
732
633
682
694
789
542
796
588
717
523
707
514
611
541
578
655
599
749
769
566
710
534
675
723
773
638
634
620
540
735
559
525
635
535
538
529
748
632
565
681
799
699
740
537
733
734
744
799
708
761
735
556
703
662
688
701
520
530
613
622
526
598
710
683
733
777
649
566
556
534
679
651
699
565
789
576
517
667
763
766
556
666
527
764
570
621
688
689
711
548
557
566
639
585
566
680
787
678
586
642
596
592
555
615
786
610
742
747
777
582
730
628
726
749
673
575
585
677
649
727
758
572
574
755
781
697
506
557
510
550
513
657
680
793
611
530
623
514
768
578
633
610
761
656
655
680
727
650
672
549
519
541
745
542
626
656
728
788
588
739
501
671
625
704
782
515
675
678
788
751
798
637
729
647
536
760
592
577
514
698
549
754
791
514
592
644
613
565
730
795
505
552
591
557
624
631
728
634
524
659
748
555
522
754
563
543
611
672
740
601
686
582
635
754
645
691
684
527
697
769
717
793
619
604
756
598
718
666
619
608
730
617
664
702
727
770
764
654
578
504
577
625
537
572
726
505
690
682
659
620
562
523
775
544
544
662
504
673
637
558
713
584
706
726
692
774
773
746
537
502
671
727
699
724
511
576
660
697
610
780
511
690
544
563
709
761
572
636
610
684
580
663
614
618
741
683
521
774
627
569
663
555
514
787
583
610
545
507
608
677
618
742
501
727
550
760
634
601
579
614
602
632
555
698
706
656
728
544
746
567
546
724
586
729
714
751
522
510
800
701
565
666
735
794
794
596
744
537
615
755
793
624
622
591
748
518
718
690
716
573
630
616
577
732
701
669
648
753
635
706
657
764
704
796
623
751
501
706
624
715
535
626
515
551
660
711
583
768
667
627
677
720
666
537
755
777
578
734
775
605
738
673
527
775
776
740
684
752
755
796
614
784
742
563
552
766
656
787
531
689
654
516
682
560
746
697
520
567
652
624
524
792
542
541
587
542
698
648
729
763
759
562
607
594
780
660
771
543
528
720
523
643
705
652
694
705
776
676
757
532
761
614
715
532
669
504
792
603
670
525
661
682
646
641
650
560
615
592
589
604
593
580
570
605
508
610
797
526
753
652
619
734
762
738
564
799
642
683
763
754
622
766
534
635
707
756
718
541
536
516
582
516
711
615
761
615
738
510
637
709
794
604
596
781
550
729
676
714
590
654
506
582
766
712
632
632
696
799
727
780
797
606
649
679
634
686
743
573
632
729
763
522
545
684
629
790
702
561
765
791
590
591
710
527
519
750
721
660
791
717
542
635
661
592
666
126
182
148
113
156
153
116
166
194
151
181
117
166
136
120
197
194
110
165
173
156
153
123
101
107
187
188
180
176
192
190
100
148
136
130
136
105
171
120
135
140
196
176
186
124
177
140
121
195
143
118
198
180
102
114
162
186
189
175
191
122
165
175
161
143
136
188
103
192
144
121
126
156
152
164
120
153
121
159
159
101
192
137
168
143
143
166
149
185
175
199
143
145
153
102
163
145
179
148
139
165
147
184
129
187
122
103
135
169
135
159
118
148
160
113
168
178
149
171
171
120
171
199
162
158
155
152
185
144
196
148
187
151
154
164
198
127
120
100
197
169
126
104
164
124
165
105
161
192
102
163
177
110
168
103
111
114
138
134
151
119
161
149
135
167
160
148
121
155
134
175
144
159
192
155
176
140
146
175
131
194
110
196
112
100
120
171
112
192
186
189
101
174
120
172
117
133
119
147
163
196
109
115
152
166
106
198
135
166
133
167
155
155
120
184
156
114
118
172
186
181
134
127
171
183
147
179
107
109
183
116
149
102
133
195
147
192
154
118
103
175
139
102
120
186
185
125
165
105
184
158
147
121
158
121
138
186
107
142
141
108
156
138
172
164
158
125
167
156
143
137
155
163
198
132
183
173
181
118
175
166
132
180
173
131
115
155
105
171
184
108
122
172
199
131
180
160
133
117
171
158
160
148
162
185
141
172
151
153
122
172
128
144
169
147
132
148
123
132
178
188
199
197
139
181
106
163
146
174
169
182
108
116
179
142
112
111
198
167
113
101
132
200
125
177
128
135
119
185
112
132
129
137
146
126
156
175
127
164
128
108
145
159
169
186
148
118
111
138
147
103
187
130
107
162
178
169
129
163
187
180
167
134
182
117
105
130
196
162
156
162
136
128
200
184
140
188
184
114
121
197
185
168
114
177
110
198
198
174
139
161
171
165
186
190
158
134
164
106
150
129
166
183
136
109
149
141
190
133
131
128
198
141
186
165
124
132
179
119
111
163
156
135
165
151
123
181
170
152
159
184
703
752
779
627
537
541
682
512
515
751
613
675
678
693
761
748
667
559
605
635
681
655
540
535
663
521
560
737
754
651
718
579
780
717
605
596
638
633
650
545
707
784
705
513
533
682
704
644
606
714
560
727
600
771
687
583
695
772
504
668
728
581
746
606
785
592
757
681
706
670
773
774
584
775
603
553
541
505
749
605
700
690
599
728
795
531
657
601
726
615
549
689
506
778
593
785
723
799
681
640
521
592
615
790
611
711
789
559
602
723
689
633
752
730
651
763
653
514
741
678
757
738
771
731
639
530
644
664
611
669
573
743
536
583
692
551
645
532
627
646
691
588
700
678
692
589
753
543
717
545
743
683
531
780
781
613
696
672
698
734
703
740
537
736
613
646
629
586
785
605
638
550
713
780
684
586
564
638
582
690
686
768
674
769
565
568
684
646
694
611
615
556
627
796
543
702
759
669
616
634
695
791
669
741
544
558
563
738
509
550
736
638
776
796
649
613
541
629
545
604
547
754
721
507
665
705
688
513
640
795
672
699
694
686
565
789
797
726
582
612
758
529
648
692
771
541
576
693
781
671
644
637
665
774
543
694
775
642
664
709
702
683
585
525
508
670
777
623
526
543
524
730
637
596
584
784
792
683
709
559
795
716
579
590
788
649
730
700
674
765
695
634
781
579
536
502
554
639
520
736
593
702
744
631
511
629
562
777
645
709
569
738
796
650
524
635
591
793
580
696
727
688
574
540
725
547
519
580
686
554
591
679
501
641
725
749
709
681
744
627
684
698
717
554
655
515
713
575
693
501
723
546
595
769
633
707
669
615
798
595
706
638
538
680
704
525
783
761
648
767
577
516
541
636
613
746
614
696
538
709
539
757
507
735
601
629
767
518
776
574
583
633
602
566
772
694
619
795
749
676
610
560
626
687
777
704
626
775
598
595
600
735
714
667
775
712
760
694
789
586
506
756
597
540
639
736
650
669
711
685
573
595
600
581
542
739
729
722
630
793
771
675
703
721
604
507
711
615
691
733
645
719
641
600
682
741
619
666
749
524
708
611
686
549
566
527
631
625
521
595
612
651
560
731
573
695
788
675
579
764
515
552
737
608
773
733
527
516
780
760
701
630
646
772
667
549
656
597
592
679
681
704
766
558
705
688
644
621
749
645
565
640
792
704
637
789
746
643
731
611
532
528
511
740
511
632
571
534
733
793
609
692
685
759
511
722
796
767
502
741
637
625
706
569
701
789
765
697
685
569
776
741
777
559
576
505
725
558
553
626
644
522
638
589
676
529
640
588
503
776
542
573
552
694
668
513
503
760
559
554
725
627
589
655
657
704
563
779
731
797
539
742
670
595
600
742
709
759
659
709
627
575
783
530
601
644
558
578
655
686
519
588
780
574
546
649
719
506
594
611
553
704
657
651
710
606
778
546
624
672
597
797
698
773
715
782
521
712
575
694
646
532
568
737
678
799
503
582
525
525
650
568
648
617
686
677
580
752
772
705
572
533
648
681
746
503
504
768
782
683
566
537
603
717
692
586
655
715
614
628
654
737
598
627
750
547
646
571
573
603
747
578
664
681
566
787
798
678
580
539
698
565
588
727
665
523
600
704
570
657
783
770
688
606
688
691
669
613
771
737
754
525
644
634
689
622
757
724
627
515
721
725
621
630
614
779
737
621
622
618
676
652
798
502
661
564
626
509
601
598
693
628
780
781
637
701
746
504
621
785
593
733
554
586
764
527
750
596
643
788
592
752
591
720
584
625
780
650
581
689
686
725
574
688
783
739
695
678
595
633
536
632
554
797
691
787
534
613
702
632
609
647
615
679
748
630
556
750
626
782
617
767
542
555
640
508
757
729
624
653
788
594
680
551
508
606
534
511
539
555
787
507
577
559
534
523
754
650
565
757
537
778
611
581
506
719
695
539
636
572
508
595
762
529
578
606
570
792
585
588
700
557
626
676
579
557
645
799
580
564
672
583
675
658
622
753
659
720
616
730
561
742
561
669
738
726
654
779
772
773
724
751
757
699
601
505
692
581
628
511
523
591
502
653
585
750
738
562
542
755
613
703
614
774
609
774
689
532
583
501
627
520
763
766
577
507
547
715
620
741
591
751
555
657
537
507
572
742
528
715
524
545
629
786
619
553
741
705
572
622
562
680
701
543
511
751
522
510
552
636
547
526
626
670
675
650
683
735
766
665
516
595
706
635
662
634
773
798
679
713
587
751
643
632
623
701
720
599
576
544
709
633
605
611
694
800
557
628
742
689
637
700
509
744
652
577
761
769
791
610
748
604
528
537
714
758
673
701
711
618
712
537
744
674
609
546
528
745
796
659
646
653
585
696
697
662
578
598
577
544
517
549
530
530
634
669
509
635
509
550
537
675
679
705
758
790
560
779
660
723
682
643
618
782
537
725
527
621
600
781
562
674
594
624
712
563
648
692
536
769
799
715
615
502
744
730
531
732
718
694
658
637
621
558
687
626
743
525
633
743
758
766
678
598
534
647
626
577
733
676
544
735
707
527
736
739
699
622
664
687
557
521
713
557
669
646
784
564
694
650
523
507
648
775
658
544
593
610
799
560
732
617
719
540
690
517
777
500
650
558
505
580
582
594
519
572
724
693
545
711
740
648
796
602
739
576
690
794
554
527
717
570
643
748
561
594
656
594
715
710
689
717
709
553
642
634
568
548
585
609
708
503
506
674
703
514
800
570
749
795
737
797
582
573
745
764
619
669
754
535
781
682
687
613
610
686
569
617
522
705
700
556
750
776
638
581
554
620
636
702
616
770
618
570
732
712
539
705
525
720
673
539
543
799
523
731
605
677
578
783
638
676
715
631
724
675
511
790
572
522
656
544
651
526
777
662
775
793
503
757
789
645
735
676
777
606
505
561
770
533
791
708
569
755
783
610
631
781
548
748
662
610
596
794
501
718
763
769
709
625
769
688
771
751
759
599
558
640
720
682
740
526
788
539
650
589
596
644
548
669
783
694
657
717
663
609
689
745
602
741
785
627
763
658
684
598
760
533
710
513
694
549
665
719
708
785
636
618
679
605
744
750
548
555
754
521
636
524
555
593
536
755
541
572
613
646
581
719
653
723
769
501
566
518
681
587
791
730
622
696
522
795
569
545
800
744
557
618
718
593
683
683
789
544
633
604
648
784
743
757
564
593
773
784
728
731
618
729
789
758
717
754
646
568
557
607
768
706
505
699
547
752
688
557
582
672
527
650
585
750
690
767
543
795
743
583
610
639
659
666
673
523
666
685
795
508
728
764
760
610
514
611
651
593
735
740
603
550
657
719
713
520
694
561
609
791
535
615
599
780
551
623
696
555
727
765
534
655
718
677
670
712
666
754
600
766
686
639
574
507
578
561
572
500
623
529
557
672
759
662
534
596
617
532
688
721
557
728
520
577
510
718
785
671
722
799
665
759
727
791
764
580
551
713
576
691
529
620
760
699
776
542
548
615
676
587
779
507
696
772
518
618
554
741
504
616
543
572
776
736
577
722
635
633
587
519
526
792
773
716
699
540
767
798
676
565
536
504
622
629
556
541
626
553
554
798
699
565
682
696
514
618
705
527
576
753
712
569
637
654
728
782
738
698
564
719
689
603
547
519
773
719
622
618
553
750
743
658
785
686
719
696
516
641
706
614
682
695
756
735
745
565
626
697
710
636
667
632
704
616
793
662
598
699
594
552
784
506
513
601
600
656
774
800
632
582
603
742
787
737
547
510
500
666
576
504
704
685
619
695
601
731
523
656
557
578
644
768
659
582
791
763
633
736
624
727
579
576
590
743
764
606
564
509
747
778
744
548
529
762
584
777
753
648
752
686
781
562
543
516
666
651
650
750
554
752
510
759
673
738
558
784
606
791
740
530
550
643
610
674
506
542
512
752
729
722
718
656
557
505
536
655
655
692
575
769
591
688
635
580
648
537
649
732
548
550
795
796
773
589
568
779
526
777
784
633
642
600
532
561
721
739
545
617
772
792
602
785
521
627
633
705
561
646
672
582
512
503
755
506
669
723
717
787
735
569
582
725
586
719
766
724
708
622
723
736
630
645
772
627
527
695
716
595
621
647
612
707
542
586
755
661
614
672
593
625
775
693
564
583
796
782
591
764
658
739
710
547
683
774
623
636
575
620
763
663
678
742
549
772
612
565
698
705
763
685
718
633
601
725
674
704
716
727
653
733
626
654
665
606
620
531
558
551
563
671
787
782
660
757
562
679
638
503
640
597
616
777
605
565
664
637
683
654
517
715
694
608
681
667
515
681
671
765
644
685
769
504
763
719
545
586
581
507
727
792
701
722
600
781
784
696
522
794
517
590
688
674
658
538
636
548
703
717
708
515
516
591
594
720
797
753
590
732
509
663
593
743
647
714
620
710
554
526
739
741
502
715
685
519
525
702
583
588
797
726
693
626
585
599
536
749
785
702
583
743
615
592
773
543
554
519
784
663
769
536
640
782
763
800
748
686
615
693
516
554
553
532
625
637
555
503
774
508
773
774
546
624
704
620
610
673
639
731
622
750
592
672
799
514
534
640
506
591
744
765
653
640
688
723
535
752
603
522
793
777
795
603
731
709
501
668
613
786
575
514
638
647
506
581
732
655
764
584
673
678
597
515
781
502
676
769
648
606
589
633
795
688
744
609
621
663
757
709
762
554
760
556
530
778
546
794
669
553
641
790
544
599
711
753
754
678
610
641
718
771
782
791
651
756
700
754
747
513
755
595
732
585
551
676
749
632
598
584
530
623
549
524
613
797
655
723
566
656
611
512
634
622
754
721
709
786
741
657
600
739
604
599
698
781
610
555
742
623
517
625
503
659
504
631
620
515
557
799
728
511
583
770
512
596
609
730
700
688
568
587
731
785
768
537
728
510
582
622
600
777
608
757
649
582
551
578
503
656
555
574
595
517
738
613
638
614
644
533
633
726
773
575
701
563
621
684
688
758
588
701
517
523
526
716
738
641
536
731
728
732
653
680
792
714
798
789
661
586
646
685
625
704
558
553
627
675
769
560
758
556
579
697
791
516
749
776
734
628
694
601
607
532
591
604
550
517
730
770
602
746
743
707
733
505
656
618
543
559
680
733
566
653
613
773
625
575
714
565
778
648
787
544
600
787
647
504
764
790
591
722
788
783
759
671
790
543
633
769
587
531
765
786
514
695
672
562
581
764
613
545
719
587
724
747
701
582
726
751
564
591
599
652
578
513
531
777
758
736
602
529
640
585
760
679
694
696
520
550
673
531
601
765
704
528
669
598
550
521
701
684
770
519
714
637
548
510
718
510
612
735
501
702
669
696
685
729
637
729
791
678
728
719
643
658
768
685
504
682
663
525
518
510
620
687
619
510
591
500
720
776
521
607
662
741
737
676
800
633
577
541
535
559
521
758
728
633
529
696
719
632
699
575
620
544
738
590
747
723
545
527
733
501
757
735
687
511
761
561
653
746
593
549
559
629
682
672
674
732
675
783
538
577
756
792
686
669
709
616
626
613
780
547
655
672
542
743
739
608
586
602
665
642
607
744
727
748
794
612
731
698
647
687
795
528
794
731
525
586
514
732
593
547
605
748
760
753
692
555
632
562
519
719
702
688
715
679
658
757
694
787
768
657
607
684
577
608
618
703
611
621
619
584
576
758
656
538
550
695
588
737
681
647
537
556
624
702
753
691
800
692
674
772
785
555
689
721
630
636
623
518
623
677
595
614
621
511
679
546
757
646
587
660
660
612
573
678
554
786
730
627
777
575
639
694
781
566
783
546
721
766
712
783
780
797
699
641
709
605
550
652
538
673
637
696
799
675
624
528
502
527
651
719
541
655
507
568
708
683
524
537
614
600
781
551
565
701
584
752
591
781
739
669
548
677
654
776
573
678
763
650
593
500
561
724
647
542
528
659
691
719
623
572
699
555
696
572
633
667
596
679
740
570
765
558
545
614
615
581
508
738
580
779
573
719
668
609
738
644
563
781
512
750
749
616
651
675
735
524
531
541
784
535
622
799
657
716
635
542
559
748
588
697
587
761
738
573
697
514
507
694
540
775
754
589
542
795
719
695
544
647
500
711
648
622
633
768
701
729
777
597
569
515
585
603
707
533
716
716
572
538
730
723
503
739
662
599
540
599
612
628
559
622
797
738
642
755
696
511
677
761
506
772
760
540
562
687
726
528
713
564
710
591
665
503
533
627
756
594
663
676
760
646
638
755
768
550
586
525
667
500
638
557
676
757
755
674
705
755
513
588
584
655
644
763
535
685
669
623
632
614
658
671
597
523
508
626
689
779
618
548
538
538
593
525
611
624
543
507
664
794
658
645
699
615
656
563
721
527
505
534
663
786
774
614
724
672
654
664
707
501
756
542
651
519
641
519
627
504
615
518
519
547
530
753
677
680
666
700
654
590
799
779
598
559
560
653
729
637
722
544
753
562
614
649
596
771
665
576
715
758
643
788
564
717
693
606
783
733
763
554
541
629
785
692
635
588
596
685
733
572
691
627
611
502
550
552
579
502
792
631
617
739
623
575
739
584
699
663
622
791
653
653
726
565
514
586
754
665
530
663
741
746
644
621
679
774
588
657
526
708
509
590
598
609
770
595
519
636
667
791
762
799
623
628
501
521
502
611
692
689
692
568
789
547
548
655
615
582
682
600
514
687
556
649
551
573
554
507
670
727
622
687
713
741
779
504
753
769
503
596
674
773
623
785
642
710
691
599
618
624
501
575
737
751
548
781
632
657
671
556
549
569
770
685
564
607
771
594
577
504
567
662
724
620
527
648
579
664
718
754
724
756
561
746
655
559
594
792
531
790
785
776
649
701
680
774
799
557
626
565
789
525
647
595
561
533
623
640
545
712
600
760
627
586
646
622
736
503
693
639
592
501
531
555
628
719
677
651
644
726
683
700
726
761
724
619
577
652
551
501
673
536
543
748
689
723
537
501
532
691
585
638
728
626
776
570
758
634
538
797
750
794
679
795
738
713
784
743
799
565
583
511
527
625
765
547
698
573
800
563
644
660
583
605
662
582
523
753
501
650
732
664
694
593
679
679
706
694
597
759
746
515
600
541
579
644
707
734
663
776
610
575
681
584
616
763
596
769
532
666
745
617
569
527
574
674
523
719
656
652
675
702
736
597
572
640
633
688
558
724
524
523
522
775
615
674
671
643
660
507
550
722
582
596
578
525
640
749
501
579
668
571
752
738
624
683
634
557
653
685
777
726
666
748
737
653
610
769
592
605
562
677
540
711
648
548
713
679
586
608
740
685
666
653
606
744
766
639
533
764
666
567
594
744
559
773
695
663
639
572
711
648
513
630
798
532
693
744
536
740
539
726
504
542
553
738
591
749
769
604
758
654
570
617
774
552
601
561
506
733
642
687
733
739
587
732
618
677
746
507
651
761
619
699
702
646
793
616
577
666
601
675
580
786
705
720
769
677
764
701
756
542
702
743
571
758
747
796
629
526
574
678
616
757
571
584
542
554
663
635
646
798
742
714
518
508
674
667
676
545
664
775
702
543
559
663
645
511
665
755
667
641
790
701
580
579
765
699
781
659
521
635
731
786
524
518
548
636
786
622
634
638
678
632
652
651
546
710
560
544
721
665
718
578
699
694
602
744
538
590
604
665
501
735
674
567
684
525
671
671
794
587
794
692
615
573
647
558
654
534
562
634
752
784
777
533
785
760
569
774
612
562
522
508
782
797
604
739
518
740
598
632
636
586
563
792
680
630
652
660
656
660
615
564
529
574
656
630
515
729
509
739
652
643
554
564
757
695
533
675
747
506
657
628
686
501
527
526
578
509
760
565
732
509
623
759
546
602
568
741
540
620
581
690
602
504
602
625
780
537
653
508
793
511
541
725
566
789
675
650
715
536
535
549
529
731
598
621
741
592
787
608
509
514
507
661
722
788
718
754
566
754
749
537
558
794
715
742
617
538
742
563
756
518
552
608
761
525
692
703
627
514
636
659
554
534
569
552
549
599
519
527
574
626
535
541
768
732
672
631
657
761
786
586
579
609
635
120
109
194
112
158
130
181
159
134
194
169
164
127
124
146
102
200
129
148
162
136
131
130
189
175
165
103
197
108
105
113
130
163
165
182
185
112
181
180
185
168
175
195
112
113
115
133
170
122
146
156
196
122
189
118
174
115
193
153
106
186
108
132
106
131
103
191
133
176
166
154
125
185
156
102
167
133
116
183
174
114
187
139
119
138
135
189
156
109
196
138
110
172
200
148
138
140
196
111
173
104
195
171
102
189
132
161
129
140
118
128
136
139
118
172
175
171
147
170
179
149
181
149
117
192
165
140
164
112
168
110
153
129
124
165
126
113
143
193
112
105
139
117
130
163
154
177
125
173
111
197
136
146
112
118
141
130
136
165
181
191
159
173
180
109
152
126
140
104
194
196
136
138
130
146
106
178
126
104
159
143
126
198
178
123
163
121
110
186
105
156
200
179
176
184
147
113
116
196
182
106
120
150
191
182
167
141
192
184
174
159
162
117
181
101
105
113
104
118
198
108
175
107
145
150
177
103
175
169
145
191
190
184
157
174
113
154
147
186
169
120
165
159
100
119
148
116
181
165
180
166
161
153
145
143
116
146
115
139
183
170
190
167
158
136
158
185
176
187
144
153
120
142
120
130
174
181
177
187
142
121
164
172
123
136
145
190
117
143
110
155
116
149
176
143
101
175
106
160
182
173
100
123
142
133
138
158
156
151
119
129
197
159
128
157
165
110
168
110
127
116
137
151
139
118
168
146
167
153
123
194
111
184
112
129
197
198
152
139
184
131
116
108
129
186
111
153
166
146
182
145
161
166
132
119
145
109
198
145
113
198
196
135
168
146
109
156
144
102
144
119
141
142
159
160
104
128
105
116
169
142
127
159
188
198
108
124
139
148
146
143
182
106
164
106
175
742
544
768
625
786
784
649
798
700
550
664
522
610
655
541
605
511
525
710
512
660
617
584
710
739
633
559
612
791
741
520
761
573
515
776
765
589
581
756
781
596
796
714
685
566
588
641
557
518
673
606
501
690
594
574
505
633
670
515
780
727
662
607
569
663
702
603
774
780
690
624
578
724
718
751
682
521
649
610
789
579
761
586
783
722
639
516
746
676
563
694
780
787
760
579
573
759
534
717
505
510
606
501
694
793
727
602
617
784
562
508
778
585
707
588
545
555
603
518
601
600
627
767
791
778
734
689
547
565
770
652
800
658
539
551
566
624
538
679
550
647
600
584
772
509
759
542
614
701
700
620
757
714
746
632
520
609
602
502
547
658
733
551
547
510
755
534
709
722
777
682
798
776
580
745
642
596
533
536
706
623
502
737
707
658
697
580
539
705
540
643
544
705
563
664
616
715
760
752
653
754
709
643
682
696
744
669
677
584
514
600
636
700
606
672
570
709
761
772
705
739
527
574
716
660
670
695
712
689
535
655
636
549
579
624
603
544
665
539
772
749
606
501
561
704
793
589
701
728
640
779
523
765
552
685
683
711
607
791
725
579
582
598
529
742
663
739
702
521
574
708
547
571
727
644
660
528
658
691
754
629
766
773
650
525
698
512
654
795
776
671
759
706
600
631
515
666
662
796
744
743
578
526
528
586
784
715
634
737
501
732
682
641
625
688
678
509
667
619
555
592
623
786
701
740
612
696
580
508
647
584
579
629
616
659
729
521
535
738
660
523
558
716
710
534
699
665
567
653
659
529
767
664
763
553
501
582
511
642
741
643
722
564
653
518
777
632
518
714
790
580
691
706
561
700
534
563
757
711
603
547
588
562
630
788
787
597
618
717
506
648
798
652
703
692
791
733
765
695
753
563
505
543
534
784
735
597
601
546
511
663
769
751
524
525
662
675
773
735
514
708
571
726
620
507
609
711
722
651
531
565
569
597
526
781
680
537
562
505
579
774
614
764
755
695
681
722
587
795
787
761
710
772
761
716
604
644
712
701
526
582
690
723
755
547
643
572
609
662
683
776
764
581
800
702
505
516
748
507
763
593
542
704
752
514
736
726
757
753
638
776
775
694
549
727
673
521
632
799
567
551
662
755
645
636
795
602
583
695
683
742
709
763
688
719
652
678
682
768
506
720
611
500
791
543
560
594
612
627
691
559
653
677
576
709
525
798
690
776
642
685
650
667
584
691
672
534
510
604
547
678
575
515
750
538
764
627
530
513
758
654
775
583
695
596
736
757
781
783
749
749
525
765
516
515
515
787
766
683
501
539
670
724
529
741
748
574
797
629
607
749
627
779
696
514
752
585
660
788
501
768
576
697
785
580
728
504
649
656
728
594
658
607
771
778
714
749
694
751
719
641
705
785
545
587
632
775
689
783
766
732
760
798
584
688
638
790
506
792
630
741
650
784
553
624
790
626
682
670
768
529
612
722
521
610
773
594
785
673
792
554
545
626
712
728
658
644
522
719
795
582
733
672
514
758
664
592
641
630
583
797
633
614
518
621
611
543
642
769
533
790
566
532
652
718
635
616
597
506
524
738
602
639
678
708
699
679
715
746
629
512
534
578
779
518
734
640
615
728
647
685
769
657
715
656
695
564
543
794
735
713
675
701
699
658
663
555
596
711
733
602
745
674
755
717
733
594
732
696
605
584
653
642
507
781
783
742
800
715
678
687
721
647
532
727
676
691
796
668
656
501
554
610
614
756
753
516
745
772
542
564
747
753
513
714
782
598
681
699
763
611
757
680
526
566
749
722
718
712
687
594
696
780
762
624
645
507
718
509
613
648
550
694
744
711
647
534
568
793
603
791
564
683
644
626
660
587
592
669
688
728
512
627
534
677
686
694
639
518
778
721
562
643
588
525
562
513
668
775
753
634
675
594
622
531
694
752
546
636
718
726
580
781
785
791
519
790
693
742
767
596
580
569
643
563
707
572
740
654
787
669
793
707
725
761
761
674
783
556
517
545
608
686
554
573
640
597
736
583
705
527
652
580
792
511
747
725
642
606
630
707
641
799
703
506
593
659
671
593
743
745
689
617
778
779
779
509
700
651
583
610
718
741
560
723
671
725
533
556
591
604
755
666
588
791
708
644
515
628
615
604
746
766
632
689
786
503
639
553
774
699
531
539
530
734
679
705
621
523
540
584
719
509
551
727
696
684
726
719
508
603
507
636
562
588
710
598
528
669
771
563
775
566
511
764
644
771
741
727
653
602
645
715
795
560
785
793
739
521
608
782
545
608
704
778
664
588
793
508
769
699
740
794
663
563
503
704
682
653
728
639
602
657
629
632
778
576
786
675
660
783
766
609
623
687
610
787
623
733
631
713
644
732
522
504
504
584
705
597
691
738
551
678
618
678
766
701
749
533
784
732
699
526
644
642
714
740
760
731
649
800
705
609
779
646
721
776
559
524
763
702
675
570
647
575
759
673
692
718
500
539
513
758
543
615
714
695
690
769
687
560
641
759
711
532
764
659
622
737
594
650
654
547
621
701
551
763
709
550
722
668
786
753
618
689
733
582
530
529
578
653
769
578
783
527
634
610
602
626
630
657
720
554
558
564
550
541
503
724
707
580
535
592
793
676
784
542
586
775
564
685
760
618
554
530
691
517
702
610
733
647
672
606
656
523
701
628
738
522
585
647
606
509
743
769
777
578
553
592
697
691
607
596
568
613
523
716
722
568
612
691
635
615
698
637
593
600
701
699
520
668
607
782
740
677
577
778
653
583
765
597
741
507
751
715
646
577
716
599
713
718
569
740
568
712
702
753
574
572
534
666
517
507
638
686
584
585
637
611
574
630
753
716
591
670
645
635
732
544
793
595
545
753
525
699
557
735
573
573
554
652
502
532
530
778
750
794
743
743
760
611
783
506
787
567
545
587
668
578
509
689
522
643
676
758
556
537
736
656
668
525
590
556
556
571
542
655
558
705
791
698
682
592
500
566
631
602
701
522
580
693
626
757
642
789
581
782
607
529
685
593
731
642
627
580
587
576
520
760
593
645
738
773
755
675
608
722
659
719
674
642
614
701
511
597
707
525
635
549
552
564
573
769
735
534
766
664
603
745
673
653
740
767
513
563
734
569
707
743
546
714
530
613
533
693
734
750
507
600
500
611
635
770
509
548
705
572
693
581
705
716
628
567
608
690
571
783
534
799
568
533
774
574
738
513
660
786
748
503
777
620
667
673
794
561
574
580
697
651
788
589
627
615
535
520
663
612
736
537
739
569
691
739
715
744
611
533
725
747
678
754
712
654
748
702
578
695
655
683
755
509
652
545
550
628
586
750
603
596
710
682
771
637
553
558
560
614
624
675
519
785
719
733
602
648
720
732
575
665
645
761
618
763
748
702
560
544
651
703
619
504
590
681
770
757
624
664
580
767
665
639
758
593
559
577
737
752
556
749
787
570
547
569
662
760
692
668
530
532
580
511
677
542
647
610
616
575
688
680
517
515
712
643
538
518
573
518
671
691
508
545
576
705
742
519
605
632
533
667
779
779
545
655
653
595
584
735
632
675
518
785
691
541
745
765
687
748
731
787
522
634
679
731
575
761
635
605
757
511
503
711
633
505
587
751
738
568
540
685
701
571
617
672
636
710
773
514
743
577
597
518
643
629
517
652
564
586
745
543
679
568
578
597
622
698
630
785
729
701
651
735
800
612
784
691
506
653
742
715
567
678
719
763
649
638
602
553
753
653
708
752
594
518
653
564
596
573
650
552
517
714
640
662
609
765
566
671
755
618
668
796
788
685
777
731
797
561
794
701
759
541
718
683
580
649
551
510
529
643
778
669
525
511
707
529
649
510
617
536
555
674
504
548
649
614
744
603
574
575
754
582
798
750
687
648
667
630
692
540
595
689
545
567
573
515
793
740
507
663
615
645
686
571
734
523
753
788
525
560
614
779
646
618
571
583
756
722
757
675
669
520
765
762
504
535
724
728
614
509
559
769
550
615
512
586
624
561
584
703
573
535
710
526
577
680
582
679
597
508
783
640
629
501
582
764
650
561
723
770
619
563
506
767
594
793
792
635
755
605
557
525
737
661
584
671
639
759
619
772
779
754
590
531
713
718
547
593
588
504
614
623
617
532
576
602
760
614
788
653
665
728
599
631
592
556
573
734
719
572
696
502
505
793
651
687
624
528
625
686
566
548
520
583
661
747
660
713
547
724
765
799
600
749
586
686
588
680
699
580
556
630
645
709
666
532
644
518
754
512
615
735
676
691
505
555
506
742
749
552
571
569
673
689
794
669
670
743
622
793
756
521
789
788
556
752
687
524
717
753
729
744
739
654
783
618
654
554
716
707
588
504
559
714
691
686
570
552
519
627
596
516
561
700
503
505
779
751
556
563
542
717
673
686
747
555
715
793
776
502
574
546
601
729
564
581
724
607
505
614
545
661
575
688
790
529
618
603
604
727
684
552
553
534
739
561
664
623
750
759
764
653
620
694
751
649
590
608
766
591
713
650
559
564
759
728
544
509
760
682
536
750
678
766
560
566
645
600
513
744
602
783
524
726
580
536
539
541
741
695
750
562
741
665
565
583
573
754
737
631
740
656
798
657
511
703
637
563
524
642
555
636
735
508
535
573
750
745
661
538
609
606
627
574
791
559
567
694
681
700
774
797
705
671
702
762
534
612
566
506
621
664
573
706
634
627
694
507
730
531
692
602
799
654
701
592
609
636
716
524
528
745
577
543
772
518
524
669
628
636
784
618
683
777
765
650
796
694
550
672
522
559
676
561
728
576
790
784
764
649
515
647
532
634
529
577
644
598
539
538
669
708
683
646
787
603
528
770
506
745
658
735
798
661
718
577
520
639
765
574
740
708
676
523
651
674
536
768
782
727
786
719
687
715
721
602
749
605
590
734
775
500
513
639
564
778
615
705
756
546
534
784
673
585
584
709
772
567
618
751
560
561
738
634
625
550
554
749
676
734
798
581
758
606
697
748
678
629
718
785
751
760
789
635
644
583
617
694
745
629
680
589
710
763
581
636
748
748
707
786
522
687
709
688
565
654
578
640
545
592
532
554
684
688
563
636
602
553
520
717
681
668
749
622
704
753
775
706
749
676
567
510
716
789
548
536
632
589
665
651
791
797
603
648
667
705
797
611
783
668
781
796
642
641
640
716
662
794
784
767
509
534
690
527
594
613
626
522
689
737
777
513
778
700
508
626
564
648
566
751
736
631
549
579
660
611
725
779
588
737
625
771
753
662
772
691
532
788
505
647
501
697
510
616
564
557
673
653
556
567
556
760
728
546
708
775
713
614
605
788
588
789
656
683
748
691
757
783
551
520
680
713
609
573
589
759
504
522
523
603
749
615
580
615
561
642
699
521
576
505
517
755
732
606
741
671
692
658
741
570
666
554
701
656
733
519
588
650
778
593
641
794
633
616
607
648
537
558
559
580
593
660
557
691
784
619
503
714
754
782
600
588
519
600
686
695
743
655
710
726
520
507
573
584
572
551
719
540
760
540
501
517
793
730
628
706
641
736
632
733
692
643
548
700
705
681
696
625
602
507
704
637
759
518
780
748
757
637
589
546
785
665
779
529
800
761
557
725
790
730
709
606
707
608
643
755
569
732
510
649
787
701
684
673
728
567
626
640
649
768
693
612
610
767
722
562
681
734
622
754
623
549
722
509
525
793
566
742
586
674
769
755
624
569
768
651
708
504
755
610
635
577
706
673
734
749
798
602
546
525
601
703
559
571
731
597
781
689
774
717
613
545
643
773
620
798
584
782
594
717
581
660
687
502
572
745
582
800
637
704
668
591
685
649
528
641
746
636
669
666
681
583
591
716
544
675
501
550
538
523
795
582
563
704
798
551
539
748
703
735
552
792
795
779
717
645
578
793
664
681
670
612
527
773
526
627
604
539
721
602
580
734
795
501
