112
107
126
178
188
127
186
176
138
104
189
143
172
136
135
156
174
168
174
182
111
115
117
144
143
108
195
100
171
108
161
138
110
161
129
184
166
195
153
120
143
190
113
132
197
144
110
146
197
126
144
171
136
183
130
150
151
142
179
168
145
134
185
146
159
104
138
182
141
105
161
160
120
148
156
124
141
181
120
136
168
105
142
141
182
130
167
193
141
149
163
163
181
156
198
189
124
199
106
108
113
181
193
156
166
133
188
143
139
149
100
123
194
144
127
120
100
165
114
134
104
143
195
119
169
135
105
150
120
143
113
120
122
161
171
103
162
174
154
157
135
172
119
103
137
188
113
135
164
121
172
174
155
147
197
112
135
159
128
163
167
184
165
133
125
176
154
162
173
118
171
161
172
119
157
140
129
181
194
111
120
139
184
154
124
123
108
153
163
129
140
132
127
193
159
173
117
195
167
161
187
163
117
103
199
133
100
134
154
125
172
158
120
172
199
161
148
198
197
165
111
132
108
133
149
167
111
164
180
121
186
145
187
135
114
178
124
111
152
193
107
190
156
118
198
116
157
186
112
108
162
120
174
119
148
195
153
120
126
185
169
185
140
165
123
153
172
141
149
122
117
159
162
182
122
194
170
121
156
133
166
178
153
173
167
160
154
149
143
195
144
185
180
156
193
187
186
106
114
163
187
197
150
177
109
125
165
177
182
144
153
194
168
133
119
145
126
113
113
189
188
132
131
130
113
108
119
178
157
143
183
133
116
153
127
125
123
101
132
195
144
103
198
108
101
171
120
196
140
115
182
107
184
143
123
165
174
135
105
106
113
109
159
138
102
186
145
101
193
153
149
182
109
129
113
187
181
123
124
124
154
131
115
187
151
167
197
120
190
147
161
165
117
114
134
189
142
194
173
198
144
127
136
195
139
181
123
127
124
148
114
116
177
200
149
110
120
116
107
108
591
509
657
535
755
793
773
530
592
610
679
799
800
684
736
724
738
582
612
781
780
786
590
604
778
555
580
736
639
615
735
784
679
531
723
580
658
654
642
785
710
524
529
734
610
756
597
578
582
780
768
714
609
650
769
630
740
718
611
542
628
610
743
723
780
526
510
635
745
715
709
731
580
714
597
704
598
638
714
700
635
706
753
692
711
521
636
515
541
647
765
768
550
635
560
744
793
755
779
635
700
568
632
762
709
583
730
705
682
766
504
729
524
560
548
787
632
652
511
511
776
731
621
614
606
532
696
559
510
701
770
734
569
717
767
624
611
718
684
532
618
550
737
574
580
589
636
599
649
684
635
531
610
557
534
766
656
752
793
575
742
690
753
612
630
680
595
638
714
577
658
619
530
669
604
693
750
710
671
745
752
796
569
615
676
682
747
678
541
734
514
732
600
671
753
730
573
630
630
753
668
673
592
541
556
655
700
745
748
602
563
521
757
740
546
781
684
722
632
518
580
551
713
720
524
531
612
793
615
709
662
582
572
747
508
531
646
567
539
770
788
728
714
654
567
681
743
518
610
675
586
705
523
659
548
650
620
645
587
697
509
674
716
732
662
584
584
739
747
715
746
520
511
633
763
576
576
633
724
503
710
672
581
542
607
591
690
731
561
791
664
542
727
745
592
695
726
509
636
691
601
690
777
701
787
667
647
728
698
719
749
691
710
690
718
704
653
736
559
569
779
737
778
630
524
718
504
660
673
671
579
684
735
721
557
586
508
533
766
511
649
724
578
501
570
730
780
505
731
720
636
568
707
506
548
625
662
642
579
555
715
737
521
511
663
531
690
550
607
597
713
733
555
767
798
791
517
758
519
692
608
552
581
518
732
771
734
746
613
622
747
625
604
767
600
628
587
591
774
547
707
581
573
576
537
581
508
654
696
551
584
586
579
733
581
515
690
514
757
768
675
722
789
627
704
519
669
518
703
547
635
531
545
723
602
543
529
561
680
797
609
528
586
541
766
727
652
570
652
505
699
741
709
793
539
510
542
650
692
736
761
728
636
553
701
728
575
724
623
654
762
511
578
642
700
642
782
735
737
767
636
711
734
597
695
534
656
648
601
714
669
557
563
686
594
596
515
760
627
629
745
781
695
598
621
557
704
505
753
720
724
542
798
757
642
549
720
731
544
763
544
562
779
633
707
608
706
687
799
798
700
708
790
689
616
679
769
579
633
682
794
591
662
775
733
507
590
619
633
704
510
575
663
782
707
767
574
571
740
514
612
608
682
731
787
793
692
598
798
595
563
647
582
528
565
521
607
627
788
584
605
561
753
583
723
666
738
735
683
800
626
746
603
631
568
696
628
684
687
506
504
541
773
604
742
790
580
511
705
755
730
709
750
577
709
545
761
761
611
533
743
546
729
631
765
545
555
771
617
554
727
649
587
669
770
542
704
532
740
767
740
695
706
707
701
659
588
659
756
758
617
792
756
527
720
523
575
697
589
771
751
592
588
799
795
677
614
798
562
747
686
563
776
785
621
536
588
532
678
716
611
638
729
566
640
626
626
535
708
689
741
581
652
706
731
686
705
755
552
714
593
551
678
746
662
746
537
552
675
770
595
528
550
589
787
508
721
714
509
642
615
759
509
656
616
763
561
643
697
695
796
755
691
638
731
560
714
738
626
556
547
768
593
565
777
654
514
709
798
780
561
510
550
538
794
679
693
669
649
648
780
699
645
778
682
611
706
754
557
504
765
520
725
550
791
756
668
655
581
624
574
741
551
692
713
723
653
555
708
524
679
626
559
748
530
716
604
550
615
626
794
507
648
753
601
566
664
560
639
672
669
550
675
776
681
501
769
583
671
794
680
696
645
599
593
594
618
729
792
767
550
730
786
647
791
581
647
782
667
634
617
781
693
764
595
597
536
622
758
681
772
501
692
781
728
523
678
531
559
713
547
738
617
505
570
699
768
730
642
587
629
555
641
644
619
636
692
738
580
588
680
597
613
530
517
661
597
503
539
531
543
797
722
734
754
742
542
719
604
572
766
757
580
518
599
701
772
769
671
675
570
703
739
767
600
517
744
684
525
505
789
588
639
774
673
666
710
626
769
549
710
730
557
742
674
550
595
683
761
560
533
687
718
742
789
546
502
542
790
558
599
770
674
585
772
614
746
736
621
709
742
527
515
741
616
603
729
524
578
562
601
799
723
779
731
671
598
725
576
736
674
506
747
781
544
694
656
712
542
709
615
589
766
713
535
784
699
790
761
718
697
682
522
548
731
577
597
652
595
763
615
660
784
518
559
791
665
649
686
586
532
741
795
649
766
647
747
508
552
514
703
636
555
719
527
523
792
654
684
674
787
507
631
533
767
725
551
659
588
591
568
515
516
736
625
515
585
704
649
550
786
769
794
575
614
633
732
584
637
521
732
501
676
739
787
784
689
750
775
712
541
686
700
571
530
664
607
531
527
667
554
556
762
683
787
615
721
730
560
677
536
513
797
691
536
657
559
676
751
568
571
694
582
748
617
584
581
793
502
626
569
747
639
534
776
516
676
522
528
607
729
735
525
672
563
576
698
680
715
585
740
735
535
756
576
547
510
713
531
639
747
558
605
615
667
502
517
626
582
737
764
576
698
786
551
694
552
732
701
602
697
790
625
629
702
615
726
710
739
676
662
644
641
700
748
718
617
691
567
665
724
778
652
648
760
614
729
523
751
739
757
710
511
781
738
674
544
563
742
640
534
576
722
595
590
609
771
614
614
610
518
578
594
708
572
673
679
626
574
512
655
757
568
781
594
684
570
747
600
645
649
582
597
742
688
519
562
741
776
583
786
594
524
640
582
692
637
572
551
616
577
691
644
741
780
789
755
501
698
798
714
654
625
605
534
660
506
684
688
789
589
755
682
713
525
734
670
744
657
549
709
757
538
576
757
797
798
788
525
679
578
688
700
758
565
675
582
784
596
692
739
597
592
641
560
642
549
798
686
704
780
680
559
696
669
656
693
693
771
743
555
659
557
581
697
711
594
658
636
506
734
791
507
735
524
699
747
708
769
747
619
592
772
675
522
737
633
643
700
743
705
578
633
727
729
766
759
526
750
726
790
523
683
673
661
770
705
791
550
520
544
600
744
516
795
665
616
768
616
631
501
504
574
600
516
716
665
634
670
692
514
505
570
769
746
799
716
539
755
569
515
768
743
689
659
662
695
601
588
735
662
551
591
714
611
787
617
518
635
514
791
701
513
503
735
783
708
546
725
631
766
675
618
665
600
780
596
789
786
760
590
670
632
552
520
549
788
677
620
699
619
523
562
716
594
515
555
783
538
624
711
760
699
636
797
791
607
535
710
689
645
739
751
604
789
690
515
562
614
618
545
793
678
700
687
556
596
629
673
735
595
601
521
658
699
577
506
675
665
751
543
629
682
753
667
540
571
745
527
530
672
713
647
696
603
649
509
583
687
618
702
692
635
750
635
727
627
781
797
628
627
518
733
648
573
738
518
696
522
542
775
710
552
526
750
611
785
753
593
731
520
721
717
561
675
602
615
602
612
501
672
681
544
695
642
687
600
526
550
797
783
707
566
506
508
769
725
651
524
795
502
575
786
583
568
726
702
523
686
670
575
532
747
734
614
737
800
636
689
702
620
503
622
793
773
648
518
705
683
796
595
687
563
637
793
659
563
653
613
771
560
512
629
723
671
628
755
646
581
714
789
627
767
647
738
696
781
711
691
705
713
740
624
676
546
631
668
611
669
792
535
761
595
537
731
651
667
670
647
761
774
591
712
512
568
598
664
650
684
736
754
787
514
676
623
541
730
588
694
733
695
686
779
570
611
581
734
522
586
611
634
698
670
688
762
785
686
551
539
759
580
622
735
622
667
590
760
735
783
777
560
595
522
647
784
512
779
657
795
550
750
652
532
756
780
787
678
713
547
570
639
778
657
786
770
691
718
555
798
584
547
625
535
773
630
673
533
577
677
612
739
668
735
758
605
676
795
700
672
642
721
517
793
625
742
777
715
504
534
734
562
533
578
678
728
501
738
788
663
509
542
763
633
770
715
675
520
745
626
507
716
585
752
688
607
536
671
526
736
774
528
562
761
774
718
610
522
549
630
612
745
512
731
739
610
683
528
570
581
698
507
505
669
706
756
554
545
589
735
733
633
784
588
567
716
641
800
776
651
640
673
506
799
691
673
748
642
674
544
649
584
625
576
746
512
655
600
541
720
545
550
559
743
501
504
746
720
606
537
704
602
522
657
743
508
718
758
766
721
789
516
554
761
540
702
528
729
549
631
521
760
553
657
706
515
646
524
675
588
688
791
507
634
593
650
754
696
560
600
530
740
708
791
756
711
684
581
519
617
760
576
662
552
504
759
728
700
528
724
701
679
759
520
597
604
760
576
644
661
673
689
690
512
620
601
522
597
794
686
683
517
524
689
696
555
700
517
708
663
721
549
610
726
542
740
526
732
721
786
682
749
529
576
667
543
701
544
703
665
658
722
615
586
563
630
669
750
656
651
618
567
743
649
683
755
742
615
648
738
751
549
641
712
517
641
596
798
717
715
689
535
595
727
781
688
728
559
603
785
664
599
787
685
606
699
667
674
519
762
619
691
610
664
672
587
583
761
789
792
560
658
611
684
613
516
558
740
758
687
755
769
701
562
548
540
747
669
700
536
589
581
794
648
599
769
612
501
598
645
675
676
653
564
759
682
511
755
751
586
771
753
656
569
698
547
604
732
740
610
548
513
779
774
612
745
548
531
689
560
782
612
615
793
666
669
706
646
572
554
508
793
603
538
666
734
585
790
721
501
774
762
681
572
720
671
767
627
727
775
704
580
574
553
649
565
789
696
674
511
547
692
640
766
571
526
650
567
789
731
556
521
625
706
736
574
780
508
677
705
770
532
775
536
769
642
642
501
553
657
785
628
613
615
670
694
782
672
546
607
658
590
664
565
731
790
577
550
730
513
677
520
645
731
657
715
622
706
787
677
770
567
585
516
652
613
749
600
689
731
712
670
590
728
614
625
598
720
712
693
696
642
600
597
772
662
523
673
740
525
672
562
712
693
676
755
737
779
703
558
657
503
559
641
764
571
719
729
681
544
686
536
650
529
789
659
698
776
712
652
626
522
657
700
715
620
749
563
717
561
686
718
601
650
796
664
620
555
535
509
678
537
574
736
552
554
506
771
632
502
799
694
792
682
665
537
521
790
630
609
763
546
548
606
563
745
606
785
513
602
675
592
659
591
505
679
712
687
719
544
542
756
636
784
587
716
679
745
523
703
771
744
544
658
707
799
571
765
594
581
630
691
541
682
514
646
589
775
741
619
652
564
650
515
769
721
542
743
752
649
585
517
780
785
668
527
799
644
641
618
771
647
722
569
588
592
707
751
781
531
671
770
759
587
689
693
790
521
785
527
780
592
526
653
641
617
694
783
640
616
692
777
509
762
508
535
724
756
740
585
630
643
661
638
733
619
690
545
750
724
565
654
792
528
714
719
714
698
564
641
710
643
593
775
568
564
535
526
525
648
612
626
581
508
514
585
769
501
561
642
686
723
756
776
754
506
724
552
732
748
612
690
737
540
665
693
711
698
605
506
501
582
787
757
517
625
726
754
543
613
627
600
671
647
784
739
510
634
580
541
651
798
595
529
503
626
660
571
733
642
632
683
690
737
687
652
695
641
572
513
516
559
525
699
505
785
708
560
638
680
541
698
627
640
553
715
525
529
554
637
572
688
517
686
634
654
730
526
705
656
598
571
712
673
683
552
568
627
572
700
766
514
619
513
740
633
540
580
676
518
620
790
771
777
787
743
759
538
713
637
572
542
581
612
613
668
675
578
528
758
737
573
776
709
766
658
504
546
539
715
697
717
611
581
605
686
699
675
603
680
728
583
576
639
738
513
518
620
579
680
582
760
703
723
607
746
697
555
731
660
765
514
563
623
520
583
606
698
745
725
766
523
544
535
617
720
609
620
771
713
626
537
641
686
503
733
700
569
541
762
753
657
506
657
634
630
767
503
504
765
641
592
778
749
787
770
660
755
710
671
630
583
519
786
601
676
624
640
593
745
649
789
693
786
766
576
714
649
595
670
563
712
785
524
657
734
517
568
589
752
648
575
516
588
526
506
508
789
728
608
693
668
784
796
603
574
668
777
763
673
730
515
684
779
556
779
593
796
559
665
730
616
793
638
549
794
549
795
707
547
648
725
699
790
715
579
739
590
688
667
695
787
701
794
525
762
706
724
648
753
548
517
759
727
606
667
575
538
535
503
702
742
610
665
653
659
743
688
726
567
650
600
579
518
504
724
546
643
666
728
508
728
592
633
507
663
704
761
555
660
722
521
647
673
769
586
665
575
615
672
654
534
629
530
780
661
683
785
574
512
733
680
603
775
706
676
697
763
695
704
790
545
642
751
650
614
738
661
650
729
742
616
776
656
573
640
629
699
513
730
635
613
625
568
622
724
554
521
742
561
646
605
720
710
661
731
626
730
685
542
680
657
744
585
630
635
597
774
656
561
581
728
502
646
669
548
762
763
706
588
696
643
638
587
691
761
565
731
595
662
569
646
638
632
632
674
749
663
509
644
733
705
514
522
514
599
714
543
528
505
779
628
796
781
782
511
683
608
591
620
642
623
742
777
621
608
625
584
550
781
577
632
655
718
632
548
621
739
622
743
766
760
700
632
705
748
684
644
705
767
780
669
554
718
581
787
706
566
578
528
658
593
723
563
776
588
729
660
525
600
784
722
520
598
687
535
745
720
571
682
696
591
717
637
664
611
527
712
541
596
574
533
674
710
745
793
696
740
786
752
632
766
505
662
783
672
666
730
551
727
507
581
595
516
556
503
566
579
541
764
796
641
654
759
564
627
690
667
567
664
658
646
620
594
736
529
711
635
628
741
512
571
752
739
579
711
519
623
727
597
710
791
747
554
743
788
799
560
585
728
610
746
758
798
735
504
546
613
575
709
581
501
507
552
511
548
741
786
705
597
608
740
770
586
559
562
706
787
704
564
562
616
532
657
574
740
704
658
776
774
624
785
521
675
636
653
599
608
572
782
747
601
681
755
605
693
713
575
541
712
744
722
642
784
643
648
781
504
594
651
782
521
711
673
556
543
635
583
649
691
668
640
747
753
732
584
550
683
754
638
656
615
643
521
789
748
648
563
736
693
600
582
537
606
748
531
672
570
667
767
527
637
574
781
531
597
600
689
714
723
702
666
664
593
774
520
518
578
511
667
672
500
536
545
774
516
678
621
737
747
524
550
724
608
556
546
629
625
785
571
607
627
600
682
622
740
542
698
737
638
540
695
708
545
776
598
558
619
568
751
529
666
597
769
783
662
514
546
701
650
775
588
758
561
632
644
602
681
674
595
546
519
738
776
663
759
628
575
593
506
724
595
724
652
533
532
761
542
723
772
632
603
712
796
762
617
705
681
717
625
629
744
743
621
782
794
527
624
540
705
515
579
531
520
735
703
553
628
667
773
557
728
543
665
676
701
721
629
767
611
525
789
746
760
536
579
563
674
549
678
738
749
676
774
740
558
794
649
560
700
639
727
763
513
561
793
629
543
643
604
767
654
639
553
771
519
772
531
512
563
527
626
728
627
647
539
562
511
561
612
694
554
523
705
508
736
599
634
648
797
686
569
679
520
726
623
790
731
616
601
782
673
679
512
622
616
520
550
665
589
739
560
649
774
589
564
763
776
672
754
595
684
660
543
789
557
671
678
756
793
555
781
690
554
663
574
570
667
572
684
659
505
512
649
523
578
663
758
532
654
756
626
604
580
681
553
685
648
661
713
517
684
637
533
619
598
654
768
642
732
659
510
576
654
509
564
652
773
606
648
682
527
503
564
771
779
505
785
697
739
655
589
680
729
728
521
745
693
589
787
635
505
645
517
768
754
761
714
585
527
683
798
723
563
694
654
773
721
503
608
624
623
660
773
611
511
724
568
691
636
766
575
594
745
682
746
635
789
687
658
641
667
137
179
117
111
112
169
143
164
121
182
184
182
109
186
147
154
117
120
192
133
105
181
108
175
116
127
186
144
198
158
115
170
172
163
162
146
170
161
132
167
131
160
184
118
130
195
115
176
104
121
153
112
178
152
168
156
181
187
159
197
177
127
150
124
115
183
147
170
161
199
135
128
197
193
188
184
193
142
141
113
106
172
110
127
179
176
198
105
128
160
176
156
186
134
137
123
106
105
166
160
143
133
169
166
106
106
199
150
112
138
183
104
127
106
111
120
151
185
168
146
160
139
107
165
181
169
129
155
125
108
130
167
107
120
100
112
177
154
148
156
177
170
193
134
198
159
137
186
141
185
145
120
118
122
181
148
152
162
164
117
148
153
177
188
112
112
137
139
114
131
190
146
120
139
179
135
198
155
104
176
176
118
151
185
172
110
104
146
148
144
143
106
173
186
150
124
130
144
149
144
183
128
140
199
136
160
114
144
146
112
167
118
170
188
162
154
108
109
145
175
156
188
193
125
104
198
163
148
166
157
112
183
191
109
135
113
107
104
185
108
127
174
155
127
176
148
197
177
170
126
100
186
192
126
149
197
161
181
161
197
134
160
125
143
117
166
193
115
149
175
122
147
154
101
119
172
194
103
199
120
170
163
114
151
194
109
150
115
168
197
128
129
200
138
118
167
102
123
157
189
130
195
154
176
160
150
167
157
134
157
118
166
175
147
783
624
731
759
658
536
706
654
540
614
725
736
742
720
536
697
624
700
799
579
557
570
699
567
619
691
566
555
559
605
598
632
726
735
681
649
684
599
687
793
552
643
589
570
554
595
744
721
797
697
750
632
701
595
619
704
739
786
750
557
539
793
716
522
616
693
657
561
683
698
739
759
690
539
612
620
674
785
560
797
717
605
611
585
716
690
796
637
516
612
570
663
714
563
511
544
786
635
528
751
670
689
531
504
755
753
597
758
663
712
728
769
712
632
711
796
639
799
706
539
782
686
563
612
772
653
607
617
741
676
667
577
786
587
754
786
645
583
741
761
656
746
625
671
674
506
764
792
719
721
796
723
614
595
744
784
702
777
796
634
613
621
639
579
540
748
637
526
786
592
709
674
573
580
518
579
685
749
511
560
727
687
779
616
735
749
646
534
594
713
733
749
763
567
537
748
751
613
651
720
788
611
759
669
779
605
549
770
696
644
709
529
629
545
735
563
778
621
601
510
613
772
587
787
738
731
690
665
717
772
772
747
774
536
672
700
687
581
614
799
681
718
677
773
599
608
733
696
531
656
667
774
583
686
799
777
627
631
680
641
576
730
553
734
750
537
691
538
785
731
694
750
692
666
640
724
719
711
752
756
781
768
595
657
566
791
743
625
708
794
596
661
687
506
713
561
750
798
581
756
705
504
699
530
721
557
553
694
598
647
566
662
555
600
656
609
619
521
779
748
509
537
711
687
607
732
678
733
655
558
522
666
770
609
599
604
569
600
633
590
658
757
597
618
665
740
727
504
727
702
613
562
552
711
765
548
724
645
781
670
556
760
780
552
530
552
707
684
668
517
573
683
745
613
543
690
753
664
501
683
671
693
562
644
503
725
611
665
719
529
664
648
599
779
716
674
568
538
640
536
699
787
800
605
567
661
776
709
509
629
789
730
541
523
786
612
676
736
549
623
646
539
573
661
779
562
611
713
605
579
651
547
633
527
650
644
769
589
502
546
779
509
674
611
599
794
739
533
668
672
612
767
611
611
615
529
522
701
555
647
642
777
557
591
715
774
661
786
659
563
735
693
506
678
619
597
739
782
710
666
741
644
614
695
546
582
649
514
623
717
678
644
785
659
743
681
585
544
736
685
759
650
680
575
757
691
770
760
716
585
574
673
616
594
715
632
650
509
727
643
665
618
768
760
555
581
538
689
637
776
553
639
572
541
608
667
618
541
633
700
645
695
643
594
601
751
791
639
777
775
506
517
692
616
665
555
601
596
736
774
609
568
646
588
715
597
539
615
634
641
723
619
702
617
617
797
533
627
657
581
738
561
773
682
799
598
588
553
503
776
503
553
603
704
721
514
760
763
607
633
552
527
648
670
747
559
632
546
667
798
763
700
654
670
741
544
581
672
739
563
782
651
614
631
655
785
682
800
557
778
576
634
508
675
560
703
632
577
737
633
546
634
602
694
678
736
782
767
762
689
548
586
766
599
509
674
778
513
531
654
569
750
793
608
507
733
623
527
548
558
625
640
530
715
665
662
653
708
674
631
789
685
533
705
751
699
656
684
690
743
634
508
694
751
550
526
787
506
532
628
778
525
731
613
559
580
755
656
575
579
674
529
757
749
715
625
763
567
575
616
705
673
583
688
785
643
549
797
618
618
697
516
532
796
765
772
612
649
718
768
683
773
758
503
737
533
574
593
506
716
502
716
624
780
516
763
570
738
557
774
506
543
520
521
636
676
670
528
774
535
704
685
671
548
520
661
524
797
535
727
661
716
623
737
693
621
727
698
589
506
631
523
639
690
725
756
558
726
767
589
711
770
795
590
634
745
617
602
773
517
709
590
596
538
624
789
751
650
611
664
648
576
640
518
721
716
770
526
713
796
615
711
720
648
663
640
678
559
514
565
615
617
593
515
772
711
551
572
704
623
709
570
699
542
582
538
629
688
610
724
508
775
704
524
629
544
561
523
650
521
609
635
704
570
662
504
571
631
731
688
717
791
515
735
700
708
554
501
742
648
585
779
533
635
717
599
510
595
533
733
639
621
513
544
537
704
660
657
615
750
753
782
619
779
686
626
800
573
650
559
782
682
695
564
525
761
509
749
506
586
718
701
776
532
633
627
571
794
661
763
795
668
541
790
764
501
640
634
799
800
630
661
535
516
708
549
777
792
789
702
720
781
777
764
551
644
501
609
529
534
609
563
718
788
534
548
788
728
734
571
505
600
514
730
658
797
643
523
590
611
589
793
703
575
718
540
781
611
644
761
524
586
686
588
769
659
588
503
666
608
722
610
542
543
703
750
662
662
750
557
646
619
630
724
731
778
673
685
572
535
617
520
653
560
714
783
651
684
639
724
652
613
792
649
632
622
516
639
697
522
697
643
580
631
616
685
559
657
630
594
768
536
666
722
563
623
772
671
661
599
651
593
759
535
700
649
566
730
557
604
683
745
652
632
561
626
730
562
511
625
673
503
686
780
717
501
741
735
787
522
565
575
716
529
613
564
744
618
783
787
569
800
718
628
543
504
783
597
597
788
720
666
545
535
715
505
642
503
639
740
632
776
628
549
505
558
608
541
733
744
562
702
560
560
723
538
759
530
770
733
674
564
624
601
659
611
682
778
776
721
555
550
723
551
695
647
659
657
607
588
513
732
749
521
689
590
626
750
507
638
519
784
679
795
661
657
617
602
738
535
675
535
783
572
539
657
682
580
609
798
642
634
573
767
702
615
653
642
500
683
544
599
580
665
777
596
746
582
622
751
639
766
713
640
708
594
563
750
677
693
601
640
762
698
578
736
740
577
789
587
607
574
567
564
648
542
593
763
505
546
664
547
734
787
790
533
603
782
647
790
629
641
771
794
556
528
667
590
638
630
592
650
541
514
576
524
509
594
790
530
563
652
630
503
569
696
796
704
608
721
736
741
596
644
729
562
683
690
559
755
602
720
588
501
554
713
696
531
607
558
668
674
597
610
536
672
580
573
568
793
797
602
524
648
609
752
633
519
505
503
544
623
709
508
779
547
696
727
635
701
604
725
626
557
662
521
608
781
646
740
718
508
673
674
639
676
586
621
613
531
746
730
718
541
564
607
719
540
644
765
686
708
763
588
700
776
567
666
585
689
567
708
605
754
793
786
685
768
708
503
596
593
681
734
716
559
666
586
624
531
500
692
506
569
575
797
604
776
657
577
718
782
538
756
595
521
755
503
646
779
652
536
610
587
705
564
686
653
630
733
518
649
786
535
761
547
580
509
504
728
733
524
625
575
594
604
757
766
587
736
595
543
748
702
718
529
724
530
586
507
690
798
550
574
537
581
724
650
643
521
505
758
637
542
642
749
544
758
613
740
563
600
546
536
752
615
790
716
531
772
506
578
569
771
652
683
661
707
590
601
634
618
716
656
724
567
782
641
537
683
567
709
688
783
562
531
694
680
584
531
732
708
759
669
762
568
614
590
642
597
529
707
606
671
653
576
800
767
602
751
514
588
769
761
617
618
768
562
610
703
784
517
501
750
558
629
648
663
700
655
609
536
776
729
590
677
602
534
778
683
666
684
798
583
643
576
560
660
644
554
535
655
623
518
543
760
712
591
646
668
637
575
535
506
606
710
565
575
690
696
758
787
670
637
519
688
570
507
525
670
732
793
626
572
680
647
607
563
597
506
761
729
596
769
760
514
549
631
614
612
543
684
573
688
505
709
707
606
678
769
621
764
588
652
664
565
507
662
741
721
699
612
699
694
607
634
614
713
686
791
540
562
512
672
592
626
798
769
618
508
576
574
629
583
731
530
566
608
734
567
609
517
502
617
735
618
589
528
560
584
733
717
588
618
524
569
599
544
537
566
609
569
576
605
755
536
784
590
547
719
509
725
659
741
613
772
570
682
730
720
614
533
716
724
579
609
668
524
658
543
626
568
755
798
786
675
715
722
519
606
533
678
535
590
701
704
689
687
631
641
588
718
638
766
501
760
776
706
594
510
615
595
578
656
630
585
532
731
614
640
598
739
581
652
794
790
743
679
734
545
716
705
534
756
773
661
668
715
684
741
547
773
725
187
111
151
129
172
164
146
157
111
104
121
167
130
180
114
171
155
147
181
197
177
197
199
135
131
131
183
145
117
138
150
174
193
176
144
111
177
156
200
117
173
126
160
127
163
168
172
177
138
186
157
182
124
121
176
157
113
161
165
125
104
170
141
135
124
111
182
181
198
139
101
155
167
139
168
193
170
196
157
141
137
197
151
175
113
145
188
103
160
106
168
171
150
146
120
131
121
100
161
161
195
148
118
117
150
136
144
181
183
133
133
138
140
172
149
139
198
173
112
100
106
126
116
150
155
141
110
122
155
129
177
125
147
180
140
106
120
185
111
156
198
196
106
163
116
111
130
188
156
101
140
139
175
191
173
130
181
128
190
148
123
132
151
149
128
120
180
178
186
190
177
172
135
755
618
728
617
634
545
608
583
641
668
593
596
635
719
533
513
561
758
784
574
741
637
674
636
711
569
737
529
647
561
638
594
796
561
768
704
761
576
681
743
630
572
543
669
570
503
762
678
788
614
534
691
592
679
627
562
601
649
664
713
688
556
552
585
662
581
696
615
561
513
586
770
594
789
762
681
526
673
743
789
523
756
737
650
583
647
716
637
704
558
719
715
719
517
547
655
716
539
718
688
519
637
588
684
685
726
655
721
691
748
791
627
586
565
585
645
768
746
641
779
767
785
780
540
526
694
563
762
788
655
607
602
529
710
798
679
738
525
708
624
672
550
567
513
704
549
528
521
700
632
562
773
641
797
796
572
592
531
521
515
533
792
715
607
657
599
557
544
570
608
679
690
612
590
669
699
792
576
569
751
663
690
561
519
735
799
641
747
762
770
736
508
553
702
747
533
572
548
696
527
783
529
792
619
698
581
700
621
506
607
637
634
777
505
708
656
552
665
729
695
587
764
587
769
641
783
578
597
657
720
790
697
526
758
638
789
714
711
706
619
705
631
708
736
774
712
509
726
705
636
687
610
752
656
732
716
628
679
722
691
601
612
679
676
684
587
679
541
673
641
521
710
502
641
664
788
501
558
544
526
672
686
721
511
800
753
762
557
533
511
740
773
512
727
667
594
713
560
637
734
618
642
635
669
519
575
691
505
656
673
772
788
530
549
709
667
798
712
561
710
541
694
596
659
592
501
781
695
625
576
572
789
528
507
629
718
740
685
653
757
716
736
585
526
685
773
538
596
537
631
677
604
792
580
730
661
627
593
614
529
644
565
656
623
541
700
620
741
641
586
613
792
599
633
793
708
568
596
778
749
682
761
731
687
627
524
792
627
615
552
762
575
774
773
675
538
699
503
733
670
544
780
548
756
512
543
666
748
581
663
665
765
509
521
688
562
579
692
504
710
740
768
590
621
556
666
680
564
602
641
502
628
604
590
747
620
779
748
708
597
539
578
784
571
687
525
527
621
587
792
548
538
689
567
502
672
517
722
792
585
708
609
752
747
742
624
534
748
734
707
589
659
694
580
528
610
736
789
644
713
733
706
676
658
715
607
665
759
538
534
619
547
742
693
612
503
646
799
660
672
720
536
574
548
786
785
611
626
666
525
783
623
568
650
602
606
598
800
695
637
502
507
646
583
732
543
662
797
767
699
724
751
589
582
760
637
576
622
562
683
753
708
733
742
644
674
536
553
658
658
788
674
585
602
734
732
697
543
738
591
654
553
798
516
601
557
507
692
607
560
627
511
754
618
665
626
685
635
544
504
554
563
766
744
674
681
679
736
504
775
743
517
610
733
598
736
517
757
617
527
753
548
742
547
745
586
619
713
777
523
585
555
544
778
765
541
543
690
781
617
646
781
634
717
576
534
503
678
505
764
639
652
640
512
772
683
595
554
697
544
637
772
692
703
661
643
517
766
638
505
549
680
597
647
738
508
688
580
623
540
542
715
541
612
523
708
576
529
597
726
515
680
734
714
722
578
725
507
706
655
728
582
589
529
532
642
703
707
658
756
713
629
748
580
570
783
726
542
669
793
695
784
656
569
524
576
568
634
757
563
793
655
629
692
754
660
526
741
786
666
784
616
658
719
518
797
706
713
648
636
749
507
536
679
530
619
546
791
607
534
502
753
524
737
751
573
552
547
632
574
753
786
780
559
604
747
747
714
600
565
108
145
103
165
112
106
191
197
183
139
185
183
191
125
196
173
163
169
107
127
151
189
131
135
183
112
153
181
194
101
194
169
159
184
150
117
145
141
145
178
153
192
130
101
178
109
181
183
153
125
182
151
172
184
156
152
190
127
186
113
122
164
130
163
196
115
103
102
120
176
153
173
107
124
164
517
508
587
631
639
787
589
503
573
569
503
641
651
591
517
777
657
799
534
654
540
581
654
505
637
730
630
546
512
640
653
777
704
742
649
780
660
782
523
705
689
555
507
741
580
549
748
573
627
526
647
773
717
746
648
634
598
573
759
546
517
605
600
640
703
568
560
571
578
694
768
671
710
597
695
769
670
611
642
572
695
759
643
798
599
773
653
605
564
557
549
543
580
735
652
756
507
736
633
619
664
548
554
703
799
731
511
664
784
602
558
724
677
783
735
797
627
669
512
542
603
786
761
617
544
672
602
516
556
514
783
530
622
761
622
623
559
771
721
705
769
691
750
758
786
586
502
616
605
605
681
579
745
758
506
728
562
772
682
785
639
759
723
537
759
541
575
742
787
722
710
771
718
581
603
775
787
563
679
557
702
515
742
637
721
761
525
534
520
742
794
679
637
665
608
654
710
554
505
592
708
622
614
513
750
578
668
710
583
504
622
549
788
524
668
573
745
792
785
523
785
573
555
762
663
647
753
717
583
788
659
635
785
733
791
556
743
770
535
568
510
786
544
623
721
578
686
672
772
573
589
682
636
573
618
510
628
730
726
795
559
749
788
544
540
768
699
601
559
530
551
798
630
678
761
529
778
766
598
580
623
775
578
594
687
765
790
504
749
525
629
734
595
712
636
528
671
692
524
614
774
548
694
628
662
559
669
508
555
583
636
622
556
750
766
607
550
605
601
632
529
675
576
539
693
567
763
752
608
720
728
516
763
613
697
761
664
558
558
613
517
653
608
552
510
578
650
742
698
768
564
513
786
664
602
546
521
797
579
533
707
556
748
607
755
601
709
555
688
681
626
714
721
592
783
728
602
680
518
587
555
635
783
772
751
788
537
729
723
661
574
690
628
745
733
585
683
641
638
510
672
765
530
507
768
514
519
577
764
592
631
587
579
752
747
767
797
651
656
713
751
686
608
680
613
746
541
742
560
508
753
634
512
605
541
700
631
639
635
551
587
776
606
674
589
688
680
592
565
544
643
733
716
651
592
631
779
534
577
797
504
748
541
614
527
771
633
627
631
580
703
693
668
765
566
717
697
703
560
598
763
610
705
649
613
604
744
743
634
719
622
773
613
582
679
749
537
665
758
564
654
768
553
541
794
518
615
519
788
610
644
530
673
721
730
720
589
651
740
518
591
782
722
573
775
756
522
599
549
512
704
765
573
792
563
644
667
705
564
728
784
759
688
563
741
722
717
696
507
533
739
741
774
522
659
529
529
567
616
624
612
615
591
733
572
729
598
512
733
587
693
692
709
525
549
788
590
575
710
792
513
568
766
699
567
574
767
539
697
585
608
717
753
730
537
796
712
636
623
670
736
552
568
766
636
662
519
528
743
633
575
668
744
764
517
794
676
542
778
671
716
537
574
757
711
666
518
553
676
670
619
615
585
572
688
611
512
706
500
785
697
701
752
683
671
691
522
529
732
678
759
770
700
678
523
751
765
577
552
798
694
574
612
537
588
797
725
609
613
639
504
679
765
746
693
677
545
604
754
556
764
623
703
562
575
511
730
798
548
620
725
554
624
770
583
792
693
591
713
760
526
737
539
654
507
603
592
760
598
568
608
504
781
689
781
675
595
685
704
615
710
615
620
711
790
707
677
658
728
709
745
689
632
591
588
687
635
517
518
772
603
603
642
662
520
739
626
543
725
746
779
518
739
528
632
573
587
544
570
512
546
594
509
633
654
576
711
541
755
789
741
585
777
778
798
675
579
712
562
500
531
742
578
789
768
598
532
533
776
770
694
586
573
510
596
778
614
587
769
566
765
797
761
760
519
603
540
663
616
732
560
727
547
714
682
562
532
712
720
742
742
626
708
515
759
518
713
553
596
638
592
525
675
653
528
538
505
588
563
595
744
661
588
683
666
527
667
684
502
686
655
508
759
726
588
788
709
776
675
584
709
600
799
508
782
702
670
799
558
504
797
509
771
583
536
549
608
752
555
764
739
629
584
606
554
504
626
747
665
568
725
680
698
783
730
569
753
552
775
657
793
593
753
719
529
662
619
671
550
606
796
509
612
753
691
639
529
586
682
716
680
590
681
632
588
667
505
579
792
635
590
622
572
602
581
721
632
792
747
789
716
563
719
592
609
785
763
596
506
793
766
668
570
748
633
542
795
516
505
544
533
743
727
614
557
704
795
622
540
539
715
704
727
681
621
706
584
696
703
779
786
599
793
648
555
623
747
572
759
675
765
735
501
545
732
744
736
531
784
680
777
612
704
567
695
640
740
563
525
545
649
571
778
672
715
522
748
501
542
600
536
659
572
665
513
553
606
677
625
779
722
737
592
738
660
576
603
624
730
703
787
628
697
640
620
631
541
672
722
744
701
628
764
641
579
781
678
742
652
649
638
677
758
713
737
626
568
540
659
626
558
705
649
530
731
773
744
610
610
761
739
650
756
698
726
724
559
609
577
768
765
614
510
580
689
743
685
780
665
751
682
779
533
797
549
669
604
797
579
609
535
631
542
591
705
774
756
521
557
500
584
585
752
773
548
753
770
771
569
666
633
697
591
667
781
716
581
681
780
674
657
786
727
540
596
656
639
535
517
576
695
551
511
609
660
791
721
792
501
583
534
543
754
757
686
627
707
536
689
596
634
594
603
727
734
523
593
743
531
729
758
674
649
708
519
593
736
524
596
598
553
521
676
792
726
514
559
648
538
699
535
722
571
520
583
716
562
587
756
544
589
790
650
736
646
776
749
799
726
683
689
597
718
652
728
741
547
542
591
645
771
579
522
574
608
576
746
566
547
565
542
692
761
547
638
696
776
629
576
705
506
515
518
709
571
585
635
619
733
596
659
605
646
621
655
506
766
724
658
724
570
658
550
754
698
697
558
732
706
575
786
737
749
547
738
574
731
753
795
676
508
790
800
701
585
643
529
560
676
534
546
617
569
647
713
774
550
710
659
575
637
533
779
780
671
677
662
754
709
601
711
742
614
740
528
632
797
534
616
641
520
586
593
788
620
711
782
645
603
768
778
634
550
760
647
753
799
668
722
571
563
519
662
534
782
712
618
545
726
606
749
793
723
508
729
542
555
668
572
741
593
602
653
589
665
665
785
701
677
501
671
520
520
553
510
752
528
530
616
661
678
708
741
616
505
530
608
569
719
640
546
711
771
773
793
510
797
528
543
612
615
567
658
763
716
718
554
664
532
765
677
512
731
697
673
705
560
751
791
621
502
584
721
585
703
543
591
789
771
527
581
701
622
582
640
563
758
694
703
591
723
643
547
708
626
759
664
667
735
710
641
756
749
758
629
742
673
625
797
508
712
753
562
593
700
566
667
599
540
701
563
677
770
671
525
770
712
507
702
654
757
752
712
595
713
532
678
728
664
712
613
580
538
528
796
624
740
720
575
622
732
578
600
632
620
733
516
614
529
607
741
789
659
557
799
647
702
510
735
681
520
791
688
570
781
669
747
598
523
513
608
651
548
614
580
716
613
725
773
547
505
520
685
782
708
554
594
590
632
696
739
537
747
576
579
723
677
781
686
526
587
617
792
705
517
691
610
725
573
530
692
607
732
667
621
799
708
532
607
686
683
685
797
626
516
667
728
626
754
732
647
727
552
528
734
686
707
531
556
681
545
519
772
679
535
591
525
712
722
510
688
653
694
576
754
606
772
701
551
730
555
530
663
506
712
747
747
785
711
548
590
652
683
779
673
655
507
780
712
703
545
612
720
563
723
716
616
678
634
532
509
676
784
604
574
655
675
554
557
571
786
507
781
728
764
565
651
791
788
646
544
750
739
536
171
140
125
177
102
150
162
136
153
164
108
177
197
146
188
123
146
160
122
191
193
163
104
130
117
146
188
193
101
139
104
191
148
112
123
125
142
106
189
118
195
180
152
152
113
144
146
198
183
103
163
102
157
179
135
169
166
107
191
196
197
138
136
140
163
141
156
150
114
187
122
127
148
107
163
123
174
189
163
197
124
134
184
195
194
144
186
119
112
148
134
103
105
118
124
183
143
177
113
127
141
114
105
168
161
179
180
117
121
157
164
174
184
197
183
197
122
157
152
123
167
194
179
106
188
180
128
103
138
118
182
140
118
144
162
134
135
159
125
109
136
185
149
178
122
114
136
133
133
105
169
122
152
170
132
150
101
135
198
104
175
186
135
138
120
100
105
167
192
188
118
145
133
183
179
114
184
128
116
189
173
161
145
143
118
167
148
167
158
142
147
103
154
139
136
130
121
179
175
105
177
124
114
131
171
165
146
166
163
101
192
120
109
158
191
100
153
190
147
174
106
157
163
160
173
150
172
190
186
131
128
164
138
163
132
142
111
188
161
192
163
199
196
126
158
171
130
100
193
104
163
126
159
108
164
161
166
147
187
115
101
140
102
143
185
156
146
118
116
187
128
189
161
189
134
135
119
118
148
106
163
187
155
104
108
132
142
193
145
168
156
152
101
100
171
147
105
112
137
140
167
117
107
146
149
177
167
101
197
194
145
153
152
155
189
196
177
143
148
175
151
154
146
124
122
121
136
197
126
186
178
175
120
184
117
168
111
101
198
121
118
195
164
186
169
120
155
170
109
149
197
165
130
103
133
128
108
119
143
186
109
182
195
193
114
138
142
108
134
159
157
143
120
162
161
154
193
199
146
130
146
104
102
187
181
152
181
120
183
146
132
155
177
126
114
125
157
197
200
161
125
123
167
153
167
167
168
106
199
166
189
168
105
121
187
135
147
109
176
124
132
174
141
124
101
126
190
160
131
114
134
176
141
151
135
163
110
142
138
134
115
150
179
121
191
161
191
145
152
190
195
105
195
129
171
159
120
151
116
168
115
139
121
169
132
116
141
187
142
181
111
115
151
176
746
657
540
652
702
679
715
756
576
577
654
586
663
667
792
752
743
666
575
519
677
775
714
590
737
509
551
632
614
502
636
718
568
648
565
564
630
535
723
599
562
614
624
574
525
502
733
575
559
612
620
531
636
731
689
660
756
555
661
697
631
707
621
549
701
556
769
673
620
793
728
608
712
589
799
638
695
578
651
748
552
591
784
729
715
584
550
756
690
610
672
667
590
587
791
580
537
726
582
670
674
683
698
568
743
725
776
507
595
650
675
645
792
585
782
699
604
763
689
731
787
589
527
711
727
738
705
510
799
701
655
681
668
545
574
587
676
616
641
587
680
665
740
607
747
507
700
684
671
652
767
587
601
720
506
641
798
513
619
735
763
537
511
795
767
775
780
589
684
566
528
671
567
712
695
622
596
682
712
748
655
685
770
792
634
767
720
562
796
663
589
795
636
742
723
704
710
643
651
689
647
579
725
731
691
609
669
698
775
584
665
501
595
654
558
537
621
519
709
538
728
532
540
721
595
633
762
575
705
735
504
783
652
573
716
610
691
545
656
669
714
560
786
665
611
535
580
729
670
734
800
577
544
598
596
604
511
633
760
734
522
628
734
519
703
797
527
728
607
585
582
617
652
737
671
580
661
542
639
605
684
700
640
783
596
645
772
775
660
530
604
616
677
527
539
532
533
595
779
536
659
763
697
756
747
790
530
660
784
592
710
657
652
514
656
583
709
606
663
530
727
527
730
791
729
578
533
591
573
703
522
740
515
517
766
699
695
515
670
597
557
590
719
756
550
778
624
758
708
784
781
703
608
693
710
688
727
681
732
681
679
730
530
606
559
588
635
692
563
747
731
652
748
764
760
584
543
684
627
799
641
700
631
671
728
517
683
536
549
515
793
793
612
581
695
658
735
633
584
559
555
538
711
610
578
501
681
760
672
782
564
667
712
573
614
667
597
700
609
796
628
687
688
576
618
648
624
708
673
550
701
625
785
553
788
701
666
576
677
608
527
672
557
503
630
796
754
695
512
576
691
504
638
555
777
772
792
728
614
663
523
580
512
702
627
702
609
604
533
715
555
716
576
621
590
623
619
578
705
666
560
755
693
627
763
628
539
558
793
700
762
596
686
683
674
744
667
559
502
779
631
676
731
647
695
536
759
695
688
798
776
647
765
598
651
683
549
582
744
545
756
688
616
538
546
786
636
522
506
770
680
518
728
535
757
573
712
516
679
622
731
643
638
714
616
772
647
700
797
668
555
566
735
504
756
673
542
507
509
545
657
520
767
556
511
545
641
552
794
575
766
519
562
654
503
578
630
702
686
741
674
546
535
527
545
557
529
580
742
700
763
531
738
782
663
738
684
641
669
670
701
736
764
592
795
747
744
611
744
607
793
610
625
725
764
671
573
679
643
797
762
710
730
738
706
600
752
521
559
773
649
689
669
638
624
601
736
577
744
689
704
696
537
532
519
613
620
663
799
505
614
681
730
788
760
583
639
567
604
691
658
587
739
607
670
562
517
662
664
631
512
759
676
738
514
768
696
630
502
665
514
546
738
759
686
688
700
586
617
503
748
537
641
546
509
701
552
578
568
627
503
701
663
580
546
722
561
758
722
604
519
722
562
682
592
597
635
555
786
724
509
718
792
609
659
795
609
629
566
505
573
687
655
716
563
689
625
765
785
586
613
660
536
543
518
734
604
772
575
638
513
788
712
627
766
519
551
558
544
692
578
588
654
508
518
740
734
523
748
666
782
791
621
712
697
775
609
527
551
736
661
505
598
724
721
741
796
780
645
784
675
721
731
580
621
727
788
769
556
669
568
595
673
712
524
533
531
640
562
730
708
573
688
616
707
570
600
618
605
794
578
569
633
609
567
724
670
523
686
742
784
638
523
752
733
722
584
780
594
653
554
763
684
623
501
773
587
554
574
696
769
560
723
789
727
785
713
538
615
783
606
797
599
741
709
761
679
584
507
660
559
780
654
704
574
669
729
793
559
799
697
756
544
690
545
656
721
566
789
585
618
695
732
775
523
573
789
779
787
759
729
649
581
526
543
528
756
758
739
657
524
746
511
670
540
795
741
576
724
541
591
589
731
680
722
584
592
695
535
749
719
509
638
525
629
735
642
710
730
725
528
596
791
593
560
580
543
521
782
526
601
669
797
723
662
518
553
671
596
707
555
710
707
749
782
672
735
539
606
751
765
562
686
709
615
536
787
718
747
784
626
717
585
695
679
505
601
542
766
668
677
677
651
594
503
796
667
682
612
786
605
663
525
511
723
769
683
526
695
540
530
682
553
655
799
546
530
777
506
552
584
619
526
581
637
776
595
706
588
629
759
618
760
534
683
511
618
673
616
783
534
750
753
774
739
727
675
642
554
684
630
618
647
643
550
612
584
735
533
739
778
531
629
573
736
579
520
589
523
619
559
588
740
675
683
668
614
663
505
742
546
732
550
526
574
750
664
672
546
761
587
744
522
687
546
549
577
737
620
628
670
506
795
779
689
677
669
629
770
723
767
643
679
573
784
616
624
786
647
578
504
698
523
513
589
628
633
654
695
659
520
511
644
747
541
651
759
681
683
672
729
640
607
696
729
692
711
744
540
604
746
710
745
674
586
651
663
699
510
767
519
664
741
523
788
759
695
668
637
745
542
578
642
713
558
689
564
734
694
607
675
521
671
693
671
753
752
798
592
686
597
586
676
619
587
714
521
727
732
715
736
529
747
694
565
761
573
635
620
669
744
649
731
764
762
686
768
753
685
673
758
745
563
630
636
793
567
596
648
673
659
653
556
618
680
512
571
687
579
668
739
657
556
543
673
596
624
644
710
602
645
657
781
521
645
584
772
599
656
730
548
664
788
707
668
695
522
716
584
684
795
520
545
706
676
571
684
781
517
737
699
611
609
565
652
797
571
678
550
683
645
636
791
559
714
721
684
561
681
581
653
672
654
616
678
673
611
788
551
518
758
716
532
598
645
778
779
650
658
755
767
603
533
704
711
730
517
632
610
504
693
544
790
503
642
754
744
529
704
689
624
516
674
722
644
594
725
553
552
706
731
772
556
661
730
613
755
752
513
622
557
740
541
749
698
524
580
553
611
525
581
787
512
560
513
621
562
718
504
718
596
611
589
699
668
789
748
721
707
689
579
560
662
622
642
781
657
665
755
655
639
621
580
689
594
588
717
602
501
787
633
604
638
591
722
795
541
758
573
525
796
698
787
654
678
645
507
648
738
541
697
777
646
619
637
506
539
561
742
715
533
544
778
736
794
658
718
705
626
572
608
676
687
774
755
666
696
792
644
584
530
696
586
687
652
708
590
777
789
537
643
707
734
653
762
566
734
585
658
552
678
724
749
766
595
729
617
750
527
544
638
731
650
592
509
640
547
794
762
583
760
573
695
551
711
799
675
636
587
588
729
650
682
539
758
756
699
786
618
709
635
685
653
723
562
502
592
678
636
600
791
677
630
720
682
745
785
796
543
552
795
788
586
769
736
795
729
578
521
609
793
545
620
711
563
707
541
590
725
768
684
742
794
618
744
596
527
741
538
538
681
678
601
665
522
617
546
630
641
624
641
799
595
746
693
753
620
727
537
571
616
525
546
793
769
502
592
795
787
558
579
736
580
746
589
652
776
721
574
501
679
770
767
652
744
531
687
593
593
789
546
543
517
799
787
604
689
701
683
793
740
646
592
688
527
509
800
674
630
572
576
755
695
502
719
755
532
693
570
628
746
681
603
643
701
699
548
724
785
619
736
656
543
753
796
690
773
695
592
702
687
518
530
798
599
627
704
538
644
540
750
762
605
680
685
530
617
590
653
574
554
507
634
766
778
607
667
634
720
788
679
534
551
711
769
747
738
612
651
654
761
725
605
599
559
619
766
541
523
735
793
640
780
597
684
755
589
512
710
783
515
642
782
714
731
604
660
540
655
735
535
657
730
777
786
628
552
787
754
530
762
662
710
532
671
627
630
741
510
563
527
739
567
599
760
654
663
666
653
630
677
698
786
730
726
632
717
625
592
747
770
662
780
548
613
581
735
610
532
702
616
681
793
712
786
630
751
648
541
637
511
639
578
594
721
757
648
733
556
645
799
601
505
653
672
581
697
721
678
721
798
554
557
762
790
618
594
647
658
689
654
743
714
586
690
628
737
625
627
642
526
782
650
757
634
544
767
778
612
752
713
502
773
698
650
788
500
779
651
508
627
653
573
732
538
578
710
755
533
530
622
600
714
800
552
757
688
676
673
560
651
656
714
751
747
665
780
782
730
739
510
775
655
737
606
714
541
688
686
548
612
790
789
688
633
689
694
526
732
535
782
568
685
775
596
508
665
674
644
529
627
770
744
797
641
626
558
634
545
713
720
523
506
511
745
699
530
703
702
601
629
552
551
579
662
745
664
686
728
794
747
599
624
665
652
796
767
777
759
740
553
782
643
622
786
714
725
549
720
581
644
555
721
708
511
608
651
575
623
757
741
712
737
754
692
686
763
512
547
782
521
681
512
580
515
514
655
668
561
796
783
613
734
765
655
781
660
725
640
602
521
773
570
797
775
742
683
636
774
767
774
508
603
642
529
682
579
600
660
712
722
763
766
567
665
709
640
548
685
755
545
561
515
723
503
669
509
541
557
748
588
637
761
723
708
573
753
747
643
787
677
743
606
690
584
656
699
584
673
511
635
703
778
741
624
732
601
680
689
580
698
688
577
552
522
677
647
761
544
628
642
558
644
702
504
764
582
620
774
774
719
590
694
687
589
615
640
618
503
525
735
776
714
655
654
699
743
669
622
593
762
533
573
620
600
748
517
706
505
691
723
691
640
532
800
722
577
769
712
796
700
778
764
693
722
708
753
739
519
706
791
755
578
595
595
749
617
554
671
518
644
689
713
598
643
787
579
675
630
578
617
720
796
594
538
756
616
755
618
644
575
558
703
718
604
661
540
752
767
528
694
569
729
694
677
612
602
728
741
774
609
559
643
715
680
554
529
594
584
684
700
642
663
762
625
690
784
700
746
627
514
730
781
744
531
799
793
542
788
644
507
700
799
749
795
736
791
655
745
597
651
720
548
696
744
784
613
715
659
569
692
757
517
638
607
717
722
648
520
674
770
791
537
505
645
766
675
543
582
769
577
754
657
650
554
634
662
743
614
798
508
529
779
763
792
752
746
576
555
531
534
745
741
794
515
776
768
651
503
611
570
758
641
789
725
660
674
525
554
685
773
629
734
732
681
588
740
711
564
522
504
629
667
639
784
705
794
615
640
761
637
704
567
520
647
641
536
790
536
767
733
770
521
534
696
717
789
579
741
623
570
635
789
750
694
533
754
708
567
615
535
517
657
583
755
619
714
635
668
642
628
623
665
729
703
602
671
683
510
579
782
506
687
789
690
637
581
627
585
761
554
707
612
538
699
737
758
614
727
680
631
545
799
658
563
527
539
715
788
798
678
683
790
668
628
641
776
670
592
584
513
799
702
570
553
670
723
786
724
553
760
564
718
525
764
697
601
796
620
575
784
545
708
691
771
647
624
588
634
744
548
714
641
662
520
566
748
671
663
514
552
768
609
698
503
775
626
545
567
756
563
642
694
622
676
600
648
582
753
574
636
777
517
685
636
740
516
517
771
698
501
575
618
526
755
711
641
686
713
633
758
629
609
743
770
643
564
513
595
680
774
681
566
648
747
698
757
592
621
673
507
710
728
712
694
578
691
795
759
577
789
500
654
721
589
729
662
774
703
708
501
605
715
696
527
536
557
688
677
551
595
550
695
501
616
512
589
798
633
800
794
734
561
682
591
720
748
742
763
509
588
713
781
800
512
796
593
563
660
647
532
729
532
700
697
706
544
512
659
539
582
632
718
709
781
788
556
638
659
636
722
504
685
682
507
751
511
779
743
746
529
781
540
558
721
533
506
527
664
515
716
519
515
708
772
522
711
536
784
739
609
787
530
594
701
632
529
793
798
717
794
543
779
748
659
521
556
601
789
613
699
629
795
734
586
777
581
595
524
694
582
694
626
535
723
504
530
540
754
543
724
664
668
640
603
596
578
683
593
709
743
589
717
657
615
575
674
676
777
744
748
659
583
730
525
683
541
602
533
770
720
527
682
721
650
652
639
644
556
610
669
759
551
536
616
610
769
776
531
707
507
725
608
714
709
583
687
607
617
548
639
542
759
586
565
668
784
769
655
681
692
630
769
791
779
638
547
672
736
535
697
534
779
589
505
538
698
567
581
589
645
677
787
681
564
578
746
767
676
619
636
612
596
541
554
547
727
755
663
600
671
650
528
567
518
662
553
612
684
749
508
769
502
630
615
707
550
594
665
782
787
541
576
550
694
624
603
702
686
662
623
607
567
526
509
575
678
722
625
719
562
569
511
631
666
766
771
773
584
614
594
704
623
503
705
501
710
692
601
507
730
606
736
766
668
580
575
541
567
607
570
661
591
694
583
562
672
601
753
551
780
580
669
663
600
701
660
552
617
792
535
665
614
513
721
546
631
513
599
503
604
596
791
728
608
674
611
747
583
762
661
574
786
633
745
579
748
527
696
534
721
718
795
536
539
716
653
753
756
770
508
731
690
588
682
696
506
643
564
639
737
638
707
620
686
594
775
538
678
716
574
734
672
569
534
782
582
756
715
520
578
748
564
528
653
690
600
560
750
570
789
602
598
762
798
515
678
745
608
637
618
692
608
639
516
523
587
675
658
567
730
707
593
617
588
674
506
594
637
529
644
529
542
712
648
712
560
746
591
509
602
594
517
556
536
518
584
576
581
727
677
786
759
788
564
734
691
702
628
735
728
678
752
625
516
509
648
547
610
741
550
601
510
601
505
759
610
652
655
604
666
601
551
787
502
742
538
729
643
708
779
509
678
700
771
504
745
703
677
610
635
768
560
582
553
668
587
508
622
597
618
743
693
634
531
630
585
577
638
550
708
739
752
703
611
727
531
714
571
535
726
568
710
605
751
669
527
625
639
627
529
761
518
768
657
518
511
771
511
691
511
750
760
632
511
718
603
741
770
507
557
766
752
725
630
697
654
743
519
755
788
570
598
726
795
532
666
699
631
625
510
676
687
726
607
578
679
571
748
627
660
687
784
728
773
678
582
779
673
670
587
713
503
770
782
750
777
795
653
572
674
703
608
605
796
661
690
661
694
646
537
798
597
773
739
623
679
673
529
770
705
797
570
533
735
642
651
565
634
647
522
693
698
601
564
743
508
769
784
691
617
791
745
645
568
675
515
619
663
753
566
568
714
770
630
756
552
614
574
553
536
687
599
591
726
686
634
729
578
611
697
551
737
672
784
647
615
602
625
684
538
503
791
660
615
570
654
549
767
579
698
519
782
579
671
507
514
641
535
744
773
778
608
528
712
515
623
528
601
654
766
704
771
685
718
756
786
789
790
763
601
634
678
676
519
670
518
654
503
584
626
572
551
748
757
582
614
589
729
600
766
515
697
655
553
625
621
785
746
752
680
787
647
529
648
571
733
684
759
603
617
677
763
534
521
514
624
599
547
698
780
692
739
709
589
522
700
732
715
655
524
652
603
727
795
539
629
739
578
501
504
603
666
774
683
640
637
751
671
593
533
762
696
658
516
502
560
725
685
603
769
569
619
615
716
697
767
501
797
727
542
773
695
530
671
575
782
584
541
685
703
695
725
612
651
605
658
764
635
651
531
524
625
707
657
591
552
696
664
785
650
626
577
650
519
727
648
672
782
752
784
552
596
791
645
719
746
601
541
617
593
534
502
786
548
533
633
537
552
628
526
570
654
562
772
541
584
559
754
627
519
667
514
553
583
752
789
646
743
592
653
769
514
719
741
647
745
542
783
541
547
761
668
573
514
564
526
568
569
702
798
624
769
507
539
670
587
610
755
572
510
563
547
613
624
605
589
663
777
740
589
535
755
773
640
726
629
728
613
571
668
700
575
761
607
528
790
539
564
704
670
658
724
548
571
600
644
606
626
576
564
524
523
638
694
645
640
592
787
787
713
588
643
573
524
643
506
722
739
533
511
571
794
521
586
761
742
780
730
535
693
794
620
613
604
545
502
653
579
511
738
597
502
715
693
619
594
514
592
545
616
636
581
771
695
673
759
596
760
605
536
742
663
566
552
556
537
505
551
635
750
509
790
640
727
660
532
580
531
543
701
513
758
511
595
550
601
673
557
655
656
527
647
604
609
581
586
743
504
787
706
766
722
653
519
529
781
682
587
628
719
795
573
677
532
616
799
543
668
647
679
646
660
662
622
744
621
770
799
539
675
541
647
787
652
641
732
643
572
665
683
781
698
622
724
573
610
643
646
644
748
662
790
576
693
654
697
771
770
561
550
737
791
714
743
759
678
579
573
742
764
717
704
651
579
635
784
771
519
593
767
711
647
605
519
591
748
720
582
561
520
650
610
795
782
600
574
590
770
761
559
688
798
689
715
555
682
791
797
728
793
622
781
527
517
526
798
651
604
731
506
745
507
734
665
700
689
703
608
752
728
577
537
769
784
707
787
575
796
555
524
578
682
552
763
782
555
580
647
512
756
572
635
618
712
640
593
787
587
797
797
772
647
508
521
654
648
653
503
548
658
535
543
745
592
556
709
563
786
778
762
634
752
553
662
531
722
688
645
514
677
757
636
783
799
606
748
529
768
650
599
501
710
503
690
660
642
746
635
761
704
616
713
678
657
519
551
747
554
677
712
603
556
654
659
789
692
598
553
770
787
513
746
653
757
545
732
743
581
791
568
792
596
657
745
621
781
635
627
640
552
573
754
578
642
651
666
521
778
504
524
557
713
573
676
635
759
680
684
603
592
618
746
731
800
714
791
565
647
706
702
791
698
785
778
647
512
626
564
625
758
702
618
517
697
594
717
677
529
733
552
722
729
659
708
708
718
741
596
725
548
503
712
536
637
728
700
623
634
615
766
725
781
531
746
606
663
666
780
663
688
727
586
687
572
528
520
512
571
511
591
594
771
626
605
713
594
754
726
608
659
551
739
595
509
567
697
575
652
592
556
599
782
715
647
761
724
561
507
623
578
694
719
700
701
731
656
778
641
525
672
586
530
707
609
511
706
635
523
521
674
664
734
576
711
551
611
539
636
569
555
783
784
682
736
779
643
520
792
581
528
525
666
546
772
638
711
575
614
523
604
510
626
775
729
784
780
553
553
737
715
667
789
753
736
799
574
543
734
707
722
691
506
539
758
699
659
651
639
583
594
724
577
782
507
501
519
640
531
507
787
654
536
507
720
562
624
651
658
708
732
694
507
603
698
689
727
708
670
716
627
579
771
615
612
556
659
549
553
629
781
696
505
744
772
723
795
693
542
576
591
799
502
579
800
538
776
657
613
796
797
778
678
646
578
616
573
715
673
721
565
606
608
799
642
652
579
624
532
791
769
715
736
780
686
786
705
517
666
696
521
601
751
713
775
508
792
690
548
629
581
701
745
610
796
506
738
596
600
543
548
520
639
549
683
707
568
738
768
623
625
608
750
582
788
584
780
597
628
679
647
594
653
642
626
577
774
750
513
573
590
637
620
555
722
579
594
783
670
582
515
677
625
622
531
624
503
502
684
570
570
696
588
537
588
759
719
640
562
601
696
585
545
620
565
736
786
680
778
747
589
738
781
688
597
596
702
766
788
779
715
630
785
689
589
741
729
708
674
538
704
513
568
715
696
772
566
650
772
780
732
649
759
662
671
658
721
688
669
634
606
623
796
519
654
578
791
646
605
785
648
608
729
769
631
510
778
523
689
515
767
767
698
589
721
604
741
570
791
591
668
511
602
624
723
736
717
502
747
676
729
789
556
759
746
602
697
788
760
643
597
673
541
525
535
548
667
622
579
731
505
559
577
506
570
504
647
682
713
777
592
656
619
739
689
797
520
551
617
551
542
686
728
502
738
754
791
665
760
784
746
609
668
714
617
577
758
521
729
759
566
667
610
780
553
655
737
766
