181
166
184
144
166
118
179
119
159
170
175
191
124
183
149
102
113
172
115
169
185
127
198
108
146
103
122
115
129
162
173
114
121
191
154
133
176
179
191
196
158
119
101
138
185
110
159
116
141
136
120
102
182
162
151
187
170
157
143
174
112
122
170
111
106
105
183
109
150
105
126
192
134
175
184
177
199
135
126
161
186
200
171
101
103
140
194
119
144
180
190
184
142
115
192
149
127
187
156
194
186
104
120
153
193
110
115
135
128
101
192
176
152
107
193
116
189
101
183
177
181
147
157
185
184
155
187
115
178
159
109
142
155
105
126
199
149
164
103
106
105
191
171
184
109
170
190
192
190
194
105
111
154
192
118
101
138
138
126
112
110
116
156
161
142
128
195
177
108
161
172
197
140
154
183
144
149
147
179
177
189
146
140
179
198
106
166
132
196
123
126
170
184
105
151
166
182
101
137
191
141
130
103
104
181
167
172
185
119
137
185
200
199
171
176
106
102
110
126
182
187
180
108
184
189
184
191
107
150
117
157
190
191
171
200
176
183
114
121
124
119
192
166
171
167
117
180
119
110
186
127
126
177
108
142
144
163
135
185
159
100
125
188
105
191
104
115
105
115
120
177
194
130
115
169
113
183
195
168
167
182
176
126
174
148
136
142
169
183
103
198
159
129
193
132
120
198
102
106
155
114
132
136
188
105
124
192
160
140
152
125
104
199
174
191
189
150
135
188
172
148
177
133
128
156
116
184
161
186
110
131
198
181
159
178
178
117
194
174
165
166
150
141
146
118
100
172
177
168
169
152
144
149
102
166
122
184
132
156
149
188
166
176
104
100
161
103
164
170
166
161
193
108
197
110
150
108
151
115
151
135
139
148
125
155
194
106
114
166
183
146
131
159
145
155
135
164
116
111
109
116
131
179
106
563
557
564
747
718
712
670
582
567
516
718
751
542
678
730
726
743
538
615
740
612
792
661
593
764
543
694
536
740
669
621
550
667
668
635
561
635
742
693
774
690
698
542
670
784
766
565
696
537
764
771
553
537
778
753
702
768
757
606
611
543
787
738
616
662
672
515
513
556
719
577
630
577
688
634
605
513
502
630
690
590
632
523
722
559
751
617
749
552
582
779
725
528
668
662
559
769
771
714
517
575
708
664
606
637
629
591
553
571
565
795
650
755
603
787
503
788
717
786
695
682
509
520
525
604
509
656
696
709
653
658
750
690
681
787
664
518
740
605
584
651
797
607
718
793
626
583
758
599
621
729
508
639
563
529
749
719
739
509
667
595
751
728
520
516
551
799
617
515
661
612
729
590
722
626
761
686
640
652
587
625
524
747
667
515
517
569
669
521
645
712
603
676
630
527
717
598
605
648
549
730
767
725
799
580
606
635
677
765
754
615
709
617
656
511
527
777
504
502
725
683
586
789
748
738
581
629
647
649
781
517
599
522
618
637
659
618
507
656
545
606
747
781
797
692
746
617
699
542
559
646
676
747
769
736
680
575
720
794
558
641
737
501
581
572
513
541
770
529
623
751
653
564
715
641
733
796
606
593
683
740
685
677
637
745
754
766
635
539
662
618
727
677
684
654
703
610
687
709
738
782
751
793
697
687
592
778
669
602
794
683
645
795
679
548
684
744
667
621
533
613
559
623
520
799
742
710
566
521
608
516
551
748
742
617
715
726
776
554
564
621
735
759
729
678
750
566
575
706
518
674
705
666
720
610
552
539
569
714
563
742
531
592
760
566
588
639
729
676
617
788
690
599
563
626
564
520
784
592
759
553
768
694
519
503
673
591
781
547
733
742
632
736
722
587
792
760
557
602
699
716
788
780
779
784
784
764
763
563
676
645
525
771
746
682
505
796
799
596
687
659
709
719
759
658
614
658
605
625
753
783
791
780
726
778
695
701
658
752
649
581
629
552
634
596
531
683
613
759
650
708
552
754
513
663
516
752
539
650
545
707
556
716
728
567
733
668
534
786
524
556
520
638
564
767
785
607
540
704
561
776
516
522
711
718
792
666
773
605
640
642
737
722
616
599
787
651
505
717
721
505
696
723
540
786
587
508
650
621
517
547
738
555
670
787
552
531
681
601
682
605
693
502
638
511
551
638
511
546
737
527
767
592
673
675
620
570
563
589
731
767
770
713
661
795
760
727
690
633
705
569
691
668
723
759
712
531
659
705
619
717
797
616
789
546
727
671
573
650
766
544
629
563
676
726
618
525
547
677
631
736
669
606
699
656
689
546
750
617
658
686
577
580
748
707
680
687
593
526
679
634
600
617
589
613
587
533
656
682
538
665
599
798
662
600
762
637
799
781
529
683
781
658
727
610
645
772
543
503
635
763
554
780
731
764
651
714
776
648
610
605
551
603
622
628
783
657
614
636
719
561
694
523
784
537
636
774
727
673
659
560
522
704
785
674
730
764
655
556
739
764
541
587
771
791
579
703
770
589
748
519
726
637
777
633
627
612
649
673
513
680
664
796
771
619
795
690
662
522
639
752
734
789
611
558
563
697
520
674
769
648
743
787
530
628
580
509
671
678
660
799
756
776
698
633
620
515
536
784
757
775
639
775
638
678
763
595
702
602
734
799
571
603
530
768
514
568
586
711
712
517
723
576
555
553
720
565
560
532
529
610
623
609
665
794
535
634
710
796
517
522
585
689
646
787
589
648
637
615
672
748
761
621
779
621
696
550
763
620
667
627
772
669
702
714
690
758
519
732
751
674
777
765
530
661
777
685
575
734
701
675
724
651
503
646
696
551
543
721
794
762
544
505
634
731
519
757
619
763
514
556
588
764
694
777
757
561
503
750
733
565
575
636
535
668
780
686
570
606
750
581
550
750
508
571
564
529
538
715
784
624
664
720
638
577
689
765
685
665
670
710
790
527
679
793
763
579
774
616
797
525
698
798
674
630
535
677
623
790
633
521
519
720
578
556
762
505
651
524
513
603
688
700
695
527
710
727
773
772
719
727
677
712
758
679
780
549
765
532
781
572
623
564
520
795
640
578
759
722
701
651
589
603
681
728
659
524
598
733
616
682
793
638
760
624
775
585
774
678
561
761
792
583
687
586
691
625
634
728
789
582
552
688
702
516
712
682
663
558
561
544
686
683
537
669
656
639
518
750
629
678
633
678
798
626
731
707
625
720
722
647
739
688
611
658
703
720
530
709
770
599
768
709
790
727
698
575
513
716
533
605
642
556
680
551
683
768
789
554
511
518
657
573
527
503
606
651
724
750
792
691
670
627
660
576
739
626
510
693
668
612
627
689
762
650
721
547
644
627
762
764
714
672
797
644
756
711
767
584
776
784
787
749
617
518
612
556
629
507
605
570
640
699
515
518
576
735
626
531
513
793
606
777
797
632
630
668
692
564
688
588
549
570
790
631
502
745
509
550
682
548
723
682
577
796
660
664
743
516
749
541
559
583
749
719
576
510
703
501
781
702
666
712
546
728
663
643
577
752
544
622
551
622
572
735
632
501
623
553
701
602
653
778
602
720
710
797
604
538
717
574
502
727
575
770
757
706
633
585
603
799
716
755
629
790
595
771
771
664
714
529
693
711
568
512
597
698
523
560
740
728
577
752
563
530
615
656
549
688
732
778
784
520
689
638
684
797
729
541
507
566
755
509
718
761
678
602
759
720
683
614
683
639
613
631
653
637
706
694
655
594
506
556
517
781
560
619
632
702
546
543
687
539
605
663
795
668
775
749
605
543
748
666
675
630
501
745
563
792
726
602
604
529
541
509
506
576
731
696
545
621
690
576
592
761
542
732
735
778
667
634
771
585
506
585
501
763
610
517
639
554
649
505
737
521
750
683
758
736
704
641
501
725
626
535
577
793
696
691
765
710
782
776
774
778
611
569
616
755
649
636
505
596
702
666
721
738
584
783
625
752
519
501
643
689
720
656
543
612
576
796
785
788
645
745
771
719
597
524
604
709
649
569
795
654
635
529
573
643
733
612
691
501
740
562
622
525
791
646
760
662
565
715
612
775
799
515
795
674
683
686
589
623
741
632
672
698
637
655
614
671
548
769
565
503
518
592
579
551
633
542
604
535
511
564
610
591
680
677
687
627
559
645
792
662
699
732
780
788
590
712
619
786
666
654
534
574
586
634
575
574
535
550
701
734
689
503
625
511
571
537
753
500
703
755
638
567
713
661
683
661
736
760
740
651
516
780
599
572
576
505
627
649
791
784
652
620
653
675
726
739
650
766
582
601
743
606
741
708
699
676
579
563
559
548
533
797
594
619
528
696
623
578
765
584
586
695
573
544
594
730
537
705
671
698
546
597
555
541
798
678
608
532
627
509
631
511
689
790
518
651
625
645
615
555
789
779
632
680
594
778
642
534
643
702
794
539
788
725
702
755
649
791
766
500
782
648
735
628
597
773
619
788
613
608
646
533
556
613
757
753
516
675
571
702
560
520
642
700
731
741
719
530
551
766
558
775
607
524
583
571
780
624
715
701
757
518
684
712
649
667
557
552
669
528
544
749
651
518
782
712
664
788
791
571
788
718
513
682
605
513
560
705
630
589
605
790
780
584
558
679
590
577
635
772
688
514
778
793
714
583
779
670
662
551
692
619
587
555
752
726
600
587
799
566
530
729
626
655
630
628
664
749
748
629
787
756
668
582
584
696
642
730
518
588
618
628
627
739
576
752
792
621
730
758
666
609
524
753
690
635
671
582
590
734
580
651
728
604
741
549
795
779
640
695
782
546
628
650
569
654
779
625
566
749
722
746
633
707
509
536
658
744
547
717
638
744
755
791
680
580
646
607
677
794
504
693
550
771
542
648
565
771
717
605
751
763
699
581
611
638
548
674
519
578
691
761
749
789
535
767
793
620
595
538
570
512
641
593
516
501
729
552
626
630
795
614
579
598
792
751
531
578
539
560
710
668
765
732
579
768
733
757
573
727
638
597
533
622
613
568
772
510
524
677
793
714
610
665
637
549
714
716
567
778
516
797
778
533
782
569
718
774
620
748
647
715
684
654
505
543
690
605
752
769
595
569
555
719
744
523
523
621
753
644
704
541
775
641
618
602
768
791
520
536
697
750
783
558
609
511
780
696
622
514
759
599
753
624
563
524
782
591
534
702
620
800
551
789
546
785
659
521
617
534
743
691
513
664
766
715
759
768
604
748
607
713
651
716
588
538
795
561
517
553
522
569
788
792
545
738
756
671
737
783
789
683
725
582
786
779
547
609
667
531
760
617
663
665
577
761
647
692
759
712
679
580
751
620
768
682
757
771
625
514
515
698
707
683
672
554
666
524
510
548
616
603
740
542
653
795
708
676
616
568
595
635
790
642
514
604
793
632
526
693
708
544
741
736
767
722
784
615
782
571
752
689
669
511
715
661
532
741
714
760
669
736
512
557
720
747
575
622
791
517
565
733
691
636
670
797
728
714
694
601
734
637
550
706
715
774
708
620
680
588
646
653
536
646
556
614
766
752
774
548
608
539
755
625
539
703
521
762
777
799
507
714
719
612
561
612
504
610
593
697
533
544
749
794
553
532
710
518
782
569
509
638
550
786
636
653
717
670
571
527
720
630
792
603
677
541
545
686
668
744
586
738
693
701
728
733
651
603
718
748
695
598
729
691
740
501
671
581
613
717
799
618
767
506
715
546
527
642
523
757
613
563
556
620
588
518
510
605
797
696
534
637
524
603
669
684
503
735
526
682
603
639
538
627
537
787
735
754
774
548
768
660
744
757
688
683
686
664
791
520
622
525
790
616
577
509
672
719
671
592
698
792
751
601
533
536
560
769
726
668
547
677
692
769
523
692
531
782
678
793
717
594
556
635
682
655
697
779
735
754
754
533
641
789
693
597
658
650
799
573
557
769
723
547
529
581
753
506
792
560
527
561
509
742
557
691
543
763
760
690
700
661
701
683
766
640
726
648
684
753
604
762
604
586
768
716
689
689
592
719
564
622
721
598
785
760
776
727
560
556
511
529
535
603
717
568
637
645
778
663
595
552
689
588
736
567
764
603
756
525
609
725
569
624
558
666
658
599
559
568
525
699
598
525
767
711
794
509
776
661
684
734
585
509
590
675
569
699
517
625
631
509
650
752
643
749
677
777
556
647
792
787
529
616
566
554
599
600
768
588
781
631
742
575
571
695
607
714
766
597
727
567
582
726
750
744
790
723
713
562
745
689
521
562
607
576
579
703
570
715
793
742
765
718
693
704
606
514
730
511
647
747
701
745
511
560
788
784
770
720
638
554
749
767
672
572
796
680
796
521
738
550
755
546
631
547
777
546
756
793
731
756
733
590
617
509
629
766
686
557
669
660
605
613
651
525
710
627
555
797
790
600
523
686
546
580
574
682
621
659
574
590
770
501
773
709
625
686
757
615
594
656
711
631
691
780
644
633
614
637
537
525
509
664
794
532
546
521
591
724
674
625
696
622
528
742
782
744
669
574
649
703
584
610
751
720
618
691
614
636
701
616
648
611
659
531
522
508
501
776
555
716
658
709
678
704
545
790
611
772
748
710
563
526
785
747
776
739
786
592
612
747
604
570
792
784
568
538
656
582
754
764
699
791
507
624
683
559
624
663
639
582
568
589
751
796
629
733
558
700
634
580
665
684
601
519
589
728
674
691
717
616
742
536
622
685
598
636
782
725
702
569
709
656
748
772
656
610
560
580
634
594
533
526
670
648
657
555
666
796
600
773
698
565
590
785
614
692
655
659
693
791
777
650
586
523
786
675
532
791
616
726
582
552
552
647
723
588
763
548
579
668
761
588
536
736
555
504
790
588
790
501
796
532
691
634
530
781
738
766
546
601
722
702
693
634
661
520
712
657
713
557
762
624
672
612
665
795
596
686
643
547
599
696
736
588
747
707
727
692
543
609
783
591
666
707
599
763
684
725
530
769
562
755
545
593
568
647
763
597
535
557
552
527
735
607
585
609
613
656
724
729
786
779
510
598
644
668
596
792
791
710
684
666
530
566
672
721
568
763
752
519
606
604
519
645
677
710
527
731
652
643
763
708
727
702
783
693
590
599
650
672
600
762
682
694
578
640
716
681
798
664
525
699
528
604
509
564
651
658
670
526
513
725
698
635
529
662
692
790
551
605
681
754
795
633
636
523
514
532
574
624
781
597
783
571
760
727
603
732
763
657
776
773
575
662
678
676
628
779
569
684
685
653
564
648
548
766
512
608
591
693
636
539
667
793
630
728
704
687
724
548
610
533
729
517
661
522
579
505
548
749
733
707
506
506
676
530
597
681
654
767
551
774
777
742
787
645
519
586
796
735
543
612
519
787
635
734
792
500
534
683
557
557
799
680
610
518
729
672
666
662
611
538
521
707
784
789
777
730
645
789
743
629
636
555
679
760
574
647
762
542
671
603
746
743
639
773
514
772
528
534
798
748
508
783
783
548
636
563
688
742
657
740
546
611
575
723
566
587
701
557
747
510
522
590
747
522
713
652
540
596
671
694
554
706
604
655
588
680
538
760
681
500
641
716
715
674
714
755
739
503
748
777
628
722
566
775
663
616
597
690
508
759
778
585
731
571
751
671
768
564
508
724
759
730
715
516
620
740
760
634
699
762
688
709
732
547
503
592
637
602
700
775
642
734
501
569
572
536
782
636
799
727
580
527
503
649
710
760
728
710
515
729
505
581
762
683
786
658
590
614
595
699
521
625
565
587
680
564
790
762
606
647
780
508
501
532
582
780
656
771
519
745
689
677
689
669
571
528
693
731
745
705
553
653
518
791
773
744
512
743
511
757
527
543
775
732
626
533
517
583
742
667
563
773
518
659
728
669
615
613
660
716
565
671
763
536
643
616
641
763
757
599
573
758
631
774
731
729
761
632
670
606
771
539
777
786
763
774
784
654
739
740
731
656
753
539
641
588
610
515
775
714
688
650
594
609
590
654
729
623
578
513
764
505
630
765
656
546
621
506
561
583
598
566
513
785
578
796
714
566
789
545
647
596
595
528
697
797
579
539
690
556
755
647
621
722
661
758
581
608
606
562
534
765
510
674
782
697
576
753
734
661
688
604
543
662
602
623
656
723
771
634
794
629
669
654
726
657
517
752
512
676
528
608
755
571
503
524
561
732
526
772
591
602
788
777
794
602
710
611
662
501
774
642
515
638
628
627
575
566
519
633
635
577
698
672
573
561
740
583
561
764
727
800
779
726
592
687
730
643
507
685
695
552
621
794
561
612
586
632
763
731
730
502
757
511
735
798
694
602
565
574
669
585
705
557
581
530
752
726
661
650
643
575
541
606
699
634
700
504
578
538
659
554
798
799
635
591
517
706
683
725
741
581
601
552
732
561
773
721
794
587
641
606
709
777
571
507
536
554
785
796
764
523
521
729
633
597
761
546
790
576
758
760
744
574
661
524
639
764
656
511
718
557
510
646
782
567
613
507
793
544
644
573
705
693
527
557
508
669
693
538
766
500
793
553
580
578
597
627
560
745
627
578
783
799
677
699
521
593
571
662
541
522
736
685
525
652
523
736
776
622
729
594
756
588
549
526
638
553
554
757
799
579
699
626
559
751
504
604
555
616
634
606
688
746
650
655
560
706
731
718
792
706
657
624
581
793
551
658
715
721
658
526
731
718
585
659
697
759
720
663
585
543
501
661
567
605
586
625
557
661
540
782
590
663
725
607
104
200
171
172
152
140
200
128
104
129
129
188
195
120
184
112
128
191
172
174
192
150
181
143
151
197
182
167
171
107
155
101
116
106
124
148
174
156
116
172
175
126
174
188
125
150
114
169
147
123
118
102
109
190
179
118
180
138
108
191
108
122
154
198
143
109
120
161
104
150
131
143
182
179
150
162
196
133
139
149
194
104
151
150
101
101
139
173
180
198
194
149
116
154
128
113
184
197
172
185
159
155
160
121
146
199
116
127
179
106
119
171
126
141
133
197
170
118
167
155
166
182
157
174
145
198
100
144
135
142
116
187
197
181
103
198
187
194
150
161
147
106
172
155
110
179
110
133
171
106
105
194
177
195
101
153
128
161
156
198
136
154
111
152
153
162
193
192
165
188
101
198
130
182
133
141
161
180
140
108
127
181
160
161
111
152
189
104
179
117
138
134
153
163
182
190
144
137
134
139
110
193
161
124
131
143
149
103
147
115
171
122
172
161
183
123
107
126
168
107
155
178
185
142
197
168
148
118
179
117
176
154
191
108
126
113
156
140
125
182
131
163
144
190
108
149
159
114
139
112
101
139
195
117
186
181
164
183
115
162
162
130
148
158
161
188
119
134
153
199
191
145
172
118
123
116
187
196
133
168
174
103
191
174
115
109
187
134
116
118
155
112
141
189
609
583
674
603
689
521
696
707
564
631
597
614
525
615
619
604
732
535
681
569
617
534
699
674
764
768
570
504
743
649
594
538
580
563
729
639
768
738
776
601
626
545
694
570
570
581
745
524
540
724
535
622
768
623
515
646
730
775
615
571
507
708
541
591
526
549
555
664
751
753
755
546
743
631
506
526
782
647
588
685
596
726
722
561
658
577
627
667
787
561
733
506
710
716
508
560
793
736
791
588
643
553
515
684
638
604
786
654
560
616
560
767
711
528
706
662
604
746
774
702
530
521
752
519
624
690
517
558
539
508
564
789
546
503
690
790
643
525
561
684
746
583
722
512
611
711
610
799
569
800
678
565
664
596
732
724
632
624
506
784
521
779
584
672
702
574
624
727
727
618
519
574
667
671
511
745
609
638
782
794
571
728
657
612
518
511
581
629
688
681
794
503
592
561
652
667
550
656
714
636
524
596
663
652
509
763
761
516
784
550
749
604
614
638
566
581
677
790
644
668
634
670
513
503
541
753
600
606
789
602
691
799
577
720
592
687
581
739
709
631
645
727
633
604
522
750
708
630
558
602
730
520
685
579
663
539
719
663
773
702
584
613
527
513
668
652
548
662
698
767
577
621
793
548
648
563
764
751
674
781
634
682
536
543
562
639
763
647
771
629
595
518
567
719
666
771
740
744
685
764
650
594
620
674
799
787
549
674
613
740
588
743
745
690
506
755
574
752
693
559
786
764
625
583
663
657
507
620
639
688
660
768
769
770
780
564
787
717
767
755
643
652
643
666
564
652
529
528
793
719
746
575
563
641
777
551
775
602
721
655
637
615
547
626
700
786
727
668
510
722
713
532
659
703
793
567
672
776
636
609
659
574
721
739
663
554
520
537
683
511
788
724
632
798
723
611
755
570
794
683
668
596
745
647
550
506
647
703
740
707
525
722
558
511
589
647
690
638
557
779
606
771
523
754
578
768
504
658
688
773
526
661
784
583
784
537
689
784
768
691
532
668
675
624
613
706
598
725
689
790
640
703
733
699
508
503
797
636
655
610
793
514
643
772
517
697
597
710
519
638
684
740
717
555
586
642
529
585
737
772
545
723
717
730
576
763
741
795
719
580
540
587
536
569
765
732
727
726
751
682
726
759
739
698
564
542
535
684
741
744
525
698
565
733
558
603
725
513
680
556
655
540
707
549
527
566
534
728
777
625
538
792
579
768
543
571
769
723
751
502
670
514
750
585
739
598
783
726
707
639
573
640
722
616
749
612
601
589
587
606
770
590
747
729
646
688
598
693
563
622
619
713
740
776
787
638
608
663
566
764
552
575
706
515
573
735
677
584
661
520
648
800
533
516
671
695
625
793
753
597
622
678
646
746
623
615
761
536
598
573
675
602
676
508
795
783
509
789
643
760
507
737
627
505
753
588
660
561
750
619
657
743
755
714
611
504
591
616
520
760
707
669
595
658
704
633
525
639
625
562
539
576
713
638
702
766
506
795
547
797
645
695
714
617
608
576
690
672
630
676
738
605
632
678
528
789
627
555
739
709
722
668
683
708
597
561
693
695
589
578
711
761
723
795
761
593
684
524
522
706
755
747
533
540
732
514
786
695
741
791
716
574
777
549
595
712
751
632
792
599
737
659
732
541
799
536
553
522
595
601
584
751
511
789
567
607
671
664
600
719
732
643
649
637
617
552
736
715
583
542
787
558
770
730
799
657
760
782
698
746
785
728
751
588
614
579
696
634
758
784
559
711
620
539
638
521
513
785
502
714
540
671
638
535
735
558
790
603
662
648
575
785
579
504
735
517
731
607
787
777
595
770
708
556
781
592
713
571
797
784
691
776
536
562
608
577
683
576
776
588
795
734
618
585
689
678
744
614
756
513
522
705
653
502
607
696
756
675
562
528
761
739
795
580
669
717
636
654
644
536
554
746
797
658
584
798
684
581
675
694
739
771
671
660
735
667
611
548
506
516
597
538
655
741
633
537
650
753
761
562
769
598
600
764
725
695
635
741
595
616
627
788
617
662
647
713
640
633
587
763
569
720
698
522
708
737
524
583
523
798
763
702
752
736
735
605
664
769
613
745
549
505
534
628
706
631
727
775
565
588
635
694
561
772
633
625
629
726
766
763
621
503
596
548
541
676
773
624
659
637
651
778
614
674
505
747
766
719
625
628
624
561
613
641
800
762
648
681
606
673
780
627
735
680
602
590
715
782
699
598
524
729
798
764
778
793
525
770
770
705
505
721
716
792
728
582
724
510
656
570
593
585
615
704
642
538
606
736
660
676
703
741
600
764
746
743
760
664
661
756
650
774
655
685
741
587
790
689
697
536
735
563
585
795
679
527
650
541
646
719
734
511
662
650
673
594
771
562
612
588
703
658
790
538
646
555
507
505
624
710
523
724
663
616
698
500
729
611
771
641
512
624
791
786
544
501
780
786
635
797
751
639
559
549
528
587
670
685
751
630
679
541
794
767
569
784
786
719
715
745
673
762
638
740
620
594
760
617
506
669
732
551
778
786
660
530
773
773
741
641
561
576
532
537
508
713
749
677
654
549
782
533
757
637
610
705
612
680
787
578
671
506
660
560
539
598
587
514
570
508
651
657
517
666
784
681
632
743
609
559
592
549
660
765
761
685
586
666
608
510
785
503
779
688
626
673
591
556
760
612
628
650
600
725
782
738
625
505
634
781
533
772
750
617
630
572
532
604
613
740
763
732
639
787
593
651
785
521
594
744
610
760
664
654
727
596
517
691
515
791
684
682
546
770
740
729
668
585
728
526
786
794
723
762
742
504
714
699
521
675
742
504
638
718
697
650
707
788
792
680
594
592
604
691
796
597
775
671
721
783
670
516
602
515
560
789
640
579
567
729
526
734
569
523
701
753
533
706
577
736
574
683
629
584
644
520
624
697
594
507
584
688
701
666
582
536
524
620
548
501
621
618
526
626
677
565
552
556
523
692
625
721
665
584
780
777
638
641
789
664
724
604
542
727
672
730
731
698
706
570
727
597
568
708
689
724
557
621
681
640
692
762
679
588
576
553
571
523
504
590
644
710
564
772
791
701
797
664
643
759
664
687
605
543
793
672
692
728
750
665
530
771
608
794
548
788
783
592
666
598
550
694
573
678
764
753
780
576
527
640
697
542
715
703
529
607
690
680
706
775
634
639
509
561
578
624
760
700
731
748
614
557
625
561
773
527
679
607
644
795
526
629
720
576
505
757
640
576
787
580
507
535
618
641
646
591
501
652
711
734
576
799
734
532
590
657
714
578
729
630
701
671
588
768
627
674
659
689
690
693
799
654
658
537
746
636
782
563
670
696
673
739
521
728
666
649
545
693
545
712
697
798
683
527
581
704
605
534
728
766
650
641
605
652
626
509
620
687
622
679
623
746
553
799
796
541
596
734
748
753
750
639
744
658
668
664
535
682
549
686
771
555
673
549
661
689
560
769
784
788
677
649
596
738
516
528
740
751
707
673
630
518
545
621
793
543
778
522
605
605
557
600
612
556
535
601
585
624
714
669
521
539
738
701
597
760
553
703
699
700
718
783
506
538
572
742
589
585
799
677
687
748
599
704
615
640
540
540
617
639
719
524
787
608
674
535
776
631
539
595
627
764
536
748
785
676
783
561
543
764
752
721
711
685
606
536
673
601
779
712
574
654
587
691
544
777
571
604
734
765
778
655
684
600
591
591
779
796
505
771
592
623
622
520
723
677
523
606
708
762
799
763
679
579
530
769
656
725
623
591
741
521
514
594
647
545
711
533
517
771
626
720
729
776
767
510
740
609
670
761
564
710
698
676
711
678
589
767
519
681
737
753
552
800
613
622
722
642
695
539
567
661
650
629
699
774
622
722
772
685
725
554
557
677
799
648
587
740
700
622
545
656
742
797
559
569
637
602
551
760
551
624
695
565
672
681
712
762
780
632
508
587
767
524
540
790
700
676
660
736
695
590
713
524
772
586
630
657
687
576
542
600
710
717
726
637
699
632
694
527
607
622
791
547
557
714
639
639
530
796
581
698
605
744
738
765
556
697
640
614
517
791
757
659
548
649
602
512
522
601
664
565
542
515
765
718
619
542
746
757
667
578
734
516
690
736
645
534
648
623
732
753
590
690
523
590
500
710
508
718
728
611
725
676
693
648
552
694
521
791
748
713
776
563
787
713
575
741
543
514
526
783
500
593
687
783
681
786
715
630
723
734
727
629
525
594
706
599
596
621
643
711
751
583
625
708
789
798
570
671
519
582
598
748
664
527
642
683
689
708
574
787
503
519
721
734
677
705
525
729
611
507
782
566
782
724
789
551
630
503
601
702
755
781
535
788
624
738
698
616
646
532
697
741
781
615
542
786
720
695
553
758
769
500
629
703
597
669
716
561
577
621
648
635
658
618
614
693
621
533
531
647
683
544
508
621
583
649
563
683
530
595
606
745
786
602
713
513
535
722
608
685
587
672
677
528
546
688
670
635
574
588
590
771
558
776
689
673
695
775
618
757
640
656
735
548
632
757
776
708
647
575
680
559
681
681
690
794
664
765
523
560
564
667
760
514
598
725
641
757
550
698
714
747
685
687
667
523
674
760
561
504
671
598
704
670
734
661
684
657
601
755
558
596
556
540
645
627
740
551
519
718
694
610
509
782
581
728
724
693
673
633
707
568
540
719
636
682
643
599
621
505
600
702
620
614
743
680
696
623
710
575
585
637
625
507
649
699
619
519
667
551
766
679
705
554
530
536
559
597
698
652
795
597
636
653
546
714
597
585
513
628
611
698
737
788
725
643
566
597
732
664
564
513
636
662
616
572
626
550
769
747
614
587
731
509
617
518
697
738
606
564
732
609
666
775
647
572
555
597
762
739
756
662
676
657
653
665
685
577
738
569
798
747
585
610
700
654
788
798
697
720
523
603
620
573
773
679
514
701
677
562
513
653
582
554
183
165
180
155
121
175
150
116
120
111
177
183
166
133
141
152
115
184
116
114
125
170
116
193
178
199
113
191
183
181
167
123
173
195
194
160
119
113
187
172
170
156
112
172
165
126
139
127
156
179
157
173
191
143
144
156
174
169
198
172
119
184
121
185
183
680
797
720
660
650
539
584
590
698
552
671
718
587
568
709
599
694
624
714
768
700
761
788
712
565
595
709
548
663
783
723
578
626
692
725
696
598
735
591
671
636
506
694
567
682
573
720
572
755
690
584
536
631
759
765
712
737
669
663
590
682
654
797
785
747
580
629
582
704
636
795
692
751
666
791
537
546
726
600
737
697
746
615
757
576
562
642
779
521
714
588
625
761
655
732
568
753
765
744
542
506
627
721
702
581
569
544
737
592
603
585
514
510
640
556
570
691
659
674
760
602
549
592
678
538
545
641
526
702
547
678
785
751
651
568
734
783
506
513
591
711
653
511
689
744
660
797
714
739
595
559
702
596
726
790
782
512
549
720
723
755
755
710
510
688
562
598
709
509
767
713
664
640
509
570
608
783
712
719
572
593
761
553
773
545
503
583
579
712
694
704
612
549
513
568
717
659
649
539
526
682
775
668
793
592
622
556
788
711
611
603
554
556
697
799
524
798
549
652
762
593
568
763
712
654
594
600
529
745
687
572
786
603
705
671
533
568
664
793
548
781
780
580
772
745
655
556
507
710
593
518
622
533
724
594
652
628
719
634
712
635
613
589
650
529
705
530
784
500
589
562
592
668
791
615
731
575
678
517
586
547
560
711
559
629
745
617
605
598
582
544
738
576
670
564
540
677
501
658
750
662
714
772
794
594
555
767
628
511
517
548
542
630
621
754
739
576
516
633
523
565
658
794
710
575
502
630
631
587
678
738
516
685
626
710
503
716
601
559
508
755
759
723
647
605
650
676
774
750
694
591
668
591
668
737
645
749
556
561
753
794
620
524
652
792
775
678
687
593
588
505
559
732
758
740
661
518
704
792
575
574
607
763
505
593
594
592
654
678
781
704
772
576
671
517
734
552
593
679
568
622
750
662
658
753
537
775
671
515
799
774
769
524
722
584
781
740
769
643
726
632
563
522
677
520
609
539
757
760
697
625
775
774
576
598
764
739
744
648
708
721
542
719
702
745
613
635
790
552
737
564
518
649
640
753
771
680
653
596
789
512
504
593
653
745
603
746
749
772
764
739
674
505
754
560
508
660
556
633
608
564
659
503
724
628
530
677
752
662
518
567
743
712
786
560
537
717
613
611
713
775
755
773
529
743
535
609
521
759
796
742
585
678
525
504
509
779
717
709
790
789
612
693
539
726
570
570
546
795
721
716
612
704
712
789
771
538
505
613
674
575
619
550
524
796
645
508
514
665
742
510
638
638
540
783
714
669
596
598
744
744
707
540
681
666
671
705
770
716
539
681
776
770
547
516
538
719
527
688
641
777
784
596
753
629
518
703
735
718
628
691
735
530
513
630
501
603
594
787
786
529
717
517
742
573
578
579
604
515
571
730
750
795
531
558
587
686
779
688
698
626
631
585
582
745
780
513
746
641
553
684
682
697
586
590
567
700
705
521
713
695
722
760
507
729
649
579
523
772
707
509
770
610
792
677
763
789
633
748
533
790
691
722
696
755
779
725
656
558
623
572
553
501
749
677
760
658
616
613
670
774
514
660
519
714
541
684
585
675
669
540
791
584
558
708
621
715
564
688
642
732
674
740
766
768
720
515
706
663
737
625
575
792
589
507
621
672
562
664
613
581
506
798
679
531
696
520
600
505
513
643
611
552
596
767
691
518
733
660
782
513
630
713
634
590
516
704
798
606
750
797
790
530
742
662
564
738
754
586
502
711
692
676
799
620
664
794
799
765
691
700
642
584
664
575
756
604
676
531
537
665
755
687
666
719
547
701
727
513
652
547
725
596
741
509
500
712
680
696
783
694
735
582
571
613
665
537
675
510
580
719
764
611
708
671
775
532
766
623
504
560
752
579
626
530
660
601
644
623
534
713
544
615
774
604
630
637
799
529
577
565
601
741
647
614
580
760
589
621
526
793
518
748
782
583
688
646
774
677
737
619
796
587
673
753
738
758
745
776
600
687
633
755
626
506
776
574
560
609
783
512
611
647
748
777
508
617
762
745
536
517
681
719
580
654
753
730
710
515
786
659
536
726
797
503
620
532
753
609
742
596
705
631
588
800
505
790
721
548
652
575
748
764
553
720
533
630
746
629
778
640
794
707
694
532
731
738
777
534
540
744
653
711
656
547
707
716
604
761
620
621
799
629
720
751
699
732
702
667
608
688
637
518
756
628
522
585
567
627
632
785
655
522
597
566
675
736
758
614
546
678
586
571
568
796
668
710
712
641
708
739
756
513
657
785
787
670
644
794
784
536
765
628
691
765
760
614
712
649
708
546
555
738
667
767
514
609
555
590
779
585
742
616
507
734
520
575
793
506
520
666
648
574
597
633
715
786
574
616
681
506
600
751
673
652
602
694
749
750
608
748
548
591
582
621
580
769
682
632
640
585
627
711
669
787
706
528
763
517
514
689
719
580
683
700
662
789
661
647
620
612
765
696
678
654
545
505
539
592
523
751
611
713
701
675
518
525
522
590
530
621
523
716
680
758
676
789
680
573
515
683
747
760
752
797
579
798
545
607
664
713
794
633
575
637
729
571
748
634
727
602
578
739
676
798
626
689
564
579
509
774
510
685
624
543
517
736
513
666
558
665
526
693
533
543
535
566
592
576
583
707
538
659
543
732
698
625
553
577
626
699
517
523
747
670
718
705
711
573
734
541
644
506
799
770
781
756
630
676
600
567
707
653
538
533
579
635
582
753
559
692
617
556
516
547
655
527
604
533
690
511
680
633
634
587
725
699
510
633
724
731
631
760
765
544
522
760
708
747
519
524
534
504
549
540
628
750
739
621
720
677
571
733
728
793
599
775
767
624
605
559
681
797
723
748
758
505
608
540
616
649
585
518
688
728
756
706
543
505
646
716
696
569
781
566
593
658
659
767
578
769
751
543
509
542
720
561
574
543
673
523
654
516
705
515
789
778
568
688
538
520
593
686
727
787
608
756
695
556
782
560
508
766
624
728
762
750
528
674
695
721
521
649
512
794
745
531
765
671
632
603
746
658
627
529
522
787
781
713
672
690
518
653
603
518
792
540
583
773
759
739
703
769
723
686
727
675
673
549
591
551
637
738
584
569
760
709
534
724
574
574
593
560
698
768
742
700
611
776
670
723
787
689
707
689
521
580
708
529
682
715
518
706
557
531
725
734
793
782
711
683
555
656
674
608
568
747
780
662
667
554
601
544
607
608
502
693
525
714
666
669
565
627
752
721
592
573
509
546
783
774
546
546
602
550
620
597
646
614
737
623
531
694
681
634
724
679
700
565
555
654
774
747
745
733
760
606
675
699
572
548
539
677
587
585
512
672
729
723
570
558
682
779
587
569
557
552
641
631
634
526
796
523
522
506
644
699
685
545
585
680
724
630
637
601
512
672
506
793
536
558
729
633
690
769
551
713
634
520
756
676
707
503
724
773
566
746
620
720
794
560
705
613
523
795
751
712
758
672
580
541
794
797
724
726
560
556
690
716
634
530
645
506
771
543
607
756
684
701
648
560
562
636
716
516
752
562
509
575
548
578
790
697
783
725
607
531
506
544
619
741
675
554
728
681
663
678
507
726
768
773
729
525
689
565
709
679
515
740
604
686
560
664
549
733
690
544
559
638
706
546
732
562
617
590
682
525
721
768
554
602
620
647
732
772
529
640
567
511
789
707
747
644
644
530
764
674
625
735
578
692
548
585
537
528
761
694
794
512
645
641
698
755
702
520
509
698
660
590
582
774
632
615
617
562
787
788
792
546
765
660
621
561
703
723
697
742
550
549
726
538
601
600
697
513
556
645
644
772
714
690
733
789
564
745
746
733
687
718
722
758
503
539
764
501
798
513
524
534
524
761
541
799
714
608
560
648
714
788
789
763
629
678
677
579
693
789
767
510
563
721
527
625
619
662
501
584
793
608
634
650
543
555
653
660
526
582
729
576
682
624
607
500
566
526
718
504
729
526
632
758
514
582
770
705
699
714
580
550
631
758
710
619
523
646
633
630
785
608
653
719
551
532
795
615
775
585
502
582
735
738
649
691
763
764
669
632
529
559
653
789
526
688
796
593
508
603
753
720
790
702
629
706
579
545
522
607
623
505
607
589
721
640
735
790
731
571
614
758
794
552
660
694
584
766
540
578
594
572
733
710
657
504
682
624
790
716
636
692
621
759
618
795
635
776
595
681
749
555
523
780
672
780
718
712
582
625
517
677
641
702
794
765
735
558
779
744
737
744
570
530
507
796
753
672
749
799
670
741
680
789
659
790
529
627
584
777
687
613
558
608
770
647
571
507
580
713
767
720
508
602
703
782
644
745
708
685
637
796
630
641
778
583
700
764
582
580
555
509
526
776
795
738
538
750
606
614
648
672
762
697
558
733
599
688
729
747
595
796
669
631
604
769
617
707
661
599
513
671
693
699
710
662
780
572
785
749
669
717
541
679
678
758
761
543
561
751
500
516
689
786
792
564
757
682
540
705
756
549
792
572
785
501
684
669
679
727
581
503
637
671
671
620
594
508
582
791
778
736
561
693
616
501
612
749
557
790
617
524
668
781
649
513
648
767
743
565
518
750
551
710
676
559
788
720
597
515
575
510
746
569
595
622
692
768
770
618
653
527
520
605
643
772
522
554
608
579
606
545
552
705
741
586
555
734
722
587
563
775
757
679
652
784
681
519
590
717
706
791
609
668
527
744
597
677
669
726
644
522
640
735
504
683
579
792
527
616
632
758
747
571
610
679
580
686
765
572
660
621
534
553
634
638
743
570
543
507
563
566
766
540
698
705
718
736
600
795
551
525
529
755
749
641
551
564
708
715
689
712
715
552
794
757
774
564
639
614
800
752
609
564
690
529
797
753
549
526
686
564
648
592
785
663
585
692
758
668
731
705
799
525
517
615
699
748
625
606
725
642
748
653
716
669
540
656
718
722
647
509
653
709
549
686
533
626
795
745
550
695
532
511
663
787
734
601
656
639
703
559
756
798
672
529
514
688
722
510
556
555
739
742
685
702
604
576
766
739
535
515
789
709
568
735
653
600
798
526
638
776
603
727
522
660
786
556
764
509
576
709
742
792
512
716
682
549
633
561
587
785
734
538
754
784
552
586
652
722
589
613
524
689
627
631
612
758
720
670
728
714
709
659
543
658
679
686
736
754
638
756
543
800
630
536
554
572
573
596
682
509
649
643
793
518
667
733
551
713
642
738
611
782
624
548
553
609
651
544
655
588
694
789
556
580
685
519
676
601
517
585
658
591
610
797
701
700
582
558
731
731
721
733
751
726
596
652
793
632
644
656
688
599
763
549
662
648
760
665
656
681
583
675
541
710
633
738
568
779
741
767
572
668
515
761
511
727
566
663
561
536
683
632
693
743
651
605
648
610
672
639
574
716
758
546
688
701
747
659
637
662
647
762
676
800
651
573
500
763
554
796
690
708
704
716
521
688
542
779
532
644
544
660
691
725
789
536
669
767
751
691
509
523
616
750
793
791
663
780
786
584
645
625
556
633
679
664
711
525
515
660
574
735
762
692
652
514
560
513
541
637
590
796
634
555
516
695
506
582
701
548
557
580
756
710
545
725
749
646
647
663
655
690
641
701
658
652
778
663
539
577
656
589
711
639
716
723
525
637
664
741
657
657
586
525
518
785
602
764
771
658
678
568
646
798
723
786
745
618
779
705
587
650
585
750
712
750
667
678
563
728
539
710
684
590
592
674
793
784
783
698
784
675
515
546
647
630
529
792
521
779
546
533
661
749
763
648
552
593
520
749
680
782
782
683
572
605
729
559
715
635
783
734
740
638
532
599
518
640
757
650
665
752
575
794
612
754
602
620
606
693
726
737
731
581
566
569
503
727
547
514
770
749
701
668
773
684
666
645
749
623
601
735
558
528
676
542
794
672
541
683
635
540
749
761
563
510
585
658
795
526
607
543
505
736
795
637
547
641
783
608
572
688
532
522
554
749
512
541
700
635
520
636
592
538
719
716
785
792
722
748
783
589
510
500
757
606
670
505
745
644
630
603
711
713
757
719
776
654
744
507
708
567
510
710
672
616
783
512
504
705
688
696
595
731
757
655
532
700
554
569
771
543
747
583
501
699
745
672
577
558
724
688
528
686
666
683
587
617
620
504
640
688
735
523
773
734
545
787
653
563
799
689
693
652
589
779
742
730
690
523
587
737
531
611
776
616
758
504
752
679
632
514
667
551
755
797
729
777
609
661
797
517
537
504
645
631
661
690
624
728
697
570
673
740
763
745
601
676
757
596
698
609
727
602
760
550
572
708
578
694
727
587
768
741
745
509
744
649
706
732
725
519
790
628
568
536
521
576
622
557
755
670
564
532
561
543
766
605
694
556
531
535
665
610
580
616
778
758
611
578
589
600
700
507
690
697
701
725
794
531
702
546
776
625
682
641
711
537
665
705
667
635
556
773
548
625
722
522
796
533
627
776
500
679
756
775
619
528
765
650
522
752
707
528
705
549
519
557
572
557
500
540
510
559
720
693
768
539
604
560
543
642
628
734
677
525
522
794
707
557
710
571
645
597
528
547
564
540
656
605
620
729
631
561
684
643
761
610
587
518
691
705
791
567
541
738
734
738
648
730
617
530
729
504
644
679
764
540
731
685
728
793
705
514
614
659
685
629
782
652
777
668
727
535
749
529
720
668
644
792
748
740
779
665
528
608
508
713
527
782
763
743
546
742
754
741
714
750
713
602
592
773
634
775
733
506
707
667
776
535
528
782
125
165
107
113
155
102
164
117
172
112
118
146
134
149
190
130
188
105
120
119
100
173
130
193
170
115
120
120
157
112
157
185
171
161
168
184
173
190
129
147
143
171
130
163
182
179
178
105
180
196
136
195
183
141
111
134
101
190
147
154
185
124
190
122
101
129
138
133
192
184
125
148
105
113
182
139
191
114
135
178
167
105
154
129
140
129
141
164
178
137
138
165
100
167
132
117
128
186
175
109
197
167
106
149
136
142
123
178
152
200
179
163
193
127
133
197
174
190
156
169
156
117
192
116
109
194
194
185
112
169
137
143
114
180
190
191
145
198
122
128
148
164
120
168
169
111
155
183
194
187
175
158
106
101
172
192
176
191
103
157
158
141
147
148
184
197
136
163
155
168
166
183
187
105
179
165
153
152
183
159
157
169
162
103
170
149
133
104
153
192
110
109
117
105
182
163
168
133
137
184
177
160
123
153
120
142
171
191
148
160
106
107
138
152
163
157
137
160
121
137
192
189
186
152
105
108
119
106
133
141
192
176
174
165
195
196
126
159
126
196
165
199
176
163
127
198
111
174
125
186
125
161
157
106
138
190
155
156
189
130
193
132
195
137
181
172
151
117
162
134
157
176
102
177
121
126
150
139
168
165
117
183
115
127
100
190
158
104
122
145
172
104
145
165
106
171
154
180
101
100
167
123
192
132
114
191
186
127
191
100
180
112
141
169
177
142
181
172
182
110
149
128
193
105
128
176
102
180
161
173
103
153
138
142
166
125
148
170
194
105
180
185
159
168
198
150
147
172
197
168
194
158
193
140
179
171
124
137
167
148
158
174
135
146
175
133
127
198
143
102
126
200
161
108
142
189
156
150
131
158
132
133
186
144
124
122
105
131
138
163
168
151
158
114
101
128
163
111
102
191
113
125
165
130
159
157
141
177
150
140
620
706
648
658
629
503
731
794
657
732
505
574
698
649
561
672
775
639
697
676
543
722
569
730
793
699
729
726
682
591
704
620
665
677
582
513
505
559
629
719
679
539
792
606
756
680
698
756
590
775
699
613
563
724
733
527
502
749
787
610
660
723
686
770
595
670
792
517
550
789
728
704
711
641
732
776
765
626
750
709
569
687
694
728
756
588
754
595
602
764
538
524
519
592
716
526
681
616
589
524
704
538
510
707
758
731
617
710
705
514
588
687
623
536
533
742
738
635
578
620
580
800
617
622
622
743
572
727
653
662
644
721
797
555
548
531
508
542
710
617
553
628
614
700
634
711
760
694
767
587
679
653
549
738
699
590
513
604
560
667
561
575
516
792
671
573
611
570
503
786
578
574
565
568
628
542
764
692
729
628
776
696
776
501
782
769
669
648
784
618
698
777
534
623
560
693
777
765
754
642
777
688
772
797
736
729
673
513
608
553
648
530
720
620
511
778
544
633
584
667
763
694
640
726
684
592
534
718
601
635
607
675
592
525
702
686
695
674
500
743
508
671
519
769
710
718
543
759
586
740
590
662
681
692
665
785
659
585
604
686
794
719
718
545
758
633
778
698
520
696
669
525
761
618
773
719
582
763
662
561
537
758
576
764
591
557
614
727
539
735
693
677
784
506
716
728
529
671
721
542
777
689
779
540
740
787
566
798
715
683
756
665
609
778
599
648
576
635
613
650
553
540
771
517
577
599
738
617
621
558
795
671
654
682
538
748
583
652
701
697
573
665
775
799
532
563
582
711
775
741
754
521
505
577
603
758
588
581
560
716
559
545
659
780
742
546
793
734
525
779
523
649
748
710
567
747
582
793
777
783
777
787
799
752
604
668
539
710
650
706
661
524
761
612
546
717
703
530
559
771
709
690
612
715
528
750
581
558
704
766
799
686
719
576
618
751
768
702
645
588
781
526
636
568
575
539
655
507
629
742
532
799
707
685
603
718
545
625
672
552
665
700
724
791
592
559
731
701
736
541
697
667
698
517
784
685
572
666
743
579
515
629
584
542
742
612
535
685
596
799
616
733
666
691
688
585
768
753
579
640
724
695
629
626
699
788
754
731
560
501
668
712
755
755
748
707
554
502
645
602
588
613
529
590
720
795
722
527
550
595
526
519
567
574
583
755
641
574
673
704
772
766
577
626
710
788
676
742
651
659
596
767
681
567
511
529
598
753
646
660
799
747
616
765
587
773
665
586
745
513
761
736
576
587
566
556
745
721
526
620
632
520
606
687
734
721
655
674
585
721
739
724
591
532
725
633
798
583
545
634
735
565
707
514
693
536
730
660
531
787
781
675
593
647
681
566
780
681
594
648
688
742
788
679
792
785
542
584
630
531
530
746
526
644
760
785
504
573
511
670
644
624
795
517
540
772
725
570
544
792
526
596
591
632
669
618
789
529
660
597
619
783
766
753
662
783
602
682
649
538
671
641
642
787
512
600
715
550
754
703
701
688
700
522
534
584
601
563
798
677
584
609
577
563
562
732
556
687
625
740
766
747
652
506
634
709
742
688
688
576
747
557
620
581
523
791
682
758
603
598
746
584
681
704
535
757
530
799
577
657
546
786
730
564
673
743
698
518
719
531
611
546
706
769
747
591
576
548
585
663
588
722
635
526
537
610
791
562
695
703
713
585
568
590
636
609
793
744
696
729
603
610
637
702
799
601
682
594
524
588
726
619
771
613
756
735
796
627
788
567
626
690
778
619
551
650
777
764
672
736
692
641
637
722
625
759
679
721
511
543
749
578
764
598
738
688
555
699
638
657
574
534
586
664
684
522
574
534
506
768
549
593
693
573
607
798
644
778
695
727
555
500
790
754
786
653
552
554
784
624
543
541
646
752
736
550
647
524
512
630
638
765
739
511
510
599
755
621
685
521
576
503
541
707
529
521
705
708
707
540
597
702
534
681
585
792
524
561
740
676
608
741
719
545
593
582
723
762
764
528
794
551
601
658
501
535
743
588
679
720
555
738
653
513
747
678
645
770
703
744
752
734
717
686
620
605
638
701
773
608
527
712
502
601
788
566
523
692
668
544
541
568
759
598
722
611
635
774
650
518
775
565
512
663
530
730
578
646
765
583
575
518
517
642
505
531
539
750
686
700
623
613
735
643
607
502
523
688
622
598
546
616
627
511
569
542
700
678
661
523
535
704
603
796
546
790
695
582
764
697
535
525
706
716
647
525
679
658
742
672
632
535
651
664
681
695
526
792
660
632
525
555
663
501
528
577
602
633
626
728
658
531
592
577
525
778
715
668
617
739
594
509
602
615
730
651
555
559
505
563
708
674
705
646
606
572
536
537
688
539
602
566
575
696
626
541
652
712
734
729
680
760
533
698
718
604
750
564
640
670
514
651
620
616
544
774
548
618
788
620
545
742
681
770
775
708
733
540
548
798
676
555
572
506
543
643
769
630
538
780
644
799
589
618
614
642
644
524
643
690
691
610
662
549
739
702
653
694
762
728
597
705
599
662
723
516
594
623
534
509
512
741
696
605
667
550
661
796
555
677
612
630
713
742
674
654
505
663
752
729
644
737
554
755
710
620
756
708
709
548
702
679
755
512
720
590
756
669
661
798
512
789
643
744
563
785
575
744
573
772
581
773
788
525
553
570
615
695
577
573
513
614
586
523
629
706
528
560
695
580
620
653
744
792
730
788
504
742
689
583
531
748
712
519
684
646
639
616
542
767
632
669
639
624
695
603
718
775
711
539
531
775
518
592
639
690
536
729
772
799
527
684
555
575
703
751
694
776
659
621
583
619
563
617
787
578
733
712
706
789
595
683
795
598
631
538
522
522
785
793
619
581
655
625
772
773
680
512
774
655
795
685
670
712
601
544
539
649
500
542
511
540
681
575
659
743
752
640
641
774
789
582
627
551
573
559
528
556
635
616
527
646
742
659
534
770
547
614
748
727
694
547
572
514
584
599
786
563
567
638
506
685
570
512
539
533
548
553
527
783
602
748
648
711
787
756
779
677
653
611
716
638
534
501
583
537
795
678
533
704
617
511
734
747
739
502
511
722
709
572
619
592
530
636
604
655
597
681
758
790
671
540
551
723
784
777
595
626
601
643
800
736
573
707
585
644
640
510
649
611
679
540
527
635
571
505
755
698
507
675
592
753
656
775
727
518
516
664
781
534
585
588
771
794
715
566
795
777
610
547
515
616
645
599
571
742
674
618
695
596
519
742
536
723
675
606
549
651
682
589
501
505
653
746
635
597
763
698
744
568
671
766
762
748
532
785
606
633
644
758
517
581
660
756
613
726
775
655
764
708
710
683
563
584
583
743
549
610
752
584
652
771
707
664
636
753
612
638
745
599
742
519
793
598
781
589
543
574
607
531
559
577
537
794
700
715
582
563
622
533
532
638
780
630
726
630
781
653
505
709
676
597
674
571
668
591
683
516
773
502
770
601
599
704
555
560
597
653
676
539
599
653
743
696
577
681
522
734
548
624
693
749
512
580
678
536
501
519
585
685
762
693
725
693
561
520
710
626
754
660
532
784
677
539
659
718
570
774
739
669
717
704
773
764
700
503
523
686
615
521
727
643
521
626
680
731
577
615
799
567
556
600
617
760
657
694
526
669
772
541
733
530
542
589
710
566
597
636
677
617
791
660
704
663
648
698
599
538
619
719
577
681
776
593
788
542
790
564
646
554
588
657
633
546
624
717
671
775
782
768
602
697
554
718
780
596
604
566
658
700
779
574
611
767
598
784
789
558
630
518
569
640
701
638
772
589
779
663
590
655
682
673
534
526
724
570
749
559
792
519
660
678
575
696
524
711
742
740
519
759
543
648
748
507
634
696
606
642
680
571
555
579
675
750
784
773
734
736
722
622
611
767
709
599
714
549
603
603
607
761
641
500
712
706
522
780
655
504
501
692
549
747
611
547
710
597
785
533
585
798
604
786
513
505
580
597
685
632
790
619
755
587
666
758
505
561
640
570
560
798
649
649
657
689
687
579
751
559
651
730
588
557
709
632
691
752
684
727
508
637
523
681
548
646
613
627
695
777
778
506
514
607
589
652
598
734
558
516
755
552
545
722
774
656
575
571
670
739
628
609
734
733
698
708
523
676
578
513
528
636
532
757
614
619
544
664
508
758
642
680
591
563
620
567
530
529
594
653
665
599
724
514
614
592
628
501
671
571
725
671
579
684
770
516
624
628
684
679
635
758
600
528
777
702
743
664
522
789
742
604
554
500
706
571
688
798
506
796
634
713
686
716
787
510
747
766
598
523
618
762
739
517
521
720
645
628
772
523
587
533
676
789
542
665
530
529
688
737
616
773
534
601
658
707
706
783
636
507
719
642
504
641
751
697
569
513
788
671
611
550
675
566
782
719
615
642
715
626
545
657
736
649
538
721
595
752
584
709
733
668
686
632
689
697
515
762
528
746
794
685
796
752
585
563
509
701
788
736
798
697
524
676
581
583
637
762
663
705
754
645
798
718
752
646
551
659
587
664
683
609
695
757
721
705
659
597
659
760
799
525
596
521
727
582
630
738
799
518
577
791
686
772
552
509
595
660
764
577
663
638
689
559
740
714
655
703
582
661
636
689
760
771
563
509
511
757
506
606
654
650
740
797
600
556
629
717
746
621
770
761
542
702
749
699
793
781
576
655
652
658
517
624
716
739
516
622
617
612
655
727
709
623
639
643
589
706
682
587
609
578
797
729
718
692
743
759
792
560
644
732
731
762
604
621
773
745
601
590
584
789
508
772
520
707
597
680
559
725
699
526
557
605
745
659
555
698
707
649
622
631
733
518
637
735
621
707
759
637
513
591
637
624
641
510
749
599
591
632
765
668
537
755
589
728
654
502
735
741
623
605
789
759
699
758
539
664
553
642
646
787
504
748
637
720
673
661
649
545
708
561
666
691
787
550
767
533
747
562
513
655
633
579
541
648
568
762
783
782
797
541
662
768
619
502
620
536
647
665
800
622
627
644
743
624
794
568
564
624
586
754
738
766
599
659
755
664
589
536
568
629
667
602
563
511
592
739
617
778
505
507
775
772
795
640
667
590
673
654
648
590
618
503
676
598
782
672
766
744
615
725
578
682
543
562
706
796
535
595
552
663
752
615
743
578
790
776
506
775
508
674
760
781
714
505
529
640
513
577
554
544
742
597
554
543
581
563
710
544
713
771
660
770
636
653
545
675
705
781
747
549
780
537
630
601
745
509
530
614
738
658
558
728
540
653
618
670
768
643
634
556
710
519
664
629
647
528
628
587
585
516
625
766
587
707
739
663
654
771
772
706
686
578
723
727
662
748
519
538
682
655
575
679
662
769
521
759
531
539
774
768
570
686
668
766
528
762
626
612
709
607
598
599
612
768
697
572
603
527
742
682
614
604
524
692
592
556
503
574
631
639
559
627
663
502
760
551
528
769
594
717
660
782
750
709
721
680
642
590
549
625
720
515
617
692
740
570
599
605
734
785
601
747
790
606
569
692
751
599
608
617
544
544
734
770
591
756
635
544
536
782
547
697
665
571
730
595
657
625
770
581
680
769
690
629
578
519
611
665
753
762
527
759
706
687
562
761
743
712
744
687
561
634
620
632
528
540
762
765
669
562
683
699
602
764
567
711
553
785
627
617
537
799
559
567
765
607
719
645
745
713
599
706
758
761
683
518
657
584
743
521
507
745
693
701
538
537
637
762
667
572
559
708
688
648
568
795
537
751
591
738
719
759
654
565
602
745
708
790
709
628
624
703
791
575
502
514
714
765
786
798
787
603
506
615
582
627
540
640
500
774
758
755
764
531
635
716
726
603
666
749
583
542
692
554
558
785
708
505
730
716
753
665
662
771
618
662
752
694
680
570
755
520
688
747
575
541
575
509
741
658
573
581
559
593
574
734
695
617
547
719
720
767
636
586
668
587
729
538
734
682
718
647
757
670
561
669
599
795
597
508
523
598
584
597
524
615
548
612
523
568
531
762
533
754
541
778
686
544
517
799
679
551
610
523
511
712
772
554
647
514
522
658
760
703
680
630
608
619
649
665
714
720
615
507
500
791
780
778
773
584
716
782
684
677
706
610
581
672
750
652
631
651
683
533
708
540
773
684
624
607
798
647
524
778
689
634
693
516
616
554
571
683
697
755
745
794
675
573
692
672
768
560
610
719
619
744
744
620
793
613
760
544
668
731
744
752
705
646
685
549
532
710
691
800
523
551
519
766
574
662
600
569
627
551
777
766
611
742
567
718
514
530
538
675
510
542
728
622
781
737
615
687
617
538
730
720
749
587
590
577
774
595
631
605
646
771
704
606
750
725
784
627
742
647
662
795
798
688
502
734
547
783
652
675
788
670
778
530
699
737
635
520
726
550
628
680
668
606
653
710
506
592
624
670
735
525
727
753
586
691
714
503
686
709
695
780
720
510
644
723
753
799
776
608
518
536
786
712
604
691
516
663
623
645
571
718
741
607
650
528
659
600
643
705
510
798
752
594
536
561
638
706
646
757
593
687
579
788
636
641
787
593
800
766
661
692
702
511
744
761
754
673
616
612
754
662
656
649
568
636
759
602
563
517
527
574
704
664
774
681
513
690
692
647
723
562
603
617
634
631
545
558
636
518
778
683
709
548
539
705
732
601
589
715
619
674
767
706
676
602
761
573
640
510
639
731
652
590
643
641
719
666
714
800
615
613
557
657
564
569
656
531
605
736
746
626
527
543
616
645
791
506
784
528
769
794
646
622
560
534
598
742
509
757
570
740
523
798
722
719
525
700
640
535
714
728
519
659
599
552
677
593
793
798
782
580
788
780
634
717
716
719
730
661
526
620
727
681
529
636
573
509
613
799
612
723
733
583
654
565
703
798
669
784
753
584
586
506
599
697
634
689
686
725
684
519
797
790
591
509
536
615
665
745
800
564
639
555
706
561
617
706
714
581
596
652
765
638
522
555
680
710
660
556
728
714
770
671
662
529
747
569
645
551
583
654
694
579
653
622
786
666
598
649
650
628
501
587
762
559
507
617
707
759
762
730
542
541
617
588
630
613
800
606
551
800
785
527
620
596
589
559
560
736
778
796
717
709
773
608
769
647
640
544
585
787
681
681
650
612
688
570
537
566
512
650
605
636
624
738
532
649
722
635
711
566
777
770
671
668
750
560
689
656
617
745
791
571
771
577
663
672
718
562
794
627
759
512
603
582
562
780
686
701
586
576
626
532
501
784
735
634
645
664
734
659
775
686
558
656
727
731
655
789
545
717
581
517
575
683
704
526
737
662
768
687
729
626
612
797
677
738
656
711
589
564
563
539
578
551
790
520
646
661
564
531
774
764
661
529
552
675
702
735
743
653
589
561
556
610
729
655
618
627
605
779
676
747
500
583
582
629
522
770
562
711
553
603
795
747
750
747
610
574
761
512
665
734
668
732
785
505
522
761
674
711
633
665
731
577
794
697
625
797
548
620
663
583
712
707
541
749
750
670
541
792
602
548
594
518
695
667
620
723
534
793
737
645
777
699
739
523
565
793
678
768
714
723
630
619
562
576
597
579
538
634
591
777
629
686
594
650
767
736
580
710
602
649
707
503
749
765
519
685
727
580
512
556
644
664
546
746
586
642
678
628
707
784
516
529
659
665
651
680
785
699
551
608
703
663
706
730
713
537
761
784
797
752
504
588
677
602
756
600
640
647
630
705
576
796
775
699
558
550
540
738
759
771
538
771
589
530
696
557
680
689
726
798
780
775
748
775
600
755
672
698
651
716
788
764
724
732
747
675
693
537
515
519
614
514
562
770
762
584
643
576
664
703
544
713
743
778
630
518
737
686
700
795
749
588
606
544
712
742
763
702
717
664
584
570
723
563
778
599
513
798
747
759
702
709
701
571
554
710
754
582
569
609
724
525
578
693
670
594
570
682
642
505
737
575
677
573
676
583
617
705
769
702
606
729
800
626
651
523
757
787
678
715
545
718
603
724
690
715
600
729
723
529
591
673
769
748
636
655
605
513
700
627
506
750
598
668
792
600
620
598
609
656
723
602
725
751
754
715
589
549
648
547
663
517
691
627
733
748
739
735
722
676
774
643
793
565
593
693
691
600
797
710
622
780
581
747
782
641
505
599
670
655
729
620
545
572
669
507
653
763
590
755
516
562
530
678
704
781
591
601
702
788
710
788
684
783
509
769
790
717
635
609
589
716
625
680
647
560
692
711
527
506
759
619
681
779
743
595
728
576
601
696
614
541
534
591
675
661
633
609
617
732
614
751
547
663
542
700
607
691
770
669
518
713
690
521
561
512
595
635
720
710
791
516
591
648
635
595
605
652
799
549
618
662
702
524
599
512
701
738
594
615
771
650
579
737
595
684
708
581
512
606
704
644
739
635
600
620
731
638
542
631
661
630
773
618
547
539
681
508
693
794
764
682
532
580
716
753
520
601
701
535
704
711
573
720
587
697
710
635
781
514
576
749
609
693
710
537
644
709
789
757
573
564
671
704
635
606
696
591
533
602
767
767
552
671
648
606
649
575
596
662
595
666
758
539
511
723
507
741
599
780
721
683
526
537
552
591
572
609
565
527
718
625
507
754
548
711
592
629
608
726
784
682
599
556
755
519
596
585
607
545
737
578
616
739
621
731
667
644
737
717
584
777
555
601
785
716
625
503
785
739
525
635
640
575
607
645
775
698
740
645
791
514
724
602
688
775
646
696
733
658
588
648
700
582
731
661
574
646
643
776
530
714
559
556
644
553
584
796
742
587
666
762
628
683
667
736
744
573
737
796
766
557
755
551
688
625
798
746
767
633
750
617
690
579
787
540
732
682
782
527
770
767
527
777
747
619
698
680
772
755
680
642
766
792
686
724
637
597
551
788
529
548
716
770
677
528
706
603
771
587
796
593
687
655
718
613
603
509
776
699
606
595
610
792
560
796
510
723
612
532
692
634
552
555
510
523
736
572
706
671
690
522
722
761
618
598
694
514
539
650
674
635
708
797
686
533
585
723
682
567
684
654
630
596
756
790
663
655
783
788
524
567
524
759
604
746
682
779
511
651
765
642
794
724
692
635
629
730
502
759
742
561
640
570
666
625
772
664
722
665
792
595
709
690
623
570
577
754
576
774
751
606
543
654
673
673
700
505
531
601
501
589
664
673
626
785
679
645
677
512
658
614
664
770
599
744
530
764
647
628
547
555
722
568
781
550
733
709
535
719
579
662
524
688
651
705
705
530
700
686
629
596
720
751
514
684
694
718
782
681
797
785
793
612
519
554
514
655
787
609
531
533
731
682
620
543
640
543
661
696
752
656
546
559
546
587
749
637
531
636
708
502
683
697
798
557
536
794
661
776
636
582
782
544
772
773
558
772
610
776
552
530
668
686
746
574
667
712
560
769
605
690
628
587
522
664
598
793
681
643
769
587
508
761
583
766
779
690
647
626
535
511
566
770
634
590
653
776
635
531
644
600
771
695
622
534
576
739
757
560
651
737
682
769
714
707
710
543
510
564
654
615
752
648
532
751
659
788
783
795
550
543
616
644
587
598
783
746
503
636
556
705
517
645
790
726
703
512
730
524
663
714
684
653
720
580
540
785
547
582
532
774
751
744
740
675
775
619
548
653
549
543
671
689
526
568
702
678
679
729
732
640
515
587
692
787
768
782
746
654
661
751
722
755
751
583
793
762
650
770
580
607
596
552
638
669
743
790
570
677
564
794
781
537
633
783
668
555
717
566
551
553
634
785
562
622
610
748
510
560
784
542
541
603
626
710
548
725
566
649
779
689
729
763
753
704
676
712
715
589
674
695
657
532
794
569
656
610
528
695
516
742
535
539
757
529
572
557
579
643
671
743
532
548
508
631
510
772
579
613
554
638
546
718
607
797
703
660
714
716
763
564
663
555
609
746
585
600
759
500
574
627
538
759
584
526
660
638
799
796
536
507
531
585
715
738
599
765
686
711
661
786
531
648
529
547
792
692
607
727
750
701
718
753
706
636
590
718
548
715
723
611
546
507
571
591
701
745
639
550
565
602
726
628
747
701
664
641
783
540
549
771
701
589
537
584
766
753
723
526
730
724
791
724
715
777
751
755
657
675
587
524
781
748
732
552
619
668
532
678
573
674
674
723
757
675
553
593
663
551
519
669
699
744
672
589
503
589
791
779
742
512
637
520
665
615
589
513
541
773
685
640
701
702
651
635
579
688
634
740
620
538
725
572
651
508
791
611
768
585
626
514
644
709
524
506
562
567
709
572
645
767
536
697
570
634
565
599
587
792
613
782
555
577
560
527
598
592
524
618
580
633
702
526
571
548
538
754
550
555
590
680
624
682
657
667
795
540
704
507
696
665
607
523
572
799
648
523
595
701
662
667
613
655
639
669
584
642
570
784
699
548
630
798
784
697
755
777
641
799
677
678
780
620
609
746
700
760
761
798
711
505
772
506
558
564
660
760
730
700
586
701
505
766
684
725
714
584
695
565
757
577
795
663
541
503
708
717
593
592
507
790
689
749
757
522
742
566
704
692
673
727
655
