132
128
182
196
168
103
167
182
185
166
153
102
104
191
196
114
160
100
156
107
119
189
136
111
179
174
185
186
111
108
191
159
166
162
142
174
198
172
154
119
148
197
189
128
116
114
192
188
139
196
190
165
149
123
117
179
129
147
171
154
109
185
156
105
146
163
111
148
144
165
108
138
165
185
111
181
179
160
198
121
158
167
178
191
147
107
112
192
171
176
104
189
199
156
142
110
194
138
181
149
140
176
142
109
134
151
170
121
113
151
149
181
134
124
153
161
194
139
101
118
154
163
113
200
144
102
102
166
105
174
111
132
121
166
197
181
180
121
147
135
130
118
193
195
164
143
106
112
147
141
140
170
151
175
171
103
116
156
167
167
117
121
170
161
180
145
111
140
171
190
126
196
178
155
120
182
187
167
167
113
190
154
158
126
187
155
161
124
110
149
110
172
119
152
151
141
184
117
131
157
147
124
122
101
134
106
142
121
158
173
139
116
137
183
157
115
157
112
123
183
166
188
162
199
153
192
130
165
174
187
189
152
138
106
104
134
124
156
150
134
174
135
117
152
118
123
110
144
166
141
164
157
105
110
158
132
198
125
184
113
157
194
104
174
110
155
101
189
162
146
143
123
169
174
188
197
178
192
116
154
176
163
172
198
152
192
147
100
133
141
200
177
108
116
143
150
118
136
188
123
136
114
158
163
176
190
104
141
129
121
159
170
184
190
122
107
180
155
154
187
141
150
112
152
149
154
150
200
134
109
104
150
191
123
113
198
112
136
184
177
110
134
196
174
110
159
141
167
176
176
139
154
178
196
107
191
195
167
187
131
174
137
169
174
194
182
102
142
165
115
130
163
114
132
116
149
187
123
125
159
770
648
505
534
579
686
533
732
566
689
746
791
624
671
534
691
770
748
717
720
539
729
680
769
611
528
643
507
718
560
592
606
710
701
634
577
718
580
560
697
656
577
513
584
668
788
594
739
513
792
758
735
541
664
508
739
576
592
604
533
748
697
544
534
775
703
570
594
510
715
616
605
623
630
620
744
730
782
567
650
587
514
669
750
589
572
601
695
690
756
763
546
677
522
573
626
787
576
510
632
584
778
701
707
557
612
689
529
530
738
792
781
749
756
594
658
770
574
765
702
592
619
532
539
645
744
614
531
511
565
536
743
610
562
603
645
757
702
619
517
651
586
737
658
703
529
636
795
689
641
621
570
678
627
554
694
640
750
672
623
775
534
677
647
789
618
761
707
800
607
524
675
769
714
767
761
545
523
576
787
602
692
606
585
652
704
549
538
691
500
560
756
627
605
682
604
780
574
722
560
549
672
797
768
532
635
643
777
651
699
553
590
617
749
709
651
766
793
541
582
730
526
794
722
509
510
535
733
694
595
614
699
577
741
728
662
622
697
726
662
563
680
587
790
560
759
638
506
682
595
547
505
782
574
535
752
772
634
677
782
639
798
736
594
700
706
643
515
642
585
713
605
729
613
798
766
785
684
543
729
503
636
586
705
524
744
601
552
696
531
522
722
693
562
779
737
691
685
628
681
569
630
732
633
634
580
540
715
708
540
742
637
780
583
668
548
529
563
702
725
619
637
698
682
505
752
569
717
668
666
505
537
629
663
746
781
786
620
647
741
794
654
544
611
598
740
583
618
557
764
744
729
787
504
536
621
695
632
503
750
745
605
682
528
560
587
737
649
548
732
617
608
572
651
506
762
521
665
638
523
621
535
572
763
732
717
728
704
544
513
708
668
599
782
686
548
509
629
693
618
651
687
560
666
772
525
734
700
644
571
669
595
718
611
669
771
551
770
660
532
547
717
635
648
693
739
581
623
568
506
686
791
607
698
642
796
676
594
755
539
796
540
569
504
687
724
793
734
518
518
608
604
705
711
721
578
658
749
728
681
736
701
770
645
591
586
717
529
523
681
626
759
565
602
778
686
777
505
722
587
701
524
647
677
506
555
606
594
620
757
509
626
536
576
537
751
587
776
720
746
716
784
796
589
510
541
786
571
628
796
564
667
731
521
780
506
621
509
515
769
554
511
719
604
757
697
522
676
719
543
575
675
742
656
540
641
506
778
731
503
758
698
761
595
766
639
678
742
575
587
507
620
551
692
650
591
781
762
501
619
564
522
697
599
793
629
563
576
797
688
573
795
775
593
533
676
788
798
580
614
542
618
615
707
558
650
795
629
554
795
665
606
784
567
773
594
585
777
544
605
567
701
675
575
782
690
558
768
500
683
591
604
514
575
528
603
694
596
783
759
798
659
691
557
752
770
771
556
626
563
714
777
710
692
506
608
721
552
704
695
744
726
721
663
694
634
546
520
587
572
771
678
553
770
723
507
682
647
776
758
659
705
781
756
787
545
520
764
637
654
507
634
770
668
526
632
571
626
632
571
555
664
511
558
690
590
623
788
630
733
690
569
589
762
563
750
536
669
713
647
653
767
618
544
590
658
540
759
649
728
705
675
745
766
619
774
634
538
750
749
663
739
744
725
788
648
714
696
665
540
520
695
667
545
607
676
698
743
590
638
646
671
616
683
502
762
637
535
751
705
641
745
549
580
577
580
768
521
707
556
789
595
503
560
578
621
627
538
665
567
706
549
531
768
554
617
687
720
598
627
509
759
663
634
517
739
686
554
623
557
708
546
612
699
683
597
670
570
655
633
722
784
595
654
642
607
619
741
698
651
691
738
562
779
686
793
652
731
689
632
605
530
567
667
800
716
665
591
786
696
701
513
548
701
790
627
708
621
566
698
512
769
626
563
672
726
778
698
618
569
668
769
501
592
527
622
738
509
762
582
566
578
505
614
686
596
591
645
732
706
781
502
577
633
677
660
766
747
505
643
552
694
720
756
679
668
520
660
640
736
616
799
576
759
771
524
679
649
557
534
604
629
674
570
685
635
766
503
776
542
573
713
638
715
768
534
633
700
705
796
655
567
576
552
522
729
741
661
507
715
637
609
728
641
523
550
627
585
620
763
771
768
554
587
537
560
743
692
628
710
594
775
656
750
544
687
517
547
500
561
611
644
533
680
534
603
616
738
721
624
613
539
656
712
786
646
607
720
596
514
707
764
519
532
799
752
751
529
693
515
574
763
540
774
722
764
766
733
649
648
506
657
616
532
774
703
579
654
757
665
507
617
748
695
513
608
630
754
554
796
541
795
787
548
740
540
575
775
791
601
516
706
646
528
550
632
736
558
724
562
501
600
511
540
745
793
626
677
504
509
612
662
570
622
681
733
519
663
550
744
774
739
785
641
799
594
513
795
773
633
586
761
708
588
709
695
726
567
572
623
572
601
604
572
750
541
615
776
796
529
539
577
639
721
738
795
547
693
507
773
666
753
580
629
728
687
776
551
562
694
783
710
751
696
740
685
667
563
752
528
783
697
625
685
601
753
583
601
556
568
760
680
597
723
799
723
670
622
506
501
704
503
542
772
660
667
602
624
510
716
617
717
581
753
698
737
614
778
739
533
630
583
673
642
796
627
603
524
796
729
582
756
559
506
778
671
751
681
586
637
575
705
738
519
685
548
716
575
747
643
606
621
750
520
679
666
685
508
701
511
666
725
728
574
541
665
778
501
668
765
590
639
552
525
545
580
696
176
184
161
126
106
188
121
174
177
103
103
181
104
142
188
151
130
114
118
114
116
195
199
195
107
184
188
107
169
161
175
165
142
125
190
162
188
130
106
115
120
141
163
148
175
114
153
183
181
151
143
184
180
158
127
106
191
200
153
159
121
122
178
181
197
115
115
188
170
106
157
139
122
188
114
169
158
187
181
149
191
154
186
129
193
142
188
120
143
147
146
124
190
198
187
137
150
145
161
123
113
101
111
126
152
174
163
194
157
197
160
114
191
116
180
139
120
135
148
135
102
181
143
108
199
192
139
107
107
116
186
189
129
162
186
145
175
185
171
160
108
171
173
178
153
127
175
150
121
124
180
169
193
199
152
166
182
104
122
150
182
144
200
196
125
154
120
188
191
196
126
140
131
134
175
126
197
108
192
174
199
165
129
119
189
155
158
148
135
128
120
187
116
186
147
104
153
151
142
113
135
105
152
151
102
166
173
146
131
134
131
110
102
122
139
148
180
200
110
139
158
185
140
144
132
173
126
144
142
123
164
103
177
129
133
120
150
137
164
175
115
116
130
135
110
127
125
143
177
186
118
144
157
197
141
154
110
148
170
147
149
194
100
189
198
192
142
120
146
178
193
153
149
129
126
176
154
150
190
102
148
174
119
166
183
196
159
138
106
113
134
112
108
158
114
131
177
188
192
142
164
142
115
170
195
113
159
123
117
196
172
116
132
129
106
123
113
135
135
107
150
114
103
181
115
179
154
171
139
171
199
152
172
164
127
175
125
117
157
137
132
142
174
109
116
193
176
193
183
180
119
189
110
200
196
103
114
106
122
122
195
103
193
102
161
183
196
140
198
107
120
143
156
179
156
179
104
199
196
107
113
193
196
138
115
186
187
172
121
148
134
149
102
106
111
183
198
179
134
145
151
145
132
197
157
108
163
160
180
116
184
115
118
103
106
135
195
141
184
109
105
125
154
184
145
100
149
151
148
105
137
188
180
143
175
199
133
181
117
129
127
143
133
171
172
110
182
160
102
184
680
726
561
695
550
751
789
697
793
564
698
587
717
736
572
569
752
757
772
678
505
780
651
653
753
702
631
721
694
598
580
665
569
789
762
575
758
585
750
738
604
606
529
768
707
556
613
645
702
768
783
600
651
670
662
728
540
701
599
780
540
508
521
780
504
539
681
562
639
657
618
509
757
540
548
754
549
620
761
691
748
520
715
565
660
618
563
680
638
633
518
794
605
526
536
552
511
697
591
543
755
526
520
620
660
549
573
778
529
620
784
608
688
797
515
565
505
679
766
660
602
514
552
541
791
694
673
577
604
693
784
771
633
670
635
580
543
663
759
717
674
607
521
696
776
775
643
590
651
571
697
608
668
793
524
627
566
762
732
503
573
518
694
648
662
528
524
542
791
594
557
778
684
798
530
727
704
510
789
502
729
716
646
728
653
745
568
608
684
720
703
598
710
609
701
681
621
794
632
639
764
785
777
799
553
645
787
567
523
704
744
595
742
684
580
780
674
582
523
688
502
587
516
574
630
525
772
761
633
787
505
789
643
772
739
571
638
667
623
661
598
543
504
756
588
606
703
640
752
628
799
777
659
767
510
760
740
677
508
606
520
782
556
707
615
610
628
759
653
758
765
788
739
685
753
606
500
552
738
778
563
630
714
644
742
552
557
587
635
524
770
558
542
704
664
528
744
652
663
560
533
746
748
509
632
514
558
539
564
528
695
676
761
741
528
631
762
630
562
638
541
587
773
785
622
754
716
518
586
739
541
777
742
654
626
750
537
582
526
793
552
636
687
760
791
521
642
612
664
767
671
746
769
529
553
737
768
607
503
595
728
724
786
793
537
646
592
620
570
557
721
799
677
717
796
514
594
540
768
757
705
622
645
590
606
769
757
744
653
545
653
774
605
673
632
705
540
503
585
663
603
540
690
576
656
595
559
588
640
500
612
564
577
628
545
544
790
790
757
630
630
520
565
527
543
713
676
787
612
779
701
702
622
742
774
765
553
616
761
727
545
568
657
759
538
643
635
626
600
649
716
756
776
683
669
606
582
669
681
743
722
744
533
528
718
750
725
708
785
507
610
652
669
700
745
713
651
666
541
624
602
505
690
661
645
560
513
526
515
621
764
686
707
611
615
686
754
768
753
796
658
556
713
794
624
647
551
631
510
663
621
675
693
599
793
682
503
548
697
695
729
553
649
573
598
574
674
771
709
683
735
608
582
704
715
662
764
583
727
709
623
739
768
593
737
719
580
551
736
785
762
623
651
648
627
501
726
715
742
611
643
661
532
652
655
798
546
708
690
682
789
556
627
529
787
796
681
673
628
547
594
785
573
620
660
565
661
794
531
660
604
650
685
508
702
570
510
604
548
782
543
706
562
603
546
628
612
584
794
774
674
758
602
642
696
618
792
718
680
748
649
750
677
538
533
759
570
571
613
682
761
651
575
554
681
564
577
783
675
512
619
715
794
533
616
624
546
588
779
661
675
647
787
756
586
599
649
614
752
788
560
564
530
540
599
656
637
701
710
575
503
728
752
558
609
777
518
606
581
717
619
525
662
608
520
656
561
795
776
682
604
552
694
732
769
789
701
566
698
681
592
728
672
545
633
644
769
706
674
623
743
521
553
588
586
719
754
794
744
704
696
554
573
501
737
731
679
501
702
676
502
577
649
779
799
751
625
634
736
749
516
604
655
780
559
656
662
558
713
581
644
572
568
580
675
769
627
600
783
716
617
578
590
765
511
799
746
603
676
615
693
579
613
668
786
759
790
713
510
512
702
783
742
751
663
598
622
668
739
786
611
502
552
644
673
520
785
645
597
652
552
505
783
705
619
539
534
514
758
607
751
663
545
712
590
721
685
532
550
580
679
740
528
535
559
527
666
636
544
767
708
622
652
672
674
603
544
683
519
500
547
702
548
646
583
610
569
587
697
577
758
678
700
515
581
577
706
629
735
754
735
767
649
568
720
644
790
672
672
626
580
734
593
595
531
577
552
722
607
645
669
546
761
504
750
753
703
521
642
706
555
797
755
550
746
505
622
568
700
626
580
568
595
739
680
768
510
661
599
741
795
635
743
683
693
551
596
678
583
704
722
547
700
561
565
744
688
760
526
714
689
774
653
505
736
561
780
566
747
637
701
755
777
549
778
662
639
605
704
781
716
711
525
639
526
542
633
791
503
586
532
664
738
775
600
689
514
555
648
776
579
715
703
595
554
573
556
503
515
562
617
674
773
601
780
544
634
510
512
552
790
666
599
552
556
520
740
511
566
762
588
667
609
663
705
726
709
617
589
739
798
577
502
530
669
508
720
621
793
650
582
742
525
519
800
650
785
508
739
539
579
562
693
697
767
689
555
704
542
692
712
722
538
587
592
787
657
551
677
791
563
614
609
520
644
762
550
589
737
596
601
680
638
705
764
601
676
749
799
743
756
695
789
598
750
604
582
720
700
741
635
678
593
780
666
524
571
595
593
766
543
544
630
594
727
687
736
691
658
679
785
747
729
595
767
727
648
520
596
604
525
644
652
615
789
724
798
530
627
760
782
623
510
787
747
655
655
528
775
552
753
799
789
621
771
588
750
544
585
548
684
691
612
529
528
766
685
760
787
592
614
626
557
660
708
723
655
617
649
524
535
550
769
604
707
560
612
598
722
558
728
793
719
568
536
720
796
575
749
737
575
776
671
548
591
748
525
600
782
577
666
513
615
577
697
748
579
767
731
765
686
579
575
511
719
636
530
599
687
784
641
680
612
666
541
689
572
676
673
792
790
688
510
565
625
554
736
644
535
750
636
726
675
608
576
531
798
779
568
537
715
518
575
522
549
631
759
645
587
527
751
721
622
606
667
720
533
586
562
609
659
661
560
791
699
702
681
771
605
578
663
666
549
575
676
610
694
760
599
593
662
735
556
517
647
715
646
531
708
576
550
505
748
643
788
610
622
765
529
612
781
709
640
723
754
613
789
593
700
629
734
627
515
558
613
706
544
548
536
521
743
720
763
712
659
574
533
744
754
597
737
571
578
564
747
776
563
723
668
660
749
626
528
558
699
528
763
614
568
707
685
587
778
564
517
763
778
602
800
735
522
667
741
769
637
768
700
647
718
774
684
553
680
581
518
797
643
781
724
775
712
673
746
545
747
632
625
515
704
663
600
521
570
706
526
634
789
656
754
593
722
720
563
727
643
755
641
668
570
639
609
609
623
661
605
531
744
769
760
578
536
549
719
743
610
668
721
745
722
667
617
752
534
586
570
573
540
612
788
633
636
654
758
644
756
690
646
545
620
555
724
593
684
679
517
606
703
530
587
668
714
711
767
629
729
550
573
690
779
687
513
731
603
611
506
583
549
559
699
630
760
729
704
751
761
648
661
604
567
562
774
646
767
531
602
691
517
580
772
506
713
690
709
542
587
627
698
535
781
615
676
597
648
606
568
695
781
575
668
618
743
662
632
732
522
634
740
666
644
741
603
796
638
561
663
601
769
672
532
503
583
643
732
695
635
673
640
529
717
595
633
790
582
575
767
510
713
613
644
704
528
758
519
541
777
503
724
740
767
760
690
591
641
595
654
674
628
781
644
609
575
638
589
765
668
798
581
712
647
552
796
752
616
672
615
631
695
687
554
766
628
641
781
746
610
795
562
512
785
551
678
574
743
633
712
543
795
564
509
116
192
145
136
187
158
145
189
193
113
169
111
159
177
146
141
181
183
193
143
160
118
120
109
134
120
129
167
198
193
183
137
155
133
152
122
111
161
122
114
130
115
181
124
194
167
141
123
112
112
130
171
139
113
184
192
152
131
129
197
149
161
147
185
149
144
194
161
115
127
169
148
110
170
188
182
142
192
108
137
159
156
179
125
107
145
197
172
154
156
105
195
169
178
192
145
146
141
104
130
110
163
193
148
149
123
199
102
142
130
167
196
132
109
183
145
196
168
123
166
164
182
151
163
180
145
194
152
193
188
124
153
679
775
560
631
633
525
668
589
620
762
613
568
503
715
613
665
576
577
612
696
758
755
690
633
593
740
633
676
596
540
503
696
655
597
635
777
605
659
767
572
795
701
673
756
536
601
532
670
705
742
656
634
548
507
542
739
722
731
761
534
798
528
508
676
655
763
616
797
751
648
544
597
675
786
622
578
537
590
668
571
563
768
756
794
509
718
534
706
552
631
635
534
757
641
742
669
642
606
606
628
756
732
691
729
687
757
798
673
584
669
513
563
503
633
630
771
591
726
681
577
612
657
558
575
547
724
658
730
548
607
710
526
541
704
532
662
536
728
797
710
618
718
708
515
675
775
603
777
543
792
698
521
565
766
719
523
633
628
712
710
699
511
719
563
539
759
759
562
785
772
542
564
510
666
764
737
570
556
559
524
771
639
720
620
615
558
631
566
659
727
704
772
557
795
667
778
772
711
545
517
518
625
725
552
712
690
646
656
714
621
626
705
569
584
541
564
540
721
544
616
685
591
610
704
537
565
699
753
558
505
609
574
655
557
537
669
700
583
660
521
508
531
759
789
638
701
716
576
714
548
580
780
653
797
711
654
550
691
562
736
518
631
759
765
763
747
769
728
690
665
620
573
518
678
777
659
625
689
753
590
633
647
566
631
720
597
693
722
658
748
780
622
738
649
776
591
636
647
561
617
731
790
580
633
745
725
701
698
693
551
706
529
535
693
640
752
729
799
760
580
520
582
607
551
777
577
767
613
588
767
568
618
570
539
797
528
610
789
663
633
594
765
665
662
722
541
760
761
638
508
585
562
619
574
610
588
603
753
614
657
608
799
656
681
728
778
742
559
568
751
792
578
544
510
524
544
655
620
739
718
796
584
670
708
595
610
678
525
800
589
758
632
674
752
623
787
775
633
585
543
589
753
610
538
739
760
658
745
502
638
600
675
692
646
741
553
692
794
772
718
710
705
789
757
788
582
530
618
788
729
770
602
730
693
743
737
641
617
763
757
554
752
756
695
761
641
532
665
697
518
611
585
574
673
544
635
578
517
638
593
589
698
595
589
601
783
622
548
653
735
734
740
535
503
535
513
756
635
756
688
656
566
550
795
617
779
547
664
777
680
544
707
665
626
658
585
591
587
741
559
560
734
610
564
681
753
787
539
622
686
671
676
579
590
597
551
743
721
507
665
531
517
791
554
700
539
654
626
777
732
701
734
577
503
568
523
508
739
692
784
710
765
569
598
624
566
597
521
729
730
560
649
564
649
764
509
698
615
706
613
658
139
117
108
141
199
122
174
117
174
118
109
134
140
150
175
105
101
164
182
195
117
111
194
137
156
176
159
192
142
159
192
112
136
135
108
166
163
149
184
137
152
167
148
110
134
133
156
131
146
143
127
119
126
153
179
193
183
151
109
183
195
147
173
132
180
122
184
133
183
153
134
102
167
130
114
183
111
159
175
130
109
117
186
131
158
111
164
154
142
114
151
198
157
142
184
128
171
118
189
169
118
184
154
153
110
135
134
148
104
127
178
194
177
145
104
145
169
113
177
129
183
145
170
140
136
108
184
148
181
146
168
186
156
110
106
182
144
141
134
150
114
179
168
140
118
125
188
105
155
161
161
140
188
112
147
172
119
186
108
145
141
107
138
139
145
129
124
104
137
122
156
160
187
168
115
103
192
164
113
126
107
166
105
189
150
169
150
133
117
154
177
138
149
144
125
200
118
180
131
188
199
106
133
161
112
102
189
141
173
166
194
188
180
122
176
118
158
161
191
131
102
159
130
117
168
136
153
104
197
189
124
160
126
183
162
193
170
181
156
119
147
137
199
196
160
115
134
161
170
136
168
195
123
155
152
174
135
172
179
155
100
134
187
102
108
187
140
656
698
754
666
651
530
751
638
749
509
730
670
767
708
731
777
647
702
515
575
700
723
596
547
773
784
618
525
530
721
715
675
687
648
589
503
540
784
594
634
672
657
711
675
688
799
764
557
760
610
715
733
767
650
726
539
769
563
532
604
555
541
580
693
752
776
685
678
702
588
799
565
791
550
791
768
562
594
512
778
672
692
658
741
734
525
722
759
728
533
541
557
774
730
782
558
670
701
740
548
798
673
657
773
580
762
608
734
527
689
626
693
540
734
558
723
595
681
507
642
730
722
553
545
795
716
724
595
520
573
676
652
642
656
617
681
645
779
500
582
568
632
650
517
529
594
647
575
722
586
554
716
662
672
625
621
673
670
657
735
582
753
664
678
546
669
665
745
652
556
794
678
638
552
666
763
575
538
755
696
668
520
538
725
591
524
655
711
557
596
572
713
782
621
668
724
662
627
708
554
565
763
645
769
670
751
769
711
599
592
546
799
707
703
759
543
769
621
631
676
587
659
772
605
800
668
515
662
679
760
760
733
559
540
726
701
548
711
568
557
795
648
574
773
527
616
722
633
744
789
577
535
632
632
720
541
539
669
512
661
733
795
589
768
692
638
531
539
632
641
655
678
747
679
501
766
728
644
741
551
635
705
522
558
579
755
629
562
640
680
618
656
507
703
736
527
602
618
722
784
741
765
634
729
590
687
719
669
626
602
557
749
730
765
627
598
589
628
734
797
567
598
546
519
620
764
658
752
578
622
512
638
583
567
769
796
684
762
629
503
702
506
769
504
782
682
643
557
697
722
599
569
606
606
610
586
754
730
786
563
611
682
702
764
781
601
547
596
787
774
763
511
540
721
703
707
537
574
684
583
627
713
574
613
595
566
569
636
661
767
761
754
666
699
655
668
637
734
592
719
609
580
662
741
759
760
518
557
621
693
626
520
798
565
685
651
715
692
722
622
702
697
632
655
786
681
701
694
588
647
546
657
625
521
784
601
576
754
773
704
716
744
559
547
554
743
561
708
670
790
519
610
768
539
779
782
581
791
679
599
554
525
700
738
517
574
580
662
654
712
616
649
754
798
756
571
728
648
703
600
798
655
554
536
711
732
652
683
634
718
565
731
658
536
619
790
797
561
554
688
543
778
604
620
619
501
728
633
682
531
755
737
504
573
619
630
778
734
675
656
605
601
618
787
645
700
545
762
708
701
655
671
590
569
617
508
664
620
568
615
763
761
642
741
679
562
543
754
560
681
800
515
628
606
631
618
524
577
650
550
728
615
590
646
726
512
699
698
729
568
647
655
641
656
714
577
663
522
507
774
651
707
775
667
630
711
691
505
538
758
539
533
525
578
627
674
507
625
530
679
542
528
605
616
655
561
762
513
529
701
732
673
735
677
544
702
511
652
615
774
515
652
605
544
539
515
657
692
718
679
726
522
649
760
510
730
777
666
565
507
551
511
526
781
593
740
626
773
716
541
519
740
676
670
759
772
698
658
741
605
565
687
780
610
712
643
607
581
524
587
575
632
732
564
789
598
690
746
637
735
735
735
570
588
505
537
545
541
653
778
728
529
620
754
574
776
511
752
769
613
750
688
529
778
682
713
680
650
521
601
650
583
764
648
700
779
662
657
711
626
510
505
704
626
534
757
751
643
540
694
558
715
773
540
691
652
747
717
742
734
602
544
592
793
524
610
608
769
772
548
620
517
564
676
630
567
563
576
612
662
726
547
625
746
623
680
779
536
609
544
704
521
759
546
509
537
618
707
525
743
581
559
666
757
641
637
643
546
553
681
792
604
569
791
612
745
601
575
631
642
521
642
710
746
653
567
570
670
545
583
552
649
766
601
514
518
692
660
606
797
732
520
671
678
598
800
553
647
676
678
655
639
701
584
726
664
762
659
571
644
727
764
560
550
629
576
592
749
545
530
733
556
611
708
635
675
613
727
578
698
605
593
746
638
721
783
745
683
657
516
598
598
594
537
607
569
789
740
708
684
513
654
512
751
642
600
739
557
767
652
568
565
543
509
527
568
640
588
659
756
796
693
513
618
666
710
608
645
711
573
612
575
790
681
716
607
636
645
535
775
744
511
798
716
705
629
593
597
577
554
792
712
782
662
621
620
704
507
753
730
700
735
606
636
786
589
759
738
730
672
759
628
680
778
736
502
535
727
794
719
570
629
531
692
751
749
612
793
584
695
781
573
596
535
599
771
535
700
727
719
548
518
599
635
632
627
527
791
667
703
522
647
585
689
508
529
647
736
608
726
585
624
642
753
763
780
602
701
756
533
595
709
538
537
561
521
683
664
547
624
698
522
691
527
701
721
631
606
569
622
541
625
735
598
564
604
651
543
651
619
527
562
518
546
799
512
636
704
573
637
567
760
505
584
761
562
569
771
544
588
732
795
714
634
754
562
519
729
580
505
763
665
706
747
737
747
620
519
510
585
777
766
538
654
506
628
795
576
649
624
723
584
733
760
787
761
515
654
535
678
676
515
543
776
669
580
768
704
568
759
706
724
754
730
645
728
573
680
710
506
795
541
733
722
672
648
744
726
602
501
674
552
686
760
723
643
582
527
744
644
553
606
718
627
715
528
639
709
711
550
567
564
505
628
627
736
758
730
689
519
664
509
684
529
527
572
598
513
523
591
700
713
540
673
751
794
516
678
695
800
615
794
653
780
617
783
504
545
778
730
541
532
606
519
711
530
768
735
685
529
506
758
682
612
518
607
724
655
630
618
506
698
519
535
694
674
699
513
546
783
760
689
738
548
708
551
518
755
711
756
511
546
712
558
580
703
758
558
596
547
684
538
686
630
582
601
550
598
724
512
747
589
674
653
639
590
507
768
626
599
757
581
702
758
607
505
629
665
692
697
596
625
785
710
758
664
625
731
766
771
511
750
682
711
775
574
577
696
545
745
548
563
629
724
525
523
729
686
571
764
650
781
620
518
775
721
677
793
559
723
728
744
787
708
605
562
599
559
726
557
526
733
776
604
522
784
526
728
525
640
744
786
581
540
512
795
757
695
632
593
731
546
689
696
642
512
662
694
666
537
678
741
779
702
515
579
671
552
569
722
572
657
774
635
686
780
566
654
684
635
738
715
585
538
648
785
627
654
622
719
650
594
720
513
682
741
578
662
780
549
754
675
602
640
662
596
607
602
738
667
743
712
589
797
693
669
648
735
688
504
647
651
656
602
763
716
530
614
589
512
628
714
753
767
721
617
515
639
520
613
742
677
778
799
757
574
547
735
701
669
788
677
642
627
737
535
647
594
613
505
624
727
549
637
746
600
710
638
565
533
604
514
759
645
505
684
526
766
558
553
766
549
738
742
652
785
789
635
702
684
755
707
598
506
566
671
776
746
656
571
504
673
717
737
636
617
783
502
580
521
744
601
702
550
533
752
584
718
520
671
690
713
671
777
571
757
595
717
750
503
696
770
669
515
774
682
543
504
772
527
657
746
535
532
690
688
640
615
652
789
634
596
644
699
643
524
553
627
609
656
584
755
630
686
500
748
568
746
506
558
661
785
675
693
675
683
661
590
798
538
619
722
726
584
685
510
565
750
508
548
692
601
615
561
682
509
512
555
677
694
514
753
747
615
619
673
618
586
758
528
662
701
607
557
763
592
650
601
736
657
618
748
755
709
523
760
683
624
564
673
762
720
582
759
740
514
688
640
797
795
547
716
557
719
763
667
707
764
571
624
584
728
758
599
651
619
776
635
795
502
783
725
581
557
568
676
618
763
735
558
631
762
511
622
785
562
667
667
655
639
741
583
544
769
770
684
626
687
726
688
502
737
535
552
597
753
641
579
732
719
620
530
686
769
617
514
659
629
702
795
654
681
794
750
706
720
629
641
756
518
603
724
516
737
610
684
768
587
776
704
574
777
770
708
755
573
507
579
560
632
715
523
798
774
725
655
790
549
777
708
599
550
542
629
646
565
681
726
503
634
586
655
672
694
694
627
580
721
520
646
702
750
514
668
755
641
602
598
677
555
736
653
678
636
725
507
614
743
740
655
687
502
516
736
689
791
667
724
529
523
706
766
619
773
534
705
773
669
535
739
730
631
772
646
643
645
586
750
676
510
519
559
768
738
645
521
581
600
655
796
676
679
708
592
562
571
687
751
669
633
508
505
673
762
790
567
604
521
752
615
729
672
680
599
762
715
549
685
574
707
653
725
796
781
602
762
578
518
765
650
620
517
617
788
718
709
555
589
737
595
526
537
738
581
714
639
697
530
594
785
747
664
504
665
574
792
638
673
778
737
743
746
568
664
706
502
543
796
511
567
600
689
625
701
540
630
675
744
613
720
790
775
758
577
704
580
707
781
745
552
688
502
739
608
766
733
506
616
720
551
535
680
748
636
547
737
724
508
664
720
691
587
750
607
748
516
652
748
772
669
674
618
773
682
679
530
512
581
628
762
652
799
725
608
651
648
681
741
664
685
668
582
714
740
653
694
660
530
549
670
773
686
744
602
566
636
676
604
758
681
505
724
504
707
762
658
798
651
685
692
782
746
502
514
745
541
744
737
709
581
741
662
543
591
547
519
694
789
510
776
506
506
602
602
697
544
565
740
742
743
558
722
761
793
727
563
537
662
600
652
723
607
610
686
661
702
731
621
710
514
682
505
761
728
778
579
741
602
702
690
612
772
750
656
786
647
531
541
568
768
740
581
543
623
749
781
728
715
686
596
564
714
626
646
647
537
592
763
600
633
778
699
679
758
620
585
601
575
739
720
615
651
774
534
587
580
680
684
744
582
741
684
736
535
672
750
791
792
632
514
557
546
547
555
574
694
560
688
800
635
621
769
733
540
668
578
611
727
721
710
505
610
602
774
619
554
748
784
565
610
608
544
720
795
605
746
726
516
577
700
618
519
726
537
680
518
534
661
755
628
798
711
673
732
515
755
682
557
517
743
513
708
527
507
740
599
652
547
602
763
724
708
721
601
787
686
524
544
791
718
597
640
601
707
793
660
773
749
533
536
712
647
551
655
688
675
695
545
671
788
758
761
650
564
509
625
724
732
738
674
795
798
615
695
715
618
621
733
726
563
500
524
712
509
712
770
775
703
502
756
601
756
723
610
543
742
739
788
764
666
561
575
734
788
558
593
701
624
595
535
623
527
590
560
691
733
558
688
697
512
540
574
597
601
615
626
555
689
612
790
717
798
507
635
686
724
650
750
742
589
721
733
663
592
661
609
572
790
594
538
507
639
523
689
768
619
515
522
609
555
783
623
513
572
556
754
509
679
703
792
606
559
661
668
657
744
518
680
605
538
607
624
536
533
625
555
564
586
687
698
616
775
677
639
509
714
530
753
506
572
758
761
534
616
748
790
633
641
626
595
579
753
656
616
522
559
790
798
698
605
600
656
694
581
580
546
558
756
612
700
772
554
758
585
731
708
676
707
670
559
735
539
686
662
626
509
772
757
775
675
552
546
604
579
649
697
608
649
747
789
632
601
645
716
538
575
549
555
630
621
577
563
505
790
795
753
626
583
585
569
633
794
735
517
607
708
689
515
549
517
603
602
693
615
615
606
550
510
578
531
597
540
773
541
682
660
563
799
521
668
768
580
636
567
553
744
713
511
687
513
692
651
674
658
735
617
659
710
703
623
593
626
706
736
562
692
514
667
616
589
780
748
678
704
735
502
605
516
510
642
604
787
577
597
534
623
721
719
772
769
548
733
503
514
700
681
567
638
655
753
768
538
762
625
738
756
542
688
621
516
614
734
566
635
504
652
528
561
763
508
790
577
725
768
689
655
525
799
564
662
725
535
636
564
590
534
718
733
602
694
755
600
516
515
691
782
626
649
502
535
551
792
578
774
675
553
636
713
517
741
763
527
527
759
596
685
508
677
554
720
514
757
619
779
751
706
785
663
507
675
772
718
701
673
532
645
730
724
594
505
684
719
513
531
610
517
736
602
700
682
579
764
634
595
600
787
622
796
673
681
545
609
548
580
658
593
752
746
615
501
703
742
517
785
544
783
649
584
765
715
705
573
562
565
668
669
517
756
701
748
794
644
549
709
746
603
516
718
692
708
687
754
760
582
689
507
743
685
677
714
644
656
546
685
726
776
566
717
745
561
686
583
704
725
737
603
604
511
577
684
689
555
669
745
571
797
773
784
750
505
734
753
638
684
723
633
614
598
536
769
637
785
622
626
783
653
691
746
731
565
712
669
530
744
751
588
643
740
584
749
570
749
644
711
687
771
737
650
612
507
622
516
546
797
642
681
578
696
725
603
505
767
584
541
799
723
687
507
655
760
508
625
571
535
558
610
614
562
783
518
566
559
770
693
785
728
719
542
694
722
636
621
687
718
707
531
756
674
664
589
545
796
643
626
665
606
698
708
529
616
628
507
538
671
695
610
697
691
601
562
580
576
741
794
534
553
594
626
709
619
783
520
506
697
542
596
563
762
690
797
789
561
596
605
766
665
594
767
570
750
669
634
697
771
760
725
791
575
716
696
535
624
669
680
584
503
756
740
605
691
687
524
726
700
694
782
699
677
680
588
516
525
724
633
574
513
601
691
572
543
653
661
715
672
656
574
767
734
568
566
647
576
511
700
756
692
669
699
775
793
751
724
726
720
734
778
646
601
746
787
615
511
680
711
588
699
768
717
684
672
769
792
611
763
652
542
506
712
631
583
525
605
669
738
777
661
739
760
632
569
543
637
686
576
563
747
665
509
755
606
542
565
759
534
541
550
585
561
651
570
559
523
565
518
713
733
571
792
735
501
539
592
675
702
682
715
596
531
772
792
770
614
787
599
512
602
514
657
603
704
565
638
615
767
632
595
729
736
505
743
752
628
649
773
557
537
571
601
582
782
711
763
730
566
623
749
657
578
742
745
713
757
758
594
659
636
578
680
530
749
568
771
752
636
788
542
515
531
691
746
763
671
520
568
632
766
561
715
589
508
608
511
788
556
593
659
546
708
772
666
615
679
590
784
660
744
624
518
670
723
613
799
671
731
709
725
570
564
686
720
781
779
725
626
619
542
611
586
574
764
653
579
535
710
767
547
640
747
614
703
716
750
525
720
587
649
747
734
752
776
524
704
629
738
690
598
706
572
720
777
606
585
702
523
579
781
655
771
740
683
651
637
514
502
531
569
677
775
667
745
596
548
787
653
520
525
779
633
724
780
596
764
518
792
713
574
638
598
672
723
756
752
629
516
616
577
606
666
764
698
712
675
673
506
537
668
766
661
558
708
641
587
528
589
581
800
671
690
535
754
619
706
770
557
794
752
796
597
649
714
557
660
663
633
745
659
790
655
765
647
673
513
657
702
659
641
515
600
742
609
731
773
681
652
773
652
755
745
579
653
504
682
550
760
512
722
696
658
615
641
557
632
544
536
770
799
606
704
771
647
682
662
575
607
508
617
565
568
659
514
773
779
621
672
569
755
769
706
759
719
606
680
721
762
520
500
619
715
731
616
519
579
696
539
674
527
697
685
558
508
551
599
756
752
726
712
732
777
530
754
704
615
611
664
501
757
691
536
598
700
671
783
158
107
104
194
110
123
179
142
131
189
140
190
116
185
185
173
176
120
129
195
179
158
158
110
123
171
120
132
105
136
170
196
102
175
101
132
188
143
179
134
137
140
104
160
127
119
127
199
200
183
190
129
137
179
113
175
149
103
146
130
156
174
128
194
105
121
112
192
160
111
194
139
123
191
136
165
194
128
162
113
146
103
112
179
161
196
108
134
136
104
108
106
177
149
128
170
113
105
154
156
140
149
184
128
187
145
195
197
113
155
172
122
111
114
136
154
118
140
170
185
191
191
104
165
179
105
174
196
171
143
101
107
135
114
104
110
103
164
162
109
169
155
189
124
192
127
126
119
199
115
124
140
186
156
117
109
173
158
165
115
101
165
148
149
107
178
117
193
104
160
108
184
125
116
180
136
130
121
146
196
101
140
164
138
176
169
130
108
140
160
198
117
116
121
172
109
126
118
177
164
200
189
127
200
168
199
131
188
157
113
114
161
136
106
128
156
163
150
129
177
150
146
175
180
110
105
156
150
153
194
163
179
124
192
169
165
176
119
154
101
188
121
132
126
160
188
147
101
124
121
148
168
175
120
136
137
117
146
150
149
158
160
147
177
159
152
138
177
146
144
178
166
172
166
184
134
178
123
105
187
174
149
118
127
191
167
125
193
173
156
116
140
108
159
170
182
147
110
165
161
165
167
166
112
189
186
147
119
131
141
115
180
102
169
200
181
116
145
151
169
105
117
122
122
191
164
140
149
147
174
171
104
131
160
178
103
184
110
101
112
169
177
107
154
166
138
119
131
152
177
180
119
165
183
178
191
166
160
104
137
184
168
104
107
127
187
199
180
107
159
110
136
101
110
196
116
111
136
168
180
134
118
155
113
163
114
114
181
135
163
104
197
155
124
168
167
115
157
139
186
109
169
127
110
139
172
156
136
167
197
195
150
103
189
129
151
158
114
198
148
127
164
782
555
768
657
639
638
795
622
627
629
507
780
694
668
508
790
731
769
616
771
566
516
658
576
776
634
537
594
538
541
723
752
682
663
798
719
620
623
750
647
748
578
765
526
609
559
582
794
657
768
552
582
518
693
664
668
506
552
756
618
618
685
652
600
653
650
742
715
752
749
555
516
615
528
589
712
588
640
644
682
501
794
635
528
556
518
800
573
599
707
765
763
638
671
704
723
646
726
734
733
601
786
607
791
622
592
599
653
606
711
720
773
549
729
638
566
752
800
591
622
506
689
729
502
621
527
506
622
615
659
664
768
684
571
649
644
676
665
744
733
683
702
774
654
761
749
540
565
627
521
565
561
511
656
592
597
731
729
787
775
570
595
689
621
585
743
611
540
523
564
552
794
646
681
595
794
511
758
557
783
524
632
757
731
556
681
529
530
633
687
611
706
776
776
643
724
792
728
581
701
551
781
603
680
616
683
680
763
622
570
667
726
519
794
677
727
500
632
568
545
600
696
509
686
667
745
594
745
633
648
743
719
584
651
526
566
586
510
717
756
534
746
574
629
642
800
774
523
620
642
638
662
626
549
597
666
573
581
752
621
594
590
691
588
681
726
723
748
686
671
626
724
707
677
568
534
772
706
573
748
608
595
600
514
631
524
784
593
592
732
713
747
538
661
719
663
741
512
648
586
724
581
744
745
606
578
785
587
779
748
558
724
698
719
768
564
565
605
606
686
554
502
680
693
540
779
660
561
590
565
600
747
681
692
515
727
524
655
540
799
513
519
687
574
702
526
725
785
641
583
660
740
592
746
638
706
707
684
557
546
542
790
542
532
504
645
500
637
651
529
656
564
595
690
523
793
798
791
617
652
735
605
607
530
701
755
618
793
588
608
514
681
710
742
560
540
618
715
675
624
729
627
783
760
581
746
689
500
645
595
562
521
684
555
562
742
686
562
518
569
703
575
695
684
693
787
566
735
761
505
617
756
757
611
727
737
778
528
522
631
787
619
747
674
643
677
735
623
636
503
664
519
520
725
651
591
609
518
690
789
636
580
531
693
657
561
656
625
506
531
788
615
685
714
639
603
665
633
649
792
732
711
679
534
641
503
621
704
559
758
716
533
706
777
550
713
625
683
526
670
715
638
595
679
731
601
636
765
523
617
525
601
781
598
705
608
685
651
547
786
627
715
789
663
591
631
739
725
790
606
607
561
772
590
528
716
789
557
723
728
794
571
675
553
636
701
681
545
647
636
555
708
540
766
550
536
550
600
566
549
606
531
785
613
736
562
565
734
550
605
591
644
550
502
727
731
632
699
627
783
646
661
697
743
621
553
602
649
751
567
571
759
612
693
580
595
696
530
769
777
644
699
777
669
660
544
601
531
568
569
668
514
649
512
708
719
505
534
786
758
745
752
599
754
757
650
605
625
649
606
774
553
764
503
580
650
512
655
733
670
726
726
713
697
778
614
645
783
758
526
569
786
656
626
615
683
771
625
619
506
533
626
678
788
637
671
727
637
570
530
765
733
670
627
735
600
642
555
769
555
579
743
745
584
664
583
713
593
687
551
798
746
787
587
539
674
761
718
645
781
601
648
666
722
586
530
591
777
558
539
600
571
785
704
736
548
779
703
653
784
799
584
561
685
634
533
528
722
579
627
593
785
578
775
739
534
692
608
614
674
611
628
693
776
644
715
550
547
758
745
765
531
683
646
501
750
573
525
705
776
533
686
732
707
776
778
624
582
736
642
611
608
787
604
784
523
788
779
539
504
674
771
558
551
592
763
695
667
661
532
710
702
603
624
650
601
622
761
675
571
612
668
656
653
706
657
691
670
726
547
528
505
541
640
600
565
680
580
664
731
766
580
739
658
564
541
658
705
630
521
528
513
720
554
633
552
599
621
783
696
617
692
765
787
755
796
657
654
710
754
524
571
503
785
769
564
718
541
559
756
774
507
506
701
656
697
560
672
570
710
705
509
753
770
549
575
561
596
506
776
548
763
521
795
704
704
741
708
740
500
754
609
598
568
599
508
768
625
742
704
687
548
588
527
616
555
741
784
564
744
691
677
621
753
549
575
793
796
690
634
580
517
503
663
666
590
569
644
549
558
695
653
567
753
653
529
649
622
610
717
527
778
720
626
717
736
535
508
645
681
783
633
658
775
703
704
693
634
769
504
597
747
658
708
567
520
572
634
724
696
515
589
542
519
668
552
793
650
554
713
666
562
651
502
717
531
508
714
545
716
571
750
744
533
654
781
708
505
580
743
646
623
728
501
711
769
680
652
503
629
653
767
748
596
746
558
791
545
519
617
771
582
538
790
611
592
679
569
785
753
657
535
746
546
681
702
710
641
731
647
512
520
506
589
760
699
626
698
565
567
633
741
610
663
723
634
723
726
548
683
719
647
680
614
642
645
541
751
660
612
765
606
721
518
586
658
792
672
539
737
561
551
566
535
674
716
569
551
753
593
709
738
741
570
522
792
545
786
662
723
537
794
799
739
660
659
557
588
598
671
589
524
557
774
576
715
753
654
542
717
627
785
512
528
736
797
627
792
683
527
604
794
663
676
667
557
507
516
553
535
700
691
590
611
621
720
508
791
707
769
655
644
554
630
675
555
639
692
740
640
773
678
563
754
698
707
782
785
552
761
639
759
768
649
773
593
645
507
789
525
666
609
675
645
575
694
751
672
785
770
679
576
759
651
661
503
682
604
567
693
677
722
784
639
643
796
527
643
500
626
741
725
711
616
619
768
523
559
640
596
630
781
677
524
612
521
720
620
674
694
615
722
749
786
580
576
600
700
551
699
661
628
585
532
561
668
582
543
780
723
635
725
506
638
636
755
615
710
794
641
600
638
714
656
742
605
750
706
658
550
609
587
774
516
637
643
605
716
564
509
723
555
682
522
564
543
740
619
762
612
732
709
550
685
524
779
706
624
791
622
521
521
598
753
670
688
520
599
581
586
744
662
672
749
782
538
577
524
660
702
646
726
677
777
601
548
630
600
554
556
538
527
687
607
537
729
592
569
589
552
738
791
671
718
576
793
635
748
778
652
664
594
523
706
755
578
751
548
760
587
678
647
682
539
522
545
728
771
581
526
737
618
636
662
555
509
506
545
597
758
656
595
550
516
768
621
602
595
650
745
716
524
596
559
644
790
635
634
572
694
656
739
764
782
741
666
687
739
706
769
714
737
551
559
735
523
690
513
510
511
728
799
618
546
588
739
617
544
668
737
570
798
607
765
524
639
697
652
597
666
796
632
616
784
633
624
631
634
508
622
535
575
615
759
799
548
559
536
611
654
677
561
580
614
551
799
736
530
580
764
549
747
637
632
606
761
510
590
694
603
614
679
684
677
549
692
599
676
520
524
549
781
698
769
742
684
717
632
652
794
592
670
565
746
760
726
610
565
756
699
773
506
563
741
630
768
751
630
652
538
578
667
609
715
570
633
653
514
507
546
638
670
748
612
667
790
735
657
689
696
624
559
619
717
505
592
649
793
632
588
528
666
745
705
585
657
723
652
767
699
792
686
674
710
694
796
660
790
575
733
563
689
675
640
738
790
600
664
789
570
529
713
520
514
654
768
764
724
631
793
501
591
676
631
668
520
604
584
736
553
601
524
599
777
596
733
587
659
563
637
689
624
681
508
615
772
650
590
764
606
619
622
714
549
654
533
680
567
641
667
722
598
612
519
556
583
551
768
544
608
755
782
745
675
592
539
737
756
616
638
540
662
615
743
753
727
787
665
763
721
740
711
657
631
541
646
693
701
796
692
772
623
685
702
504
605
504
610
656
723
664
739
661
503
702
538
784
582
612
785
706
617
774
520
662
738
626
666
569
694
552
740
700
754
501
730
695
508
719
800
713
578
777
696
525
513
750
707
544
662
655
716
581
552
597
759
596
736
717
645
617
508
677
751
567
550
742
738
789
597
605
781
513
581
709
746
561
715
750
762
517
780
588
744
724
706
547
777
543
608
665
565
709
731
645
662
672
693
532
685
685
585
780
518
503
603
679
710
515
723
553
560
589
606
699
560
598
643
726
724
724
745
780
588
694
539
682
735
601
502
684
787
512
672
603
582
745
515
598
528
558
670
584
678
568
708
593
667
628
607
717
523
783
703
719
755
599
526
629
734
572
546
677
657
746
574
761
718
770
704
789
653
607
793
630
597
580
732
646
691
752
556
666
575
649
761
698
788
787
770
730
757
582
739
725
690
694
665
680
539
771
676
531
683
650
606
791
772
546
742
755
575
578
608
524
754
667
518
725
674
606
553
530
641
784
667
578
540
589
541
520
721
785
720
651
641
629
664
552
548
727
591
725
550
763
655
699
749
610
600
692
692
561
666
637
619
504
530
582
513
694
503
669
676
571
672
582
641
750
544
655
706
748
554
742
723
648
589
705
761
778
529
573
765
621
788
556
569
699
570
527
557
638
707
758
584
729
532
633
549
607
586
739
774
715
794
509
533
666
698
786
599
648
567
645
593
785
636
763
774
547
531
623
565
542
677
581
642
553
518
626
541
719
800
519
770
736
549
569
503
601
532
791
650
716
716
651
541
716
732
627
550
505
511
700
620
508
630
768
524
624
514
768
667
677
642
754
516
502
549
576
671
746
757
737
677
630
767
618
618
790
702
788
595
644
691
779
795
565
666
649
749
534
509
664
518
655
752
612
700
514
728
645
746
600
506
614
680
669
697
522
688
563
694
621
708
654
738
703
663
763
688
688
677
709
553
647
556
502
613
527
680
646
705
776
730
740
734
779
770
668
733
704
588
756
573
759
544
587
657
783
528
775
678
787
518
784
670
606
608
724
761
672
592
636
535
606
739
515
695
685
799
783
799
601
743
510
528
573
661
627
586
778
638
750
775
629
729
543
591
555
616
726
526
514
640
553
541
583
713
589
608
691
514
675
720
535
671
602
788
689
564
697
600
721
696
629
537
523
762
710
765
738
566
566
784
726
578
782
623
706
787
584
742
763
662
683
574
661
756
710
780
571
501
699
640
621
649
720
565
710
744
681
721
591
593
567
605
737
758
649
513
604
663
559
627
570
596
682
665
591
723
705
794
597
692
625
535
693
679
531
572
570
577
684
718
668
735
731
540
713
546
776
624
560
524
539
529
644
602
545
642
508
538
781
748
690
732
552
715
735
784
653
744
771
552
674
665
711
527
699
605
742
512
548
789
568
729
780
668
689
737
795
693
723
536
670
549
673
625
604
585
686
586
720
678
773
773
757
791
626
764
795
672
771
781
525
570
608
790
607
729
749
630
540
701
791
626
607
778
511
730
522
716
683
537
603
627
557
517
555
588
749
607
536
579
740
734
504
780
760
642
643
630
513
698
770
513
759
671
702
772
758
598
613
607
620
742
524
657
590
574
681
555
573
714
662
761
735
576
631
758
602
673
642
647
679
524
594
671
724
564
652
672
770
729
759
652
734
611
601
769
762
656
575
662
624
647
714
653
587
587
621
695
579
614
751
500
543
586
588
543
524
766
662
799
606
682
790
639
746
707
635
758
716
523
601
737
606
553
685
688
787
673
677
718
626
796
567
634
664
554
562
723
719
635
592
763
720
628
762
590
501
648
751
660
510
665
601
535
669
519
673
749
765
725
732
688
742
621
594
528
515
758
662
661
512
671
719
545
725
682
799
686
571
520
737
793
556
753
713
651
670
755
691
543
672
516
563
786
624
772
772
758
690
789
576
588
581
772
590
519
544
510
522
636
750
608
656
547
563
653
721
606
614
587
673
694
790
787
547
544
636
663
527
614
583
714
714
781
702
680
507
727
635
618
586
732
784
687
724
573
790
546
703
689
785
627
729
749
519
796
742
656
569
736
680
639
685
626
774
552
605
603
714
744
538
580
620
741
663
549
510
525
581
699
561
517
685
685
585
715
790
795
721
792
526
506
606
542
665
638
763
698
615
747
663
614
655
759
516
630
786
515
511
768
750
574
708
622
792
645
567
684
578
775
729
769
675
544
514
619
700
516
800
535
666
636
743
569
684
651
775
532
599
780
707
637
596
720
645
657
630
708
714
514
751
761
794
719
612
516
787
640
509
679
798
671
698
652
561
741
633
800
746
611
727
502
586
637
740
689
778
711
555
537
786
512
614
737
731
769
731
566
539
793
778
798
520
551
561
676
672
705
508
622
777
660
557
534
502
759
691
784
548
522
502
714
757
660
556
569
690
705
705
720
639
751
566
693
561
660
718
562
531
607
697
642
634
651
775
524
794
671
550
571
569
645
666
767
507
665
501
666
738
652
661
702
556
549
601
642
659
632
576
749
588
617
604
529
570
647
746
520
693
705
718
676
623
673
694
644
551
780
614
510
578
608
762
651
599
706
702
728
718
713
734
724
572
754
741
539
530
741
723
540
694
511
502
766
785
763
636
699
662
678
562
798
756
667
559
637
788
574
508
512
698
561
745
615
616
544
672
647
591
775
514
764
543
739
779
746
622
744
563
732
626
545
685
585
622
730
624
722
751
791
714
772
569
709
621
703
745
546
738
627
558
743
706
506
689
583
652
774
703
640
531
683
611
563
647
586
662
625
719
666
621
526
681
795
600
523
629
790
699
769
785
657
718
728
763
541
708
653
780
569
766
664
546
687
716
526
545
554
735
728
526
635
607
713
680
696
719
679
512
575
771
522
783
532
536
564
647
564
581
763
595
638
712
698
675
586
559
599
543
531
745
693
705
521
624
631
648
575
638
699
636
646
749
661
702
643
748
636
645
728
519
500
615
795
601
542
667
520
579
790
743
519
581
684
696
535
736
670
534
752
561
561
627
791
696
535
515
772
753
532
529
594
566
712
798
721
795
725
648
625
692
602
676
584
623
778
635
692
675
634
647
567
751
735
553
603
707
516
733
694
615
653
514
551
782
799
515
608
520
769
597
513
596
577
742
558
561
634
655
550
752
632
607
752
579
551
604
759
503
616
628
680
525
514
649
767
677
540
737
679
716
788
503
561
742
610
756
531
562
530
739
607
765
754
517
730
620
724
589
512
578
566
642
556
761
799
602
679
719
559
615
776
512
561
572
526
763
688
525
736
753
534
733
778
585
784
676
501
747
684
725
786
625
621
641
679
674
742
620
576
712
591
513
791
595
501
671
540
651
643
557
692
643
780
549
796
549
661
593
611
668
698
749
633
567
719
752
739
502
718
542
765
504
668
745
640
571
590
599
711
645
592
726
576
528
530
572
609
795
641
652
761
642
672
736
737
564
537
594
634
736
721
734
599
553
735
505
749
685
502
571
587
590
536
757
629
734
740
677
605
766
759
656
644
774
567
570
524
516
662
550
634
599
634
798
607
597
579
713
512
592
578
765
670
736
772
756
618
667
670
572
704
751
610
616
686
712
645
730
689
752
553
569
613
660
607
551
631
636
507
779
762
542
618
609
690
525
525
613
719
728
701
597
567
654
575
735
750
737
594
732
665
623
621
776
711
634
503
757
708
674
761
649
745
648
785
666
559
763
722
575
538
618
527
551
773
707
590
722
678
625
591
572
685
766
712
667
731
641
707
591
649
752
640
617
608
599
518
681
718
698
774
558
784
730
747
698
587
554
549
789
735
742
608
639
542
720
607
556
609
699
675
653
686
691
704
534
667
625
741
663
789
579
790
697
707
619
794
539
769
792
595
748
618
715
527
608
650
561
679
677
787
636
749
592
565
573
730
793
633
745
566
659
543
800
716
734
633
501
754
576
649
738
515
688
580
780
784
596
691
637
793
616
714
589
520
659
561
687
568
645
556
535
542
533
759
576
600
637
544
784
514
579
746
678
566
630
576
765
733
765
768
628
635
659
539
572
596
544
601
571
730
634
788
697
541
772
628
710
687
788
518
704
600
518
659
584
746
666
513
617
721
576
585
694
537
753
672
735
522
593
555
502
624
524
625
763
606
781
787
698
570
621
579
594
752
568
749
790
571
613
669
701
614
613
540
746
777
580
551
503
623
791
627
647
624
586
586
525
675
749
708
118
132
188
105
169
139
112
168
155
195
154
153
114
156
108
109
179
174
182
183
183
193
171
136
150
105
105
175
168
107
116
141
195
194
110
192
159
189
182
125
147
159
116
148
191
193
131
121
171
110
120
161
169
192
187
126
171
138
179
118
110
101
112
118
176
149
171
154
134
134
117
189
116
196
111
100
108
171
143
177
127
161
170
193
130
103
175
183
164
126
101
122
160
180
181
184
131
130
138
194
200
198
133
158
190
163
103
191
170
190
196
131
189
181
127
110
103
138
148
120
179
196
181
144
192
153
118
168
150
137
174
120
119
138
197
123
166
115
114
150
100
112
182
124
133
169
194
104
126
123
106
145
154
109
148
143
105
132
127
162
112
120
101
122
177
117
187
147
106
128
191
142
199
113
155
145
164
141
168
175
193
179
110
178
156
110
169
122
127
162
164
192
182
170
139
150
161
185
144
142
121
179
171
144
195
150
187
157
134
139
123
142
155
155
113
151
161
142
114
166
159
128
102
167
114
102
174
176
137
108
130
107
168
110
106
126
162
183
108
167
157
131
100
131
192
186
511
697
590
624
503
617
610
699
602
713
518
730
596
656
767
565
545
511
533
629
759
507
654
556
614
641
513
734
545
642
572
562
661
631
569
791
677
590
778
513
734
789
734
574
682
506
571
531
623
738
791
730
677
614
568
575
607
779
631
697
556
614
591
698
756
537
508
635
694
739
760
732
684
611
568
587
659
609
770
544
749
661
534
503
689
565
676
609
762
612
550
576
535
591
638
700
767
632
533
600
683
509
639
505
522
650
797
795
633
502
797
732
567
775
570
702
677
633
730
563
744
707
780
504
533
524
671
730
772
584
721
528
737
666
570
708
657
782
703
758
736
644
773
712
569
730
521
567
556
516
508
528
612
656
694
711
616
658
733
759
617
736
757
591
645
710
747
794
606
757
664
610
602
628
651
523
593
620
534
727
546
773
655
724
596
597
501
540
786
531
581
662
633
648
607
579
800
744
694
564
670
712
534
782
698
501
537
522
637
617
768
578
536
741
539
577
510
677
714
659
505
588
524
709
546
664
691
629
554
603
535
551
755
763
534
684
665
557
778
614
736
725
578
667
710
716
657
571
548
784
635
572
748
687
667
644
518
515
766
680
535
612
633
672
502
770
555
750
580
564
707
520
655
554
800
529
637
507
601
792
515
582
733
695
523
604
790
746
581
574
746
500
746
588
698
540
790
718
639
751
606
780
762
727
730
789
540
672
539
562
738
632
549
798
597
517
615
725
723
516
582
519
622
709
660
746
543
513
667
778
644
634
740
674
680
545
674
606
698
732
559
721
610
760
500
657
555
713
687
651
616
506
766
571
583
668
596
690
564
672
579
691
645
797
790
675
685
770
684
588
537
606
563
561
670
518
509
781
674
559
595
686
664
634
752
681
693
694
626
586
770
534
651
552
562
522
545
559
677
798
650
652
589
611
548
781
679
571
552
690
623
581
556
706
607
643
747
617
726
703
752
629
779
723
637
605
704
608
609
664
567
765
660
660
751
551
730
677
692
592
757
774
656
707
631
708
650
543
534
656
731
745
576
521
559
598
500
608
729
544
722
790
575
519
776
525
777
794
663
565
607
724
560
660
796
769
702
604
649
552
670
762
576
692
718
674
535
784
785
772
717
667
756
664
668
611
753
780
651
771
742
639
670
587
590
653
540
676
642
679
680
747
772
568
575
781
700
745
598
617
635
583
771
657
665
549
712
540
709
669
659
564
733
550
537
573
559
610
613
704
650
586
712
528
615
744
786
780
578
731
784
572
544
699
687
605
615
669
721
687
663
745
534
718
508
711
611
647
678
685
717
786
780
537
706
742
562
643
612
504
782
654
670
726
688
621
731
682
580
623
736
758
634
581
509
571
705
619
742
574
710
752
721
708
588
789
585
590
738
548
525
688
657
543
714
616
774
594
670
680
541
500
512
505
797
781
603
594
526
744
545
652
549
788
609
558
675
615
713
760
722
682
765
686
690
525
658
765
581
501
605
677
752
726
550
786
550
504
542
603
677
588
519
511
685
770
627
522
509
688
730
689
554
698
567
730
538
733
772
715
783
752
551
582
672
611
656
779
662
793
511
629
600
720
687
580
693
548
748
599
576
614
716
523
544
654
715
707
622
595
703
533
528
593
723
593
620
797
713
537
503
522
699
671
616
622
620
673
525
556
568
667
529
502
759
651
540
681
781
713
585
730
590
660
586
767
589
605
635
795
646
606
727
777
567
656
712
656
596
542
780
548
629
797
746
536
646
768
617
700
652
733
670
619
627
573
538
505
579
564
527
773
564
613
537
588
750
738
566
692
691
617
660
676
612
580
631
799
516
530
632
693
727
630
673
600
749
601
713
555
574
624
768
557
781
560
747
708
683
574
661
590
547
594
