126
147
128
105
115
147
191
157
141
142
123
195
183
168
190
104
120
161
109
130
178
144
194
128
197
138
158
107
173
126
151
193
118
113
144
107
125
177
137
131
170
148
116
151
134
106
186
155
178
122
161
169
171
107
127
109
136
172
158
189
183
156
152
121
177
119
155
122
127
186
133
146
191
159
138
121
113
164
178
170
124
142
162
186
183
182
162
148
153
102
182
160
193
182
128
108
125
180
105
156
182
195
562
566
704
646
606
526
509
736
619
522
534
578
525
625
776
557
539
770
631
760
663
553
687
773
575
698
680
557
505
704
621
770
616
653
735
611
630
532
528
665
564
755
572
733
627
790
699
742
660
625
526
614
574
503
674
796
612
509
506
708
542
777
758
572
772
724
549
508
776
644
690
601
548
530
698
565
754
783
777
503
722
776
784
526
595
546
798
539
669
502
651
672
782
610
725
625
651
717
788
678
617
643
585
766
550
519
747
686
505
524
526
786
539
697
746
713
528
611
676
525
515
592
798
576
739
782
582
683
634
722
722
561
756
793
556
744
725
698
712
568
752
735
549
555
598
754
602
698
511
680
645
713
704
506
703
564
533
607
585
740
611
677
777
636
671
669
538
619
599
582
737
729
788
573
751
621
754
694
590
578
729
529
748
710
737
760
776
517
579
737
680
726
763
707
519
516
546
588
671
554
593
533
521
735
797
595
677
571
688
588
564
623
787
720
718
509
706
664
646
613
637
510
609
707
695
582
720
535
742
530
510
640
795
625
642
697
577
502
785
526
580
766
542
609
615
695
759
532
545
555
532
600
693
746
781
512
729
520
777
521
770
587
512
699
654
595
763
614
704
555
595
773
561
695
630
762
770
584
735
739
786
772
611
623
504
530
730
547
768
789
545
570
595
652
640
689
755
634
796
522
796
659
513
785
548
633
656
580
756
736
688
795
736
800
631
714
609
562
626
520
638
735
649
510
588
727
722
762
782
701
610
706
501
522
705
625
689
511
688
508
602
662
676
671
623
594
584
566
640
520
575
769
721
525
756
594
506
533
501
772
753
567
774
507
615
695
523
528
675
657
664
569
650
655
601
599
787
539
548
720
637
722
639
526
610
547
781
607
652
669
554
760
592
791
715
672
706
718
605
684
663
676
681
795
607
799
645
700
678
760
534
623
704
653
658
510
757
756
734
704
715
594
725
526
761
710
778
687
696
606
575
684
645
580
695
511
529
757
667
698
715
789
699
614
683
638
753
667
722
781
651
571
686
574
550
799
615
599
751
688
755
546
784
571
748
787
690
668
709
570
525
600
504
639
623
538
656
663
608
682
642
617
716
512
506
787
553
537
767
723
662
738
682
525
747
784
512
537
688
597
711
578
653
678
562
641
662
739
522
696
668
542
786
520
749
561
603
784
609
666
734
568
721
754
508
502
616
679
632
725
623
605
680
573
643
514
542
510
541
643
653
612
561
723
757
742
726
775
653
790
588
751
610
787
698
760
787
550
541
552
634
664
506
507
561
590
544
628
584
719
630
799
718
714
546
725
780
582
785
680
700
729
768
651
538
769
746
796
764
516
764
606
637
731
720
727
524
506
607
769
744
558
576
784
504
534
697
577
620
643
682
520
794
527
558
589
698
706
571
517
565
582
525
606
632
634
601
537
518
616
539
686
722
774
669
628
744
609
612
545
794
763
736
611
694
629
520
517
635
699
573
557
663
692
657
658
566
594
723
711
654
626
560
738
730
531
515
558
702
636
778
714
737
649
566
568
746
715
703
654
612
530
722
755
654
664
770
526
516
771
634
584
600
539
696
543
570
567
705
540
718
679
649
531
715
761
621
658
770
753
639
565
516
796
532
679
586
791
599
598
503
713
783
646
524
619
661
673
762
506
534
798
625
632
552
623
736
555
763
749
767
679
630
574
531
781
566
657
718
646
717
706
790
725
757
644
723
644
725
580
609
593
522
735
738
637
513
797
635
512
598
528
556
603
777
698
690
594
597
693
717
778
732
655
716
644
544
507
791
519
580
776
714
629
554
591
552
690
573
636
793
597
759
549
766
525
523
703
738
669
572
744
602
729
630
784
522
579
676
582
770
500
768
798
655
618
677
735
659
566
777
613
666
770
636
765
562
627
706
625
580
602
797
643
775
673
547
610
787
517
722
605
522
604
589
532
604
523
507
771
751
713
645
568
794
553
506
685
753
678
750
788
575
589
524
711
742
735
785
770
790
608
743
744
534
642
682
567
746
690
734
554
789
687
523
527
537
731
768
522
780
504
517
608
769
730
621
743
589
723
756
505
576
644
533
599
567
570
672
777
758
605
629
713
685
559
740
542
756
773
573
778
787
681
741
520
517
559
528
652
501
766
526
752
751
718
554
585
788
621
582
781
623
651
770
607
680
733
694
680
560
775
611
603
738
559
515
659
745
533
757
508
774
753
736
733
623
758
529
680
696
720
720
570
763
631
739
600
638
555
741
502
671
681
654
779
626
582
530
718
680
588
759
710
736
538
546
630
544
616
709
524
694
680
716
517
640
654
763
543
506
766
749
710
778
738
527
765
548
620
777
608
743
662
547
569
746
591
667
663
607
503
797
561
609
527
637
749
642
610
608
704
665
739
645
772
773
694
645
655
540
609
760
533
533
537
602
507
708
557
529
615
781
767
559
552
784
668
597
552
681
526
697
502
640
667
581
711
567
696
647
650
557
765
504
625
504
699
783
781
682
552
758
726
695
753
547
789
798
573
791
669
605
678
746
539
766
608
666
722
660
752
570
631
716
592
710
743
514
687
561
670
581
751
606
584
680
676
758
630
794
699
678
667
728
726
554
749
510
665
576
775
558
744
546
586
771
774
614
724
648
680
642
566
689
680
607
589
529
680
525
793
796
622
543
524
516
502
557
659
566
501
501
749
738
620
536
729
795
760
598
726
606
712
663
629
528
520
696
596
607
650
593
744
712
736
586
653
789
553
644
750
517
755
626
762
721
773
666
758
588
761
608
570
520
583
705
699
625
586
527
579
685
709
629
711
758
686
534
601
664
639
783
737
795
614
514
767
560
750
748
663
592
606
675
741
785
736
613
550
774
734
705
584
571
568
542
733
525
768
787
661
531
720
681
679
776
757
663
574
745
501
568
668
612
685
595
770
540
699
605
545
754
560
742
622
518
512
580
660
507
554
773
665
624
598
564
725
510
644
738
648
647
590
587
638
573
700
696
730
743
652
570
732
563
683
729
666
566
691
610
506
541
741
669
653
529
759
587
697
631
582
587
697
644
686
554
570
609
535
595
744
735
773
545
513
774
783
756
592
654
523
537
778
708
570
601
736
637
789
735
589
528
777
500
698
642
560
639
526
507
719
508
641
727
507
668
556
590
542
734
716
557
649
773
775
725
567
793
795
612
797
584
683
692
721
771
733
721
689
598
768
687
660
587
615
729
541
701
541
521
524
577
585
671
579
650
501
715
522
650
518
748
558
673
750
704
786
740
794
596
545
731
719
588
557
609
642
781
575
548
706
528
750
570
685
634
565
575
634
564
551
660
504
773
633
541
566
738
675
759
764
550
700
772
677
562
728
658
582
602
682
703
670
613
550
532
589
634
572
516
623
770
592
780
738
787
540
743
538
684
713
705
706
724
550
517
719
726
638
779
585
527
546
527
690
665
578
534
725
734
538
782
711
590
774
725
726
781
581
677
788
779
542
685
693
599
712
665
646
687
721
633
767
764
752
546
640
552
686
716
709
794
577
617
683
617
661
561
676
590
548
722
536
628
720
597
740
668
675
502
538
678
705
543
789
688
620
678
713
784
798
537
613
704
717
595
503
577
561
577
600
622
762
665
601
636
568
748
795
632
555
638
708
741
701
735
765
632
629
787
548
579
622
507
616
528
542
688
706
733
600
679
701
733
729
694
640
586
697
622
764
552
534
619
704
783
546
557
792
649
706
607
799
713
683
518
751
640
574
524
604
566
694
521
761
706
647
709
716
527
705
515
613
554
516
690
546
622
517
536
615
735
746
589
635
580
794
690
759
738
623
657
726
523
785
553
774
734
736
672
527
697
553
730
626
508
724
757
696
667
633
642
586
699
627
599
661
635
640
528
531
794
786
718
732
765
748
512
612
704
753
678
698
544
771
650
668
596
613
642
624
515
704
515
681
702
624
690
687
696
712
785
682
672
685
521
573
738
697
772
561
639
532
585
538
592
539
709
660
520
619
623
785
603
668
620
659
671
764
548
596
530
658
741
525
675
531
628
553
515
785
738
631
529
551
512
728
683
579
504
553
612
620
595
576
692
776
521
518
744
696
593
641
523
793
775
547
553
763
765
778
568
618
651
541
793
629
654
723
640
625
534
525
571
665
780
597
759
683
724
647
579
637
676
718
529
715
762
506
703
792
525
788
608
528
542
754
662
542
766
762
529
793
522
735
532
522
605
795
584
757
721
742
775
670
789
656
567
648
665
663
759
739
707
572
681
611
745
758
583
746
691
543
648
509
783
580
504
589
509
544
747
637
787
585
635
721
645
797
646
573
607
657
586
623
587
565
649
669
668
604
592
632
778
742
505
717
715
572
721
675
656
561
695
599
715
605
589
646
617
708
742
561
768
510
662
662
571
573
755
513
757
771
531
596
558
796
690
568
772
616
502
643
562
558
625
675
773
505
560
664
543
720
649
720
736
690
754
571
650
790
550
691
588
735
698
797
785
593
604
749
794
587
752
703
777
637
508
651
522
596
735
776
534
583
697
722
589
775
631
503
743
686
576
560
795
512
587
526
629
765
736
590
623
554
552
617
768
537
779
794
766
578
738
731
755
516
620
526
693
593
751
710
728
722
719
527
647
704
714
708
727
641
676
786
630
791
588
609
524
634
681
722
686
747
637
571
516
614
742
743
660
526
630
654
575
515
551
644
746
643
796
626
538
714
502
540
659
641
593
725
729
618
520
513
598
560
715
744
646
774
562
770
662
528
607
530
606
735
647
652
601
585
725
556
541
696
620
644
584
719
726
533
598
611
784
749
725
580
669
577
720
577
644
552
727
536
686
736
624
756
587
523
628
501
612
548
543
622
759
632
785
672
745
554
781
505
541
762
745
596
555
617
655
520
625
517
619
723
715
773
603
770
675
558
531
627
642
701
509
621
551
528
709
590
679
689
685
519
673
711
614
734
702
663
668
594
658
702
541
642
679
637
529
547
587
755
613
618
587
530
725
597
745
733
556
674
702
502
593
544
604
696
747
614
691
509
744
527
512
685
695
782
584
564
782
653
796
795
658
623
630
630
663
550
799
695
726
630
748
663
704
619
656
713
706
793
605
781
725
548
573
549
579
633
680
784
523
530
580
795
515
569
670
653
504
799
713
695
708
539
721
751
509
578
750
653
664
605
508
591
575
627
686
759
580
726
609
509
604
524
757
562
521
511
771
680
785
571
536
649
784
655
530
621
723
657
550
620
528
627
540
714
795
636
795
618
727
645
538
769
752
795
529
592
795
542
783
639
557
753
602
776
782
550
618
705
536
573
549
668
771
519
568
548
536
766
569
518
762
797
720
562
627
669
692
629
777
736
669
672
797
648
672
798
574
549
515
679
518
579
501
661
755
736
662
529
641
502
740
542
741
644
580
613
700
606
751
566
567
634
562
610
693
718
694
621
654
533
773
600
698
789
541
665
561
651
757
583
621
584
702
630
744
596
672
602
699
702
645
516
513
650
662
579
637
730
745
616
631
642
597
712
534
717
745
628
794
782
598
699
619
664
772
504
555
616
742
766
658
784
776
545
686
676
787
671
689
533
564
701
594
601
664
771
731
571
652
503
779
573
575
634
658
740
515
707
580
721
626
785
656
616
775
791
785
668
586
586
738
512
614
752
798
596
634
628
668
688
605
613
673
760
531
501
677
708
797
741
529
747
585
513
541
633
753
792
635
735
627
760
702
765
752
521
682
597
635
568
549
590
675
583
729
568
543
643
506
721
597
594
739
664
796
559
648
644
632
602
663
589
642
664
658
542
794
671
696
705
727
742
773
534
604
710
588
718
576
558
758
504
731
620
610
744
765
512
693
507
610
717
763
629
671
618
662
783
620
516
551
687
572
575
795
576
750
595
651
655
654
744
686
709
591
605
764
650
634
690
577
585
655
562
533
660
551
622
765
664
504
626
770
699
526
738
626
526
566
614
550
505
799
741
589
525
742
533
509
712
707
617
706
640
514
766
665
581
710
770
670
604
785
585
748
536
572
526
641
550
674
513
628
539
783
543
619
712
580
504
508
546
660
727
534
651
644
669
656
684
727
765
615
664
618
746
545
684
564
655
790
619
667
577
771
524
629
668
720
625
579
639
736
614
604
536
511
799
710
765
623
670
749
618
606
706
583
608
598
757
715
667
682
693
531
795
537
794
584
764
782
704
580
527
620
592
662
521
516
652
690
798
567
689
771
761
757
514
733
528
714
768
610
636
673
751
682
768
611
559
771
536
671
684
726
500
562
694
589
668
783
587
791
502
520
565
630
711
573
702
722
648
587
655
537
593
772
773
629
691
711
582
594
556
781
646
754
676
612
514
550
751
681
510
717
743
760
555
780
764
722
733
654
772
595
594
600
770
585
574
608
508
535
661
570
727
606
758
653
555
586
630
603
741
702
694
674
720
656
794
625
745
677
668
669
651
577
793
579
626
795
615
785
632
534
568
745
633
697
540
645
549
726
681
762
626
571
650
738
547
571
520
682
602
741
674
588
614
719
545
582
520
765
637
792
507
524
643
624
707
765
774
649
605
730
782
696
561
758
625
764
794
652
559
652
728
518
781
651
534
677
741
569
602
532
699
726
712
692
638
729
551
538
758
773
690
749
776
532
712
663
796
524
740
645
638
573
699
734
602
561
725
599
746
541
506
638
799
572
781
690
777
602
718
703
675
508
687
689
583
698
616
756
651
701
560
624
522
731
622
642
600
611
786
524
672
773
710
670
554
772
708
798
564
564
767
602
605
679
730
585
728
770
557
783
549
753
742
514
799
650
507
594
789
762
799
525
780
655
748
505
761
603
648
772
525
724
669
593
702
538
767
735
597
722
644
738
720
726
704
689
594
763
747
572
559
698
639
573
696
540
769
717
705
796
695
742
783
639
687
506
750
786
639
577
727
768
697
744
723
556
527
579
592
628
704
598
586
606
628
800
744
759
599
627
592
694
644
685
696
774
647
527
748
530
689
596
662
576
605
543
584
551
666
780
510
596
757
697
792
639
754
516
729
684
675
650
510
607
562
783
508
770
738
561
606
548
540
695
550
658
685
654
739
701
777
656
594
606
506
758
695
542
787
750
693
731
621
597
537
599
733
660
526
785
595
620
724
555
580
792
577
789
641
554
563
698
511
517
736
717
702
659
800
523
702
705
632
715
509
537
767
640
769
686
641
655
713
789
684
547
599
684
519
540
576
503
531
549
798
512
585
507
579
674
773
508
613
763
513
561
658
517
726
691
555
714
704
725
780
656
506
667
773
646
687
577
717
740
545
535
774
743
788
500
702
642
564
557
795
602
653
515
785
537
672
577
745
672
743
702
574
720
757
742
744
610
678
561
763
701
733
729
690
585
553
722
641
565
749
703
593
639
729
703
564
663
737
776
737
536
520
781
749
509
551
740
593
752
527
655
658
617
588
671
725
762
527
510
644
620
761
579
670
795
708
583
633
509
547
725
648
712
723
682
790
687
573
659
679
629
759
662
532
517
618
778
652
676
677
629
606
586
648
606
515
622
600
714
697
656
531
509
645
186
196
173
105
107
117
150
172
132
137
108
118
149
198
173
162
137
166
175
159
119
192
194
136
126
197
141
140
187
159
191
183
122
163
125
155
181
123
135
188
119
176
159
115
108
150
147
131
118
122
168
193
158
150
109
148
184
125
174
132
140
134
150
111
138
160
165
108
106
197
179
198
195
197
167
169
112
109
160
106
166
161
127
114
176
144
142
102
127
107
172
120
102
126
160
108
189
136
175
136
104
177
121
114
107
116
188
172
109
133
187
124
120
138
146
109
184
104
137
121
158
126
172
126
180
125
100
170
143
162
113
180
130
199
138
183
152
195
190
165
181
100
137
192
179
114
182
158
190
121
190
107
111
133
179
146
143
196
178
115
143
131
118
142
149
179
111
194
148
200
172
108
171
186
128
166
136
126
144
104
144
132
114
153
160
177
193
185
186
166
189
144
167
128
167
103
200
162
117
122
110
639
509
537
761
747
795
709
664
652
589
769
654
796
720
563
611
680
746
503
672
776
767
655
660
633
568
788
612
644
612
591
795
684
784
639
642
776
700
744
564
720
741
728
605
589
770
618
552
501
576
790
754
789
642
594
738
755
612
670
670
687
614
662
642
553
588
563
779
713
592
546
635
600
705
606
753
541
735
512
630
658
755
747
628
557
680
619
764
513
519
566
687
782
534
607
665
671
545
534
636
528
674
554
508
635
578
514
716
674
607
589
790
689
780
574
722
519
596
681
652
750
605
621
657
510
733
633
548
576
681
725
573
671
593
535
504
578
601
552
787
632
600
799
627
535
652
776
632
638
612
524
517
511
735
715
598
647
513
517
734
604
609
789
611
765
617
541
702
781
731
701
656
786
794
652
576
694
582
739
644
561
794
693
544
595
647
627
620
652
705
741
570
716
591
622
786
543
684
521
644
751
603
524
568
532
791
635
767
525
608
737
717
523
774
584
541
657
747
777
564
601
738
524
549
599
640
729
665
675
572
535
669
690
650
795
739
521
515
726
749
692
751
688
709
768
799
736
762
629
784
758
741
601
629
651
696
597
520
763
578
725
506
731
534
760
593
560
637
620
752
684
705
591
513
783
627
765
530
669
538
641
702
781
655
573
536
615
718
601
510
753
660
694
736
718
610
744
508
563
800
701
513
679
607
530
561
537
570
529
795
622
635
528
599
613
763
673
768
695
547
731
605
648
665
774
642
585
591
764
757
539
773
687
571
587
654
553
771
682
506
703
675
560
559
584
576
741
775
525
647
693
745
758
675
784
659
759
542
569
777
517
737
516
775
645
690
735
543
772
664
640
775
530
606
606
753
572
714
733
676
509
590
620
556
625
758
792
569
546
707
512
608
542
522
797
535
614
695
779
653
793
567
506
675
745
759
718
599
641
501
623
622
669
776
682
506
649
645
729
759
547
721
799
505
737
722
751
694
755
590
747
537
552
621
753
502
762
555
525
730
550
767
736
741
772
551
689
643
677
566
682
714
778
660
665
655
651
767
581
715
710
546
734
649
664
737
605
598
728
661
699
613
547
554
665
564
524
758
747
521
544
702
725
640
500
755
732
603
668
544
713
565
515
552
762
627
652
597
792
797
516
711
645
700
746
501
680
638
637
653
582
714
658
576
548
619
717
724
523
798
572
771
724
557
596
735
668
610
542
570
760
734
701
581
552
621
694
717
589
740
569
707
555
573
547
771
625
642
670
557
687
581
516
731
663
600
599
732
723
566
697
648
618
560
606
792
546
753
777
732
611
730
758
530
679
705
640
722
517
784
679
752
772
573
506
602
589
783
550
800
765
729
691
727
667
516
523
567
765
645
568
580
701
620
630
751
710
728
526
600
558
754
759
617
649
625
789
604
644
798
702
592
767
640
532
527
685
717
608
721
708
753
676
574
573
740
779
699
631
511
608
797
640
677
550
657
531
739
680
619
721
593
559
662
565
733
596
596
797
761
578
638
702
507
761
682
614
787
749
546
615
634
551
525
654
594
751
757
669
567
659
739
542
721
699
786
774
716
710
653
507
722
503
588
602
530
614
800
657
734
557
539
560
719
588
795
681
529
700
739
619
664
563
615
652
653
733
628
501
635
605
570
718
629
556
766
722
704
532
670
503
744
519
512
516
609
573
622
605
502
555
696
605
673
775
588
562
554
727
677
770
569
568
782
693
655
545
763
511
769
744
530
507
525
688
754
567
617
510
615
710
625
500
744
744
518
660
644
561
720
777
566
585
708
665
613
767
513
692
664
566
657
783
649
771
648
598
663
755
763
629
709
594
741
611
645
527
661
735
691
639
792
642
750
686
724
551
713
520
553
746
525
794
514
519
526
744
664
529
601
645
542
599
736
719
705
621
702
776
743
717
726
619
728
746
632
704
719
790
512
774
540
569
740
527
657
523
685
545
543
658
703
566
558
672
718
543
738
640
613
604
525
590
788
700
703
530
706
600
619
715
612
556
619
792
514
732
530
682
628
790
546
513
537
586
747
531
704
619
716
747
665
718
502
564
773
600
542
795
682
771
553
578
701
577
721
641
626
505
782
753
626
526
725
571
722
617
524
547
658
550
515
675
738
667
708
602
680
652
554
665
522
604
584
761
611
528
649
529
619
615
509
737
798
624
567
788
636
696
537
687
523
776
725
644
540
574
565
741
686
729
527
769
564
774
513
589
575
678
666
670
710
539
775
749
542
766
690
731
631
654
546
549
548
686
616
745
669
529
610
600
785
633
796
551
671
764
554
750
618
574
699
671
642
600
752
527
615
565
624
583
600
650
540
516
742
670
594
608
614
761
768
658
610
502
658
598
730
544
608
567
571
660
794
551
585
733
721
648
702
644
682
661
604
681
550
535
632
523
747
653
586
706
534
662
576
593
608
714
548
612
705
713
687
763
736
696
648
546
742
599
739
639
609
500
639
553
708
711
657
606
575
541
535
657
570
690
611
535
674
531
776
642
646
604
695
505
682
772
583
546
694
746
616
715
504
758
517
601
646
775
600
555
765
783
558
688
627
588
696
555
516
658
763
589
758
534
573
688
555
743
738
790
751
558
657
768
661
614
594
687
641
668
754
800
542
632
550
515
696
728
531
672
796
608
526
769
546
687
676
584
626
725
741
759
689
675
755
583
610
520
800
693
750
674
568
709
711
782
792
743
592
596
558
609
598
689
720
659
597
598
705
570
583
705
696
627
780
750
766
593
682
790
511
591
564
628
740
581
700
657
612
685
730
689
770
704
725
526
726
791
623
739
514
722
662
561
647
777
529
750
581
658
543
776
709
654
552
651
672
789
674
628
648
682
554
626
547
577
588
774
684
778
597
623
780
748
541
635
604
701
784
553
669
566
797
535
519
620
581
544
585
735
562
517
588
689
680
563
618
784
668
503
642
774
673
629
666
675
779
778
780
698
771
602
519
713
678
760
729
523
712
692
643
523
500
654
551
639
691
550
549
655
739
685
698
594
714
779
727
734
612
782
768
753
501
774
789
582
798
785
740
571
653
793
697
525
673
682
700
627
729
557
762
773
641
562
693
624
757
622
569
560
711
754
755
719
551
598
625
534
740
509
551
574
505
695
704
571
540
626
728
501
755
605
799
780
795
552
754
607
673
611
552
524
579
664
692
728
733
753
505
548
564
787
789
564
503
646
761
621
717
784
601
525
592
616
555
657
776
736
511
683
673
625
699
639
739
694
506
510
609
561
562
613
768
742
696
555
575
675
636
605
602
740
790
680
741
647
706
718
691
595
612
784
511
546
656
520
523
668
738
524
641
788
536
600
722
517
707
542
686
608
659
698
631
622
512
624
727
523
658
569
700
530
715
525
653
561
607
659
543
703
639
592
555
516
551
784
698
786
523
677
778
542
511
644
682
527
705
681
560
647
537
693
541
674
771
642
552
677
748
766
637
641
785
551
578
659
710
696
539
794
586
554
610
503
685
800
573
630
693
690
580
762
700
765
708
723
599
724
742
502
688
698
792
651
510
573
563
662
656
522
669
603
642
559
612
525
644
639
797
506
629
590
798
643
593
747
594
762
711
549
744
749
676
633
537
710
666
524
666
574
545
730
610
746
571
641
705
710
715
687
510
609
595
714
515
721
698
560
695
689
599
626
607
643
657
760
617
758
527
530
600
760
547
729
690
791
755
683
502
731
541
649
587
755
766
747
742
686
688
671
620
725
776
653
607
721
738
794
577
661
737
580
561
662
649
555
790
507
585
523
634
530
665
612
529
795
626
628
558
575
582
533
607
635
751
571
635
609
655
793
563
542
642
561
547
796
654
709
762
716
679
675
668
607
549
639
675
653
729
608
592
614
672
746
578
755
636
516
731
541
670
668
578
572
723
674
777
581
553
637
605
659
692
689
582
691
764
790
611
771
584
566
713
537
642
603
651
532
617
547
752
749
505
622
799
628
550
691
587
667
696
787
736
781
787
706
627
635
674
502
727
503
621
519
528
607
510
610
562
532
694
752
626
725
744
516
545
788
674
597
759
536
751
711
585
756
788
643
714
588
506
675
582
578
788
503
766
733
755
582
534
522
735
657
522
604
512
528
714
569
729
786
626
644
744
771
575
703
716
587
711
611
569
550
628
534
554
793
595
508
509
570
573
585
532
769
776
530
740
668
678
768
787
695
503
744
598
670
749
551
611
791
771
699
750
602
736
726
731
644
756
545
769
795
719
619
567
685
641
518
763
644
598
718
703
700
583
615
755
744
729
686
699
595
753
653
631
544
541
555
603
165
158
147
143
116
148
132
127
173
126
162
196
152
116
146
147
183
125
107
150
151
182
123
180
144
140
181
128
140
156
102
126
150
188
134
161
124
107
152
189
130
186
107
169
197
112
110
156
181
152
171
184
164
141
151
181
103
183
159
186
115
169
147
180
137
170
182
167
124
148
103
140
156
179
124
166
104
193
187
184
192
173
136
177
159
162
194
144
124
198
197
171
143
141
179
158
115
159
184
151
135
156
140
186
116
116
190
183
136
140
183
174
119
165
197
151
147
676
799
606
672
511
654
638
607
562
758
527
767
543
711
703
527
689
770
771
523
744
720
539
781
518
710
698
597
577
546
719
593
570
690
591
542
607
736
797
656
520
754
574
626
703
620
529
651
659
683
638
594
702
646
795
765
772
586
550
730
601
690
598
797
638
699
771
792
778
560
788
646
710
780
682
671
711
775
648
730
647
781
696
555
618
766
578
782
678
515
790
793
628
543
710
610
744
646
564
701
526
520
746
692
561
636
556
607
769
707
752
714
625
608
504
518
594
712
592
677
506
742
712
766
654
681
642
654
783
718
730
688
512
609
524
742
566
549
611
507
555
580
576
601
547
626
699
546
597
563
594
740
597
606
745
531
559
785
509
532
701
514
659
637
601
643
509
690
552
548
693
632
753
512
669
566
782
554
773
666
558
687
625
622
795
678
705
684
600
592
621
637
752
652
573
620
779
762
596
644
647
781
617
752
775
773
512
702
594
567
679
569
671
781
779
585
702
623
691
791
682
783
510
734
757
779
730
579
770
568
504
528
760
576
583
665
538
589
668
707
685
758
719
693
552
640
797
799
658
604
708
658
518
633
576
722
787
688
745
604
603
572
670
759
696
662
765
541
666
708
514
566
598
533
538
691
659
580
563
673
795
547
778
531
679
727
595
662
773
592
775
662
618
728
597
621
769
565
763
548
537
565
656
666
592
754
618
553
620
718
537
630
547
514
526
678
737
536
621
504
675
580
730
532
616
743
518
545
681
670
795
573
654
738
668
739
599
750
590
558
696
661
673
631
527
514
504
606
593
545
507
747
685
618
779
503
727
763
575
788
674
677
791
799
733
777
775
786
559
696
566
592
777
580
630
719
658
522
796
620
530
795
635
576
559
663
624
774
775
782
723
782
693
679
748
757
615
506
669
506
707
688
615
694
797
751
602
688
674
756
795
635
611
558
532
755
620
707
733
748
634
653
747
760
537
717
733
767
687
748
671
651
639
770
791
771
612
614
523
550
519
657
550
730
513
686
557
507
675
568
681
739
686
623
592
585
743
625
663
751
534
576
799
552
621
788
799
643
677
753
751
742
729
506
745
631
518
591
654
689
615
666
771
694
775
544
619
795
668
731
705
663
748
745
621
647
773
704
552
602
799
692
683
789
557
563
546
705
552
779
536
502
558
549
653
555
526
566
571
726
599
767
558
629
528
617
609
715
546
745
748
660
738
736
694
764
526
651
559
560
567
640
684
586
721
788
777
642
781
524
732
535
784
558
631
543
653
538
783
525
771
520
756
747
659
666
509
559
710
519
606
741
746
715
697
520
717
550
589
567
650
637
553
785
521
610
698
768
638
572
601
617
735
769
716
691
770
670
665
797
605
567
732
595
725
541
774
518
699
603
549
767
726
614
516
603
687
603
688
702
655
656
566
502
647
779
601
742
722
683
735
546
520
720
678
559
775
691
593
627
544
633
583
651
724
727
536
691
599
708
576
678
610
555
667
573
617
781
745
597
600
515
587
735
726
723
502
645
639
633
744
612
578
561
639
540
525
682
657
527
573
769
794
645
745
732
723
789
720
509
599
553
523
569
541
717
673
567
582
614
787
576
663
575
569
784
596
731
607
735
740
676
712
739
775
706
752
666
757
551
697
665
527
776
625
664
607
632
579
710
548
562
752
542
585
595
779
769
781
516
602
651
556
609
727
617
792
620
620
542
686
598
687
728
630
575
741
712
576
613
792
797
657
591
519
725
522
681
524
781
659
692
581
514
529
594
785
765
784
532
508
726
722
664
622
788
581
783
717
663
613
724
582
646
706
742
550
780
644
730
572
611
784
550
626
650
657
773
527
576
657
553
716
654
538
673
671
608
687
677
576
606
513
690
655
707
627
744
592
657
597
709
579
631
571
746
764
769
758
522
623
756
732
538
509
723
546
629
576
720
606
670
638
644
749
716
577
735
641
776
573
785
552
711
794
790
667
673
533
775
745
532
650
750
617
736
728
516
719
759
594
779
753
735
517
675
764
774
744
582
600
514
712
562
776
614
515
645
524
740
782
505
633
603
667
696
524
628
614
739
535
722
791
726
577
770
506
611
558
643
735
507
639
611
503
546
539
628
678
594
583
682
504
503
705
779
750
592
628
678
605
736
700
639
651
606
713
632
529
741
577
657
634
538
772
716
664
770
771
674
769
765
672
625
599
544
736
752
763
608
659
528
516
562
502
759
784
685
788
702
557
596
727
774
596
594
599
713
685
648
658
771
628
525
624
728
798
799
594
545
709
545
669
593
702
664
789
641
683
570
553
794
735
791
799
527
717
668
610
659
504
777
749
621
703
527
776
600
536
659
710
522
691
540
604
741
642
673
632
737
767
533
687
631
788
601
683
571
519
690
653
722
733
791
652
748
616
565
590
529
755
571
724
712
502
782
519
773
620
767
783
670
694
586
742
600
705
668
704
514
774
695
676
718
732
548
710
537
617
577
673
521
610
663
583
773
683
767
526
653
603
677
623
670
718
512
530
680
523
692
676
732
606
753
519
733
617
770
613
567
601
537
684
780
654
696
628
501
786
546
703
713
790
794
688
508
765
721
662
622
534
595
542
699
555
531
566
582
503
696
514
737
602
549
798
589
505
587
537
645
665
728
524
617
750
502
645
604
680
633
716
555
718
631
767
617
759
510
704
510
572
526
732
533
677
639
505
769
713
634
511
607
709
599
701
753
756
759
592
540
765
510
536
625
549
708
720
737
574
656
799
648
540
796
750
745
528
612
642
562
519
727
514
675
619
605
713
537
732
672
730
800
674
573
630
692
749
637
518
745
533
630
553
575
521
785
640
781
749
703
794
663
704
680
715
792
574
793
556
513
647
669
771
512
547
577
748
557
517
516
581
543
669
705
773
782
719
652
614
619
554
589
683
749
710
500
542
769
584
735
762
756
668
537
697
781
667
737
678
629
662
606
754
786
586
617
634
698
707
719
640
729
748
754
521
636
548
545
693
646
736
730
779
630
686
577
612
555
765
713
607
758
788
518
758
530
540
527
637
762
664
545
554
504
610
666
610
534
575
574
618
776
607
770
526
628
590
572
574
738
727
565
565
797
597
777
621
539
579
548
732
719
620
547
539
504
510
609
520
674
521
595
623
516
615
531
573
780
676
544
774
641
508
653
615
594
776
620
733
568
737
565
530
629
530
645
728
544
605
616
510
707
648
768
592
671
615
729
668
575
693
645
573
624
556
775
656
750
549
656
668
699
552
732
550
661
739
504
700
713
638
701
774
776
799
767
727
524
559
528
610
589
555
577
600
514
789
568
763
784
700
518
623
550
604
766
667
789
513
527
738
748
640
683
735
762
798
634
643
516
760
637
594
588
729
740
547
773
648
660
517
543
767
734
632
728
677
608
504
720
692
544
651
547
694
762
565
739
597
728
758
602
703
629
767
563
628
727
640
763
519
658
647
716
637
630
608
710
683
554
580
790
593
630
700
719
653
539
576
630
685
737
714
741
539
598
556
686
638
753
528
597
520
678
518
626
764
701
723
615
687
604
555
617
601
757
611
527
620
525
636
773
548
780
502
670
537
733
575
589
755
549
770
663
709
684
533
761
521
621
748
793
589
696
777
745
734
594
610
744
788
506
738
797
509
531
747
658
694
510
618
691
728
530
713
792
585
771
513
633
683
589
516
557
708
774
579
624
691
708
796
581
789
579
538
713
618
760
549
680
642
714
664
604
753
772
511
753
750
694
554
667
582
538
633
507
639
548
625
515
631
778
540
739
715
622
596
700
734
602
572
543
661
506
688
599
539
513
510
572
591
767
577
555
793
781
592
728
729
624
758
690
666
557
535
516
721
558
725
649
611
533
763
691
650
772
765
641
695
779
543
604
744
721
662
639
580
581
620
714
604
562
744
672
775
635
738
734
593
710
515
792
758
791
700
681
744
789
585
598
575
623
727
603
623
776
599
768
502
599
590
783
570
773
738
532
555
666
741
798
559
546
548
596
619
534
603
676
538
769
795
583
639
697
766
660
619
781
617
772
739
631
756
534
539
592
582
628
583
544
655
555
709
683
515
521
692
584
570
636
638
728
578
779
605
650
606
725
696
516
733
614
758
764
551
757
664
748
548
767
565
599
637
709
764
617
617
578
521
549
605
604
600
616
695
613
597
569
688
672
545
623
623
761
625
593
537
679
525
525
617
644
529
714
674
634
612
500
729
527
652
655
506
506
704
764
770
685
612
563
650
669
681
659
782
710
706
654
597
569
555
574
574
775
789
631
725
761
761
671
710
613
771
578
557
575
525
690
659
521
503
666
573
542
619
593
637
515
512
718
622
560
523
757
743
597
502
697
730
539
522
554
503
709
568
767
599
726
779
747
714
597
694
736
792
534
598
684
637
617
576
538
660
749
609
596
622
586
538
566
784
585
675
753
771
695
605
664
563
624
556
770
573
687
524
594
708
540
743
533
575
688
596
658
622
769
606
653
759
597
666
545
762
600
795
733
629
703
630
524
605
707
597
721
642
778
754
547
751
595
636
609
500
601
720
762
600
662
762
777
643
773
622
657
568
593
500
763
784
605
570
681
730
646
675
703
698
627
674
619
646
656
716
732
520
542
633
799
733
643
700
568
549
766
525
666
626
658
515
737
757
536
586
707
726
760
719
706
707
598
555
791
555
653
659
586
597
670
702
575
663
617
542
701
713
705
642
501
521
512
757
721
717
517
624
770
550
584
565
732
703
568
780
602
773
746
742
725
722
597
705
629
594
758
681
628
679
597
572
770
525
703
730
720
620
629
736
590
782
545
658
594
663
567
731
556
699
624
598
645
682
638
573
778
735
534
651
742
672
677
621
787
798
754
779
769
589
795
502
747
624
654
692
800
617
595
675
592
529
583
648
718
587
733
709
756
619
683
673
543
524
545
729
626
533
798
600
732
625
774
559
582
748
609
751
605
600
791
618
503
737
517
749
693
511
540
620
650
636
730
713
656
575
600
555
614
718
500
788
500
792
543
541
765
550
611
586
578
525
697
784
645
783
769
542
576
664
677
652
656
545
735
595
608
571
679
691
677
754
546
731
742
536
526
564
541
532
751
699
729
771
692
586
613
681
756
768
710
677
737
671
651
695
571
560
656
787
637
774
651
687
751
650
526
625
509
731
710
608
767
540
752
517
530
779
560
741
528
646
751
505
668
575
623
526
774
554
607
598
707
787
573
565
512
794
585
779
724
635
602
782
705
744
601
642
559
733
528
699
708
558
501
714
623
799
652
682
649
512
502
529
785
649
577
518
769
760
667
758
686
629
592
513
635
513
538
546
500
526
666
761
600
720
657
730
772
697
583
620
743
582
574
795
605
707
771
553
779
777
669
515
667
656
597
529
763
776
516
628
657
565
745
529
590
566
511
692
503
618
769
681
719
632
552
528
687
549
749
723
616
763
714
763
790
504
506
535
780
799
795
531
582
627
773
559
593
731
660
757
615
692
766
797
565
771
646
785
604
507
659
740
511
647
553
534
551
598
780
527
758
709
751
575
796
640
573
789
737
656
587
533
780
519
759
689
518
597
775
772
722
791
791
632
562
682
585
502
554
777
686
712
753
566
601
666
631
766
599
616
687
504
629
774
631
538
596
682
603
775
630
631
614
645
505
786
634
652
595
645
619
682
594
628
771
601
562
557
773
727
762
551
755
722
723
799
524
732
735
769
533
629
686
657
756
695
780
541
535
767
787
658
502
599
592
781
575
668
758
557
623
741
577
743
567
653
700
741
550
625
748
719
565
784
727
504
734
563
584
726
711
665
574
538
564
746
760
693
745
545
517
570
536
786
505
710
556
643
554
582
537
770
532
610
605
632
707
788
647
603
740
733
570
510
638
776
594
632
611
740
708
783
762
777
640
666
758
663
740
679
695
693
554
701
736
516
615
663
711
672
790
760
508
712
674
751
699
614
648
571
675
789
760
748
559
787
512
515
796
730
779
578
769
682
640
740
689
647
583
574
569
580
784
749
662
748
526
731
600
534
684
686
716
713
708
779
661
730
761
658
555
705
767
655
784
537
502
676
798
797
759
672
639
744
781
563
752
721
724
530
548
794
755
575
678
696
540
690
798
644
644
778
677
743
700
682
566
746
580
704
650
768
503
777
570
756
514
671
536
593
788
631
711
574
596
773
698
739
664
745
704
569
740
613
786
706
641
526
588
731
781
543
571
684
663
579
723
697
612
726
749
620
670
792
771
709
676
551
738
617
677
510
510
751
506
579
653
607
709
504
682
588
561
614
800
504
658
687
616
756
578
705
740
621
773
752
665
613
656
717
631
659
676
787
706
539
582
671
752
510
665
724
791
539
794
738
575
734
608
558
738
590
638
531
533
675
645
682
597
796
589
664
582
768
552
648
581
610
570
692
692
559
701
564
638
570
633
669
753
550
735
746
567
744
791
533
725
649
704
642
602
772
666
657
727
785
781
758
573
797
755
731
658
642
591
735
663
501
733
502
556
780
784
767
517
526
533
633
757
732
716
731
534
519
620
625
578
526
715
757
547
521
510
595
742
705
608
706
784
733
702
584
503
606
703
787
738
517
700
795
693
643
784
759
686
654
673
649
696
712
763
661
790
703
589
764
612
662
667
687
563
706
775
683
555
567
511
634
708
592
562
652
580
610
726
547
739
629
621
625
673
778
696
613
507
651
601
639
701
512
517
750
714
677
748
749
525
543
800
670
698
581
621
767
733
702
657
743
647
734
641
559
712
771
545
547
746
647
683
666
616
677
629
659
707
758
785
671
519
567
782
715
772
749
785
732
636
674
703
602
721
750
518
782
758
621
636
711
687
768
525
610
750
723
625
631
800
795
759
770
703
675
681
782
764
539
535
633
773
540
700
680
546
510
672
714
619
756
691
676
747
746
521
648
580
679
516
711
747
533
528
542
705
659
620
502
628
636
757
643
716
676
605
737
758
683
772
682
794
733
638
621
664
788
566
745
503
772
722
676
682
534
798
599
770
774
618
616
631
598
748
666
715
630
598
501
545
738
686
724
786
733
568
508
644
504
589
660
512
593
584
690
512
581
784
630
773
549
770
700
713
571
671
697
606
703
594
533
692
586
504
598
785
774
680
522
724
526
544
769
744
642
590
742
605
730
583
771
557
611
502
538
751
667
689
706
578
580
743
571
761
686
705
767
703
796
548
620
505
795
662
708
707
592
574
688
516
720
738
749
504
709
799
601
585
575
755
552
700
755
579
695
672
780
603
796
539
715
665
672
765
673
705
800
646
580
675
604
719
795
718
745
560
551
707
765
532
667
541
554
601
687
679
562
623
688
735
590
773
650
506
531
697
687
615
661
515
531
557
504
710
770
685
633
799
631
765
725
697
546
775
790
703
557
745
605
637
509
553
542
538
685
589
681
763
790
543
745
745
597
783
728
525
709
541
798
629
730
700
586
546
686
598
549
116
154
123
186
101
175
154
152
117
174
183
144
147
159
141
151
136
199
103
123
166
132
147
142
198
185
200
169
197
157
105
175
156
124
143
111
128
172
100
125
124
188
115
177
186
132
148
160
140
123
145
168
108
103
186
122
188
185
174
191
136
192
130
106
115
115
155
106
194
161
131
107
159
122
155
138
150
118
163
187
173
106
188
185
168
161
112
199
107
149
134
181
195
123
139
140
185
130
188
168
197
127
174
156
193
195
158
109
166
129
166
163
187
133
199
162
134
119
173
105
185
128
157
140
124
159
149
135
169
158
172
173
101
183
109
124
129
102
175
163
120
142
166
182
140
168
173
157
154
144
178
155
118
180
188
139
187
113
172
119
142
131
125
149
123
139
137
151
122
104
179
185
175
157
179
136
105
139
157
184
164
131
151
103
129
134
191
160
192
118
171
189
102
186
195
113
121
186
131
119
103
174
107
169
162
129
128
151
163
101
186
186
148
105
101
193
115
171
123
170
121
122
131
124
105
123
152
188
156
194
178
177
114
144
147
143
122
140
169
152
186
125
134
159
145
168
105
159
163
135
109
114
129
174
169
199
179
161
149
104
167
152
148
144
115
165
113
177
147
107
114
153
115
169
158
199
125
110
151
164
104
190
131
116
112
155
197
195
119
134
103
111
174
170
107
149
155
168
189
186
110
151
152
175
103
124
176
155
150
115
140
139
176
136
153
167
157
149
140
141
135
118
190
171
128
182
110
198
118
148
103
108
133
127
170
103
129
175
136
104
175
115
124
194
111
165
193
126
109
156
188
103
191
164
116
138
193
111
112
195
129
125
181
194
114
160
108
109
172
169
151
122
182
105
103
102
165
136
104
159
117
119
145
133
123
167
159
101
141
161
171
138
199
151
173
129
196
169
122
120
113
134
190
140
100
196
102
188
180
196
190
172
145
141
120
153
169
100
155
134
130
129
124
167
191
117
101
185
145
186
131
160
155
110
113
117
157
116
156
126
187
159
136
166
115
129
103
177
139
199
175
504
548
641
568
743
515
503
654
549
512
765
728
722
788
632
762
748
784
742
753
690
775
661
760
606
616
602
764
637
746
507
528
769
675
538
779
585
685
789
625
778
644
578
688
541
758
601
616
778
521
524
691
581
627
795
734
782
547
793
557
568
583
647
519
536
773
611
754
714
720
714
686
569
692
544
757
769
592
658
692
694
727
525
650
593
770
514
524
760
546
651
607
601
770
610
502
504
667
762
716
704
594
711
596
648
548
753
689
512
671
790
749
577
660
512
721
728
619
732
660
632
604
735
538
784
566
728
525
632
591
713
745
709
560
704
760
721
758
568
739
638
631
614
759
779
678
651
634
632
543
572
556
752
547
559
632
594
708
764
592
686
508
662
687
661
524
686
542
734
753
701
630
731
544
647
761
544
648
799
631
708
758
601
514
650
571
718
558
747
790
725
556
611
791
665
730
677
616
515
635
783
614
767
638
734
521
740
579
739
533
685
553
674
503
621
648
555
508
742
731
731
789
797
622
747
689
709
543
514
573
790
503
739
667
787
698
623
743
657
690
644
703
717
697
607
727
782
569
693
712
610
795
531
607
793
574
625
514
693
646
530
758
615
593
579
753
636
662
543
514
688
784
514
582
646
589
695
687
623
537
684
534
752
637
743
523
790
608
711
560
632
763
674
657
533
651
576
535
694
589
696
792
558
761
796
699
532
686
789
706
558
658
514
706
514
568
663
662
621
639
696
618
780
539
769
606
582
775
779
723
514
681
542
543
753
738
764
585
519
798
519
754
667
779
561
604
775
596
729
544
516
670
679
613
564
581
535
632
749
640
601
687
666
770
514
589
777
525
735
683
747
782
564
605
769
685
602
728
570
643
547
552
743
800
649
581
545
646
787
614
673
556
611
689
663
519
561
684
749
658
544
764
536
706
572
529
780
666
507
716
602
664
511
591
520
505
576
765
505
595
758
656
636
728
631
653
731
755
651
722
628
588
766
596
730
623
515
582
514
596
630
557
515
781
623
578
696
676
616
647
510
733
534
797
576
694
503
637
743
517
581
546
613
551
724
777
761
749
510
587
562
641
782
648
506
643
758
551
522
664
619
706
537
602
554
756
710
609
711
678
612
518
737
749
774
692
793
762
737
743
761
663
556
572
665
599
738
644
681
656
533
528
704
644
718
603
750
633
557
676
731
548
786
788
800
758
657
735
605
778
736
675
599
660
707
782
715
594
526
698
667
751
737
757
604
681
673
626
707
625
749
516
541
595
550
504
785
729
680
740
791
557
748
579
588
596
745
696
678
535
568
549
727
592
758
749
544
558
647
502
652
679
586
778
616
689
556
798
565
571
544
656
673
548
741
697
798
577
743
685
538
795
795
745
775
663
732
743
534
506
793
685
616
548
593
768
552
554
686
789
757
614
799
512
722
746
750
627
539
754
728
787
729
763
667
769
529
562
660
644
711
712
513
775
649
615
567
797
698
668
748
629
720
784
620
636
595
572
688
622
592
681
650
763
617
505
503
603
595
585
645
543
610
727
620
706
679
598
558
605
722
728
781
580
654
631
592
645
752
692
565
791
753
594
656
599
612
558
673
517
671
610
575
624
766
666
596
564
777
661
513
608
709
725
506
731
711
539
539
507
568
520
748
737
741
610
637
530
501
726
742
582
678
553
579
667
773
596
516
720
792
795
656
554
639
505
563
593
562
504
582
532
545
554
654
605
602
606
618
573
599
581
781
689
658
744
630
751
741
761
657
549
512
778
757
506
514
584
569
525
567
544
784
786
552
697
626
531
557
675
641
641
661
570
537
524
703
668
726
677
616
552
703
707
779
670
522
667
608
649
711
720
548
559
717
586
784
520
636
570
644
543
708
646
605
800
739
789
755
701
685
778
519
666
758
599
650
719
609
637
554
741
765
611
569
614
751
706
731
661
720
756
526
700
553
545
676
729
782
633
639
682
782
605
728
754
560
509
598
545
524
760
593
765
748
703
538
651
629
649
742
604
507
550
775
546
503
698
695
765
587
773
737
714
591
727
777
738
657
657
585
670
687
795
633
564
732
719
573
746
524
553
681
514
673
643
608
515
796
734
584
540
759
520
770
619
712
610
760
540
695
500
542
653
719
776
568
734
715
554
557
637
724
528
605
747
607
790
565
799
588
685
758
557
666
663
591
639
695
689
694
611
539
778
666
789
798
704
560
746
734
525
794
719
760
500
664
713
742
691
583
741
661
636
519
657
510
684
705
666
700
549
526
679
615
625
571
727
546
786
505
662
523
782
618
646
581
583
613
689
711
658
689
720
797
521
730
535
681
525
606
770
703
756
512
763
585
726
614
564
626
782
679
750
550
748
666
716
708
665
515
732
600
611
690
534
737
586
681
530
736
580
772
698
684
746
525
753
787
707
697
665
599
680
731
608
614
738
559
747
636
523
546
594
507
637
726
512
519
532
594
526
707
504
530
595
782
663
777
579
669
683
546
740
624
531
514
510
662
698
606
776
608
643
670
566
513
761
681
733
658
562
637
674
624
714
629
566
759
679
577
527
637
705
636
725
515
719
564
522
701
632
744
585
773
682
550
567
725
586
548
771
745
541
621
663
693
619
533
667
618
755
710
532
755
569
763
656
702
724
573
697
733
750
715
752
699
786
512
667
628
664
723
785
667
783
645
511
519
736
650
663
556
622
683
644
570
706
795
700
586
671
600
539
594
782
763
652
733
787
503
797
579
766
666
518
641
538
670
642
781
558
554
711
720
633
549
663
580
600
732
514
534
778
603
743
627
547
581
770
520
535
505
569
795
721
749
720
755
600
733
636
598
603
519
652
593
733
762
655
684
711
564
771
733
780
733
655
572
627
642
647
615
761
626
507
639
623
549
614
762
605
788
781
529
660
593
639
510
596
642
710
563
672
677
781
636
758
614
507
684
586
738
549
793
523
612
595
586
757
769
528
789
601
706
505
793
557
571
797
670
744
730
721
790
777
605
738
701
689
754
642
780
555
731
674
799
673
744
724
581
626
718
742
744
544
636
530
513
559
718
623
581
616
746
611
762
528
677
621
609
593
522
748
794
741
659
752
537
726
619
550
540
588
691
582
621
638
736
632
780
571
693
519
696
538
592
743
706
740
725
627
609
549
637
797
606
656
672
791
652
732
609
502
770
752
542
684
674
566
663
691
709
753
524
774
751
503
689
509
703
598
769
680
648
726
598
668
523
752
614
560
521
654
567
612
651
738
741
667
632
569
534
714
654
699
743
797
546
694
506
606
670
612
668
515
586
763
734
582
748
777
790
718
688
525
511
682
583
523
701
775
662
663
611
518
500
630
646
782
760
724
605
647
505
778
753
661
592
602
660
786
671
770
585
697
544
707
620
751
518
721
509
615
648
707
576
590
743
610
536
501
733
616
673
737
542
707
668
774
512
635
636
751
539
518
756
738
631
786
661
514
693
696
751
760
742
615
698
791
594
529
604
599
789
708
632
773
788
565
601
764
780
764
637
568
564
555
582
782
680
525
631
652
551
571
774
542
757
515
688
536
579
688
611
539
732
557
612
663
536
721
720
673
759
503
665
653
798
757
784
523
541
645
655
503
643
716
757
766
550
618
593
622
527
765
552
538
695
515
590
747
773
526
539
751
563
729
662
745
566
532
594
648
696
594
650
506
532
693
590
709
520
762
553
593
728
560
537
767
552
529
728
750
646
769
651
588
627
560
720
611
765
624
621
636
795
749
735
686
584
704
729
617
523
615
780
597
738
734
585
679
707
795
527
613
557
526
688
626
519
776
743
721
568
655
761
569
733
719
562
768
625
575
717
780
784
682
732
777
745
772
513
684
534
539
722
779
710
631
556
757
689
722
591
728
756
543
666
593
612
743
708
580
581
635
525
514
546
716
578
676
790
728
583
796
523
553
761
541
605
791
617
513
620
612
719
554
629
660
699
731
748
687
746
586
566
634
779
506
614
681
666
746
660
557
575
790
673
757
757
795
703
567
685
795
516
735
579
653
552
591
576
572
731
703
584
602
674
769
576
601
622
643
572
741
538
705
628
681
559
680
758
614
634
526
615
623
607
596
559
617
563
716
561
760
709
648
582
571
684
591
512
531
599
559
609
799
673
755
620
612
676
666
531
542
592
542
610
542
528
607
536
594
774
717
697
714
589
684
526
758
542
655
548
562
765
566
613
665
537
584
599
598
780
643
532
604
637
751
648
687
733
521
637
696
774
731
721
721
744
636
524
525
568
739
603
697
559
668
627
559
640
590
653
794
539
573
697
543
676
618
643
764
757
595
542
641
571
543
656
700
800
534
707
503
701
662
627
523
509
774
555
730
587
530
616
578
610
515
527
529
603
750
714
527
735
754
784
580
798
535
503
790
655
562
566
781
554
525
634
788
634
766
734
779
714
573
618
513
615
782
552
504
663
727
746
774
732
729
625
784
542
518
692
532
760
541
572
738
691
667
559
742
725
578
680
658
552
649
720
532
770
622
579
593
624
641
694
516
700
598
769
770
551
576
706
567
639
613
703
661
694
515
774
635
710
673
653
633
568
631
765
548
742
794
668
686
570
515
531
721
797
622
671
742
696
768
597
610
782
726
642
516
738
536
505
701
648
679
569
574
672
644
680
561
663
776
752
617
623
678
698
635
515
618
744
794
642
663
668
730
614
623
624
780
677
572
565
703
657
522
686
774
620
725
689
684
707
556
577
668
646
767
739
553
619
673
721
504
611
681
580
773
753
568
620
708
794
594
719
726
575
507
507
703
513
625
675
504
527
580
773
611
505
722
681
566
579
652
586
719
740
733
633
700
746
524
696
619
641
678
620
752
610
594
695
515
526
599
708
562
723
683
572
503
754
609
693
765
670
620
547
636
792
626
639
644
541
551
563
692
724
584
542
632
745
757
680
645
655
741
507
762
734
612
782
784
591
729
734
540
668
562
619
631
605
773
656
544
551
739
589
552
648
532
690
621
629
517
631
781
528
611
709
754
716
569
690
531
770
766
724
761
522
648
790
603
593
768
571
569
685
794
594
564
604
632
649
598
573
603
708
649
785
507
524
773
634
661
553
667
784
615
602
797
528
626
772
549
621
576
555
614
717
541
733
707
733
738
751
763
636
702
720
742
729
596
645
785
505
667
576
739
630
589
564
769
732
537
776
673
624
705
622
504
702
527
503
503
791
632
713
775
583
550
562
717
747
771
593
630
503
535
751
585
574
703
627
623
783
692
750
546
641
765
516
622
682
613
686
544
543
556
639
734
573
527
623
596
634
735
674
794
739
719
757
550
769
522
732
654
770
550
753
657
590
776
502
703
716
778
691
737
651
576
615
777
769
782
789
715
705
503
516
655
566
531
754
752
766
764
701
691
560
614
519
600
600
516
628
622
683
588
546
752
591
604
663
727
654
765
744
777
685
557
733
603
671
593
742
698
689
722
654
663
539
787
682
669
685
640
799
505
589
796
184
133
121
179
103
132
106
109
189
156
113
197
183
105
138
170
116
165
129
115
112
195
173
134
123
108
110
173
134
109
166
190
159
115
175
140
172
124
159
116
162
106
144
146
144
188
154
129
105
129
159
159
197
174
179
158
146
200
139
188
182
147
165
144
100
166
132
166
180
104
185
164
192
122
164
167
100
177
158
104
122
144
194
103
190
146
191
126
143
133
127
172
192
139
118
178
144
187
183
180
176
135
164
154
101
114
118
155
183
178
193
154
178
157
121
150
126
133
164
181
143
117
163
131
108
174
128
108
188
114
141
109
174
178
199
170
171
112
113
139
142
121
151
110
142
140
158
137
124
130
109
145
116
159
156
186
110
135
200
104
128
113
141
124
113
150
105
173
137
137
147
199
170
162
187
135
181
124
182
119
198
147
173
181
176
177
118
194
185
122
191
113
131
144
155
190
197
196
178
102
136
191
180
195
119
118
187
146
118
181
141
138
115
180
177
102
147
142
199
119
170
161
132
195
125
121
186
140
149
150
188
123
120
163
155
124
148
106
112
110
123
171
175
108
105
180
156
154
168
150
173
198
153
159
134
154
142
143
193
197
117
110
170
118
169
107
155
170
145
173
102
111
186
177
184
103
188
152
192
172
174
128
195
180
170
168
187
152
191
165
174
102
103
113
152
105
190
182
150
163
160
147
101
193
170
123
181
156
134
172
186
122
174
120
200
155
156
172
106
129
106
179
192
125
158
721
657
714
521
619
638
728
799
703
605
736
507
553
539
770
729
669
540
535
552
770
696
683
579
639
536
722
660
696
502
516
555
620
725
628
748
782
721
512
741
662
791
627
729
633
663
785
543
632
523
767
520
662
674
512
595
781
687
608
667
656
616
736
678
560
576
616
525
626
517
778
658
752
506
608
579
683
682
731
677
655
540
743
741
564
561
589
553
669
677
661
538
546
787
608
742
706
515
501
786
559
515
649
785
586
501
518
520
647
765
770
568
746
793
531
531
623
764
647
547
712
739
642
686
562
641
704
547
501
502
691
666
640
568
610
614
629
738
794
522
529
724
571
789
501
504
637
655
526
710
740
697
718
689
572
686
563
584
519
545
516
651
740
637
694
621
673
626
521
784
507
580
605
635
624
541
683
511
580
601
734
506
633
561
604
663
579
756
669
756
502
582
774
619
596
596
648
531
527
540
533
600
631
639
799
628
501
756
556
507
740
749
676
669
721
744
602
527
784
789
583
502
724
659
589
501
723
512
739
678
503
748
504
700
704
750
504
509
739
784
542
612
779
627
698
757
638
531
605
622
646
637
665
510
521
628
536
733
694
561
768
558
636
709
783
786
787
653
669
548
646
721
598
758
638
656
607
601
767
520
793
556
538
765
763
644
757
797
560
665
590
754
777
659
522
726
723
510
532
606
563
567
682
612
557
737
549
553
789
533
643
574
708
556
593
649
651
603
651
538
634
638
636
750
599
551
588
776
595
517
660
684
556
604
562
508
720
726
547
554
755
651
688
755
537
644
504
665
603
726
515
607
749
773
519
643
694
644
773
662
777
631
516
581
729
742
758
793
727
572
629
749
503
716
574
549
686
584
653
629
592
547
747
758
576
620
728
720
517
504
581
705
747
600
676
621
764
775
631
509
705
727
724
698
600
663
766
583
611
524
637
752
547
795
596
578
701
713
679
566
785
552
518
516
626
563
655
543
513
800
697
592
768
676
597
550
551
756
794
635
731
620
782
782
623
779
598
634
703
774
554
739
586
799
554
750
722
552
524
793
641
591
575
543
554
647
712
738
540
799
666
554
713
799
526
542
563
587
566
535
750
601
594
570
739
800
735
629
551
681
759
529
769
757
613
752
732
586
690
599
552
603
775
730
538
573
514
692
605
723
594
778
551
511
509
785
661
586
788
675
541
554
668
588
758
649
681
739
528
730
757
756
729
760
585
623
528
548
770
660
717
719
741
612
627
549
687
657
731
741
639
653
536
590
782
582
750
567
755
731
684
513
566
731
767
770
689
792
507
710
601
756
741
572
743
753
612
590
565
606
769
566
609
554
656
749
621
781
692
780
589
797
665
624
559
685
677
766
526
514
510
641
699
779
734
537
689
607
518
573
709
752
784
671
651
619
593
514
653
602
559
512
577
540
566
502
666
684
531
798
626
643
544
616
633
686
700
707
623
743
666
747
557
637
593
669
670
658
573
519
721
781
645
665
528
534
752
567
561
781
736
771
706
700
596
560
533
511
601
607
534
503
575
534
514
768
651
753
554
659
708
777
580
645
588
767
526
711
614
604
756
758
538
746
522
546
650
501
713
556
562
765
661
730
652
716
500
529
615
622
679
700
505
689
624
718
641
688
785
512
612
565
525
585
635
604
792
706
617
595
770
639
771
522
511
667
676
780
597
539
749
794
646
618
675
742
608
712
549
689
686
533
642
721
551
518
680
671
576
510
702
610
756
773
771
505
715
591
703
759
696
581
771
636
515
539
719
689
520
635
759
800
759
506
571
779
793
682
506
674
661
595
698
714
661
707
751
745
762
579
688
591
745
773
797
682
640
603
667
693
579
679
672
612
624
505
609
656
762
581
552
530
778
780
769
551
566
502
644
524
550
643
647
637
574
528
750
558
522
625
700
596
742
510
769
535
721
506
626
596
665
774
728
662
644
693
612
797
690
794
780
578
524
526
570
680
729
727
659
577
713
793
572
560
567
522
604
772
528
552
738
612
775
666
728
797
523
640
659
536
720
790
508
506
617
518
574
714
755
560
685
502
577
691
742
676
711
541
595
641
696
798
653
666
581
544
669
690
598
674
650
735
548
755
651
650
572
678
567
687
568
621
541
558
503
640
549
749
581
536
788
760
605
779
619
669
646
569
550
743
563
795
559
541
580
637
639
617
610
726
613
639
538
775
617
651
531
531
565
757
630
793
676
601
784
511
617
756
518
673
530
538
616
623
721
522
693
597
678
757
687
758
713
703
587
511
754
792
790
585
514
706
749
599
662
705
601
654
579
602
783
772
566
751
541
533
621
680
519
597
589
552
757
590
545
764
593
650
755
797
609
510
725
717
649
604
786
660
527
771
514
560
638
711
631
691
796
553
718
528
605
691
755
772
606
699
609
747
615
717
557
720
668
538
668
651
633
617
799
666
641
543
740
515
667
767
559
739
768
757
546
799
688
725
626
702
752
698
719
747
744
779
575
722
630
759
541
744
647
505
629
700
739
797
645
676
663
653
620
678
779
537
648
593
615
536
570
624
585
541
566
502
607
766
774
774
671
715
532
549
509
796
710
653
554
682
780
730
744
684
715
784
541
628
647
643
654
560
636
591
502
790
509
669
515
773
761
703
709
604
686
686
759
684
792
609
560
635
796
534
553
542
769
528
578
628
683
566
606
742
645
531
757
763
676
501
570
688
533
693
620
617
705
710
659
576
572
607
658
617
622
514
548
691
591
572
631
643
754
660
628
508
668
674
616
514
768
762
619
627
688
657
534
633
541
750
706
744
606
639
551
545
622
697
685
693
650
775
530
743
771
575
534
665
588
506
621
716
547
565
687
724
782
530
515
696
643
556
527
705
562
704
620
743
635
595
731
590
740
511
775
522
641
616
792
744
742
799
655
557
792
731
776
772
533
604
774
536
680
613
624
588
713
531
738
534
568
699
773
613
652
679
624
594
760
507
550
525
523
555
772
577
732
577
778
762
635
509
727
651
546
534
625
635
596
589
509
689
652
767
555
552
524
660
785
718
586
605
569
609
563
630
546
778
544
683
722
551
711
512
549
620
536
530
580
650
679
586
677
582
562
574
650
749
790
573
578
562
650
635
743
734
682
752
766
781
603
679
550
647
512
643
605
665
791
604
767
601
601
768
785
690
542
763
708
655
695
605
781
767
766
513
591
723
750
797
693
564
780
713
596
603
761
737
550
737
690
639
588
790
512
765
703
548
534
796
574
715
677
750
751
767
792
512
666
701
765
580
526
787
510
675
734
504
584
685
617
690
521
607
547
700
580
781
665
774
679
711
716
540
536
534
545
662
584
778
633
742
619
609
569
665
668
720
541
798
700
567
689
650
604
602
628
574
765
596
521
663
677
753
653
775
556
784
634
552
583
556
764
770
745
736
774
658
614
582
696
521
545
507
517
733
775
676
565
792
600
743
571
712
763
780
684
589
542
688
553
718
671
591
525
546
681
553
710
539
571
656
752
660
546
613
608
560
726
785
740
794
532
531
611
523
748
704
755
608
508
746
746
672
589
745
655
725
532
786
674
690
581
599
757
756
607
629
627
773
508
501
528
624
630
628
594
653
532
634
666
612
500
787
720
579
703
748
677
667
579
628
707
792
730
687
529
561
704
756
605
572
586
627
680
738
550
638
598
778
760
644
552
558
661
675
717
545
611
504
701
601
793
536
563
636
788
625
509
701
642
635
702
576
630
543
765
744
735
605
538
509
708
765
755
684
595
697
788
681
656
665
700
733
637
698
552
528
667
702
503
543
709
500
636
508
776
629
583
668
603
605
679
652
773
671
668
793
763
567
646
649
645
537
536
698
726
650
742
773
616
779
614
519
535
501
595
530
660
703
739
657
585
632
518
783
517
740
644
668
601
527
530
669
615
688
715
557
787
684
736
627
749
718
766
771
580
657
628
523
517
700
788
706
628
737
698
558
509
651
676
790
690
552
752
595
560
739
651
775
697
525
666
570
697
647
773
752
651
502
570
572
727
669
664
630
596
686
502
742
558
591
616
604
586
607
730
503
740
613
679
740
693
690
500
554
715
655
767
620
782
718
526
607
567
791
530
774
606
704
707
714
601
703
707
607
695
590
593
780
546
574
791
691
764
676
595
667
762
542
551
624
533
659
690
669
573
648
581
759
529
699
613
622
771
716
559
533
662
770
763
559
733
576
744
532
638
681
765
794
770
592
557
544
659
586
748
622
523
617
732
594
701
533
562
567
714
764
588
638
675
758
712
784
539
641
533
632
511
631
774
545
539
766
794
712
739
569
676
578
574
747
679
790
533
504
569
707
594
771
533
602
548
654
549
638
735
705
762
544
581
751
692
774
711
705
509
694
619
776
538
677
723
535
719
723
653
517
577
623
543
589
521
664
631
671
671
528
581
561
772
518
587
555
638
749
545
705
788
574
665
512
564
621
650
569
560
505
685
771
618
577
557
793
524
792
538
704
717
582
566
710
648
605
552
721
672
539
715
665
694
604
645
668
739
618
590
596
663
571
586
773
686
585
571
533
701
620
656
687
565
502
572
528
678
753
737
561
551
789
515
681
668
658
763
776
503
746
702
658
650
553
734
683
720
556
590
619
644
727
594
795
579
631
679
789
783
592
705
691
800
794
600
725
745
750
541
656
619
660
724
698
726
714
629
625
608
661
779
628
637
525
601
765
581
552
509
675
716
681
542
694
558
768
659
728
613
750
763
695
537
573
736
723
599
564
762
745
691
625
690
536
797
743
638
689
578
731
555
581
556
609
742
680
604
797
675
566
566
604
794
575
615
608
601
688
755
554
529
519
557
541
784
519
779
529
570
596
578
762
622
606
588
678
731
646
568
658
612
531
735
640
561
731
685
612
639
683
718
515
728
729
575
782
646
563
782
751
612
657
563
596
682
767
703
500
565
550
749
700
634
704
769
557
761
712
591
560
796
636
689
798
747
597
646
606
596
682
620
602
559
635
765
796
669
563
789
646
668
654
557
542
524
524
514
631
620
784
619
588
724
615
774
714
621
598
573
633
740
562
581
711
719
722
755
716
502
573
732
504
671
671
565
575
750
718
755
764
591
523
689
785
759
625
713
501
686
716
699
624
588
503
763
645
775
734
720
615
746
748
706
624
734
588
621
717
721
565
508
708
741
604
676
669
561
798
601
782
506
785
567
555
751
715
785
744
647
562
541
536
714
526
707
533
646
526
639
606
588
625
656
765
633
521
771
536
625
583
611
791
623
614
729
601
616
578
777
590
771
676
593
695
563
674
674
606
678
793
718
705
564
597
648
517
772
536
705
556
534
728
613
555
730
692
648
729
589
764
726
776
707
798
565
514
508
716
616
622
580
698
661
552
515
581
596
713
513
737
799
644
738
647
517
798
787
551
574
759
647
650
513
726
544
735
595
629
757
516
503
750
554
566
717
654
603
551
553
583
799
545
534
686
578
764
762
651
579
546
745
613
600
747
606
504
643
769
694
721
693
615
512
679
627
705
588
754
558
787
767
786
751
523
718
621
697
738
583
539
525
710
757
690
573
744
700
655
714
674
621
791
517
566
754
617
764
725
715
684
508
572
769
795
756
692
609
541
609
520
714
608
670
629
627
700
638
660
644
690
538
502
722
508
619
619
627
512
701
540
607
639
561
585
718
645
692
636
503
676
613
743
780
547
776
753
588
760
746
646
760
613
610
563
776
684
775
587
676
547
598
681
690
652
763
628
639
704
509
513
577
696
766
701
671
526
551
737
659
628
766
643
638
752
594
684
797
688
711
582
577
518
625
572
768
649
579
536
540
517
746
554
592
703
741
705
683
749
708
511
717
613
602
629
600
559
705
763
713
672
680
511
659
702
536
732
539
757
759
774
724
511
500
662
783
680
554
513
622
560
671
776
669
693
550
662
574
773
721
550
774
546
656
572
746
656
662
620
615
755
516
679
733
659
742
530
761
647
703
581
587
691
583
694
631
672
528
559
644
508
554
609
682
548
799
614
726
564
562
689
670
727
547
699
538
646
586
763
547
509
639
708
780
776
642
798
606
557
513
632
719
760
530
626
542
585
645
610
506
627
654
583
609
724
640
522
639
727
799
508
504
552
587
752
767
570
638
649
520
518
778
667
558
546
779
643
553
712
784
586
561
584
737
769
624
766
570
786
635
689
613
546
509
742
750
670
555
602
748
621
529
798
712
643
610
671
659
687
573
702
500
606
575
548
777
538
602
762
672
696
697
613
691
689
518
608
557
787
523
679
751
540
556
507
521
651
605
797
630
624
594
786
628
504
611
530
534
743
786
773
704
672
527
794
536
508
767
629
735
737
571
741
581
564
610
711
715
541
610
743
744
725
527
601
692
712
528
776
585
652
552
675
639
690
758
555
710
527
669
707
740
656
556
671
789
525
519
588
765
660
556
708
788
550
551
596
534
551
575
530
678
664
743
789
512
594
770
643
702
768
517
787
566
592
798
632
752
646
539
652
604
593
500
685
777
542
501
500
604
545
765
637
559
608
680
789
781
630
596
658
511
655
596
505
676
663
609
585
574
754
526
734
711
783
607
521
564
580
617
638
609
547
772
685
580
581
624
550
705
512
590
515
585
547
546
622
525
716
651
771
776
690
588
664
685
573
662
626
615
726
727
547
664
580
555
623
622
658
751
672
561
611
752
653
621
518
799
613
553
738
787
513
693
593
687
702
723
503
798
768
572
747
714
756
777
579
776
656
718
666
649
523
664
547
674
509
652
668
589
622
573
632
591
797
647
630
569
559
594
608
516
632
658
790
518
710
651
772
733
798
665
690
541
761
743
517
515
707
712
733
653
625
640
596
715
719
719
507
571
584
784
564
677
660
661
725
740
505
786
539
735
535
608
519
533
642
551
709
773
596
660
658
744
709
784
548
721
637
573
647
768
673
640
536
619
758
756
716
760
686
675
607
597
772
560
582
605
593
578
794
679
555
752
575
712
736
780
599
573
549
554
582
656
516
761
666
719
553
596
650
774
503
557
773
731
562
578
798
608
563
738
721
693
761
500
585
741
739
587
514
740
533
507
652
789
777
741
728
569
591
719
763
533
636
612
629
684
669
680
680
689
785
507
608
688
546
679
673
538
549
755
581
721
745
562
778
623
768
511
508
785
653
658
571
762
543
645
568
617
562
679
510
761
690
786
688
796
793
579
509
505
532
514
581
581
774
731
685
764
506
749
727
736
519
682
672
641
678
527
536
780
628
777
668
673
744
730
566
587
739
538
521
778
524
535
774
709
531
674
680
675
651
741
579
528
798
567
623
774
588
688
621
664
667
792
603
737
692
614
767
506
651
708
665
699
615
715
733
618
701
772
776
554
541
686
668
724
644
740
745
588
791
637
550
698
768
553
512
502
542
715
632
634
794
516
633
648
748
657
581
624
708
745
703
671
541
547
619
786
550
682
651
647
533
510
505
576
783
586
769
652
662
780
541
566
523
583
620
552
770
702
521
674
527
635
669
759
529
560
566
660
684
713
590
758
513
719
763
669
618
691
522
532
799
746
522
539
620
721
767
640
609
657
559
667
601
618
505
583
575
731
782
618
658
578
509
600
623
598
644
727
529
622
755
551
514
560
521
578
739
648
691
591
707
539
757
514
614
773
767
549
518
778
679
734
504
541
654
540
684
597
665
602
790
797
619
538
557
705
502
754
712
690
529
781
513
573
768
651
571
687
763
632
594
777
540
589
695
642
729
504
666
542
713
779
525
608
793
774
736
650
570
683
571
616
681
737
651
777
754
527
685
518
656
681
663
516
735
533
662
613
636
597
614
765
506
739
621
507
762
516
536
606
572
590
713
559
693
501
651
543
725
566
573
520
655
792
659
540
522
539
736
745
776
621
500
770
768
747
586
502
675
612
756
642
509
670
573
510
785
617
778
659
692
756
747
525
721
647
514
687
703
565
761
563
716
542
638
695
572
572
574
583
661
794
601
725
683
776
719
778
714
687
531
680
718
585
700
779
580
552
755
747
762
563
690
638
661
632
785
776
563
637
578
676
501
780
762
793
692
681
779
550
626
607
721
639
503
634
758
778
595
725
703
630
685
600
503
623
590
633
572
583
528
679
677
622
618
792
644
545
592
792
690
788
668
724
767
633
620
550
606
593
747
696
500
783
643
632
742
616
616
594
708
682
560
705
611
577
644
722
735
703
739
523
504
718
613
661
654
636
627
729
683
642
530
725
683
625
690
570
602
638
718
747
789
612
790
746
699
779
521
622
681
743
544
784
672
555
536
596
692
657
646
784
513
536
641
665
634
518
566
767
578
567
531
634
531
662
606
588
586
760
610
663
561
637
520
552
672
610
636
702
623
685
789
531
716
566
795
682
529
709
757
730
676
571
796
675
583
751
518
544
637
778
537
682
746
765
684
672
518
792
652
512
593
574
540
663
525
503
684
514
561
769
542
543
754
554
606
728
547
511
791
669
571
748
712
768
776
621
617
695
511
755
752
698
725
633
650
660
632
576
783
727
749
546
594
604
610
677
585
550
637
590
640
691
549
529
777
507
550
594
648
738
611
619
528
671
704
792
729
676
630
669
592
503
800
785
715
786
654
652
561
629
618
511
526
636
701
644
529
604
780
771
640
538
783
787
573
573
603
680
629
752
739
580
720
699
694
521
525
764
510
751
584
548
738
649
641
581
563
748
709
614
708
529
771
633
563
749
769
638
636
619
797
502
662
651
717
617
628
743
744
646
716
535
793
791
510
799
679
738
741
672
517
703
685
503
602
594
739
782
723
612
628
521
684
787
645
652
723
780
734
595
683
525
505
549
639
711
725
678
753
540
633
773
569
754
548
588
725
701
799
591
720
613
545
650
582
625
665
682
782
677
778
672
635
711
521
606
585
753
752
758
611
639
501
620
504
778
548
700
797
605
501
546
643
758
681
794
665
746
671
537
599
688
545
551
779
721
753
716
602
681
664
759
674
718
612
623
584
778
546
682
532
588
646
718
605
751
525
786
529
591
524
782
545
540
789
598
713
713
504
521
636
579
668
639
660
769
642
746
561
546
621
535
576
754
705
594
591
537
577
788
646
583
800
563
737
577
612
722
572
527
745
533
555
553
631
743
614
665
535
705
601
737
719
772
780
555
627
731
587
653
501
640
778
792
727
791
694
677
628
700
735
658
647
570
686
569
730
764
516
788
594
559
659
630
558
508
629
578
561
697
568
563
789
606
640
610
688
571
668
630
699
609
538
666
578
676
625
613
780
621
763
770
572
509
636
549
574
632
731
667
546
752
626
704
613
630
532
593
673
755
532
620
726
767
598
643
509
577
782
622
729
695
503
583
697
688
752
629
592
750
779
776
523
690
783
566
755
685
792
763
544
671
779
739
584
675
784
786
726
522
749
590
746
714
570
583
514
663
716
727
553
577
655
567
523
721
511
712
650
629
738
535
708
781
669
537
632
570
619
531
772
544
636
782
588
794
747
567
789
659
605
727
771
528
603
783
621
667
730
771
630
796
791
620
667
766
549
746
669
505
549
795
775
622
512
587
505
626
697
654
703
735
798
659
548
771
542
786
672
606
660
576
544
759
612
516
608
689
523
590
593
756
624
586
583
560
519
543
728
678
647
698
651
748
549
751
686
752
769
562
601
799
500
500
521
602
699
546
764
773
789
795
667
652
575
712
542
539
569
762
669
602
747
702
541
687
525
691
757
589
708
592
734
606
660
541
662
528
767
615
590
794
736
741
515
685
571
741
626
692
674
654
705
753
577
639
611
795
748
519
543
786
527
700
640
780
692
777
779
510
667
759
616
791
722
717
799
640
717
736
572
784
510
734
768
560
683
551
626
664
720
783
796
627
751
725
569
712
777
711
567
777
758
710
741
557
588
682
647
716
673
507
558
744
786
794
517
796
635
592
577
554
512
706
606
502
652
546
683
629
719
768
695
708
671
632
627
682
772
704
563
558
503
532
772
571
548
671
531
567
641
657
652
591
588
529
682
634
734
673
789
758
611
500
540
622
545
620
601
709
670
584
508
714
579
522
667
650
557
530
784
577
700
662
639
501
539
502
724
648
712
589
799
546
727
564
671
632
735
706
750
601
591
585
501
652
668
642
767
664
799
694
682
676
793
537
542
680
800
671
522
712
502
756
669
794
542
752
552
516
690
579
741
746
769
655
510
617
583
611
798
773
592
782
584
795
787
604
680
719
672
688
640
657
766
503
798
692
534
661
594
620
704
763
658
723
510
552
735
787
632
790
666
621
509
691
636
639
511
520
753
629
796
733
544
636
680
566
596
685
516
599
744
616
703
757
533
561
501
717
719
638
786
539
580
620
773
583
570
523
681
690
688
723
686
624
560
789
611
504
629
665
534
543
637
674
