161
150
116
132
183
148
117
173
152
142
110
187
136
170
170
149
194
166
109
146
174
151
152
137
123
193
143
175
111
146
163
196
144
172
185
155
146
120
138
149
194
142
116
128
124
188
110
184
175
172
154
171
196
159
107
142
112
175
113
188
127
166
125
184
121
122
103
110
183
186
145
139
109
162
141
141
193
103
158
126
112
155
198
130
199
163
181
133
102
191
195
143
136
179
176
131
200
186
190
120
156
139
147
173
167
148
102
171
144
194
113
112
109
120
143
106
189
119
197
168
165
185
122
138
111
142
149
198
196
145
142
132
124
135
101
113
126
177
135
162
110
131
107
168
153
124
142
133
187
119
136
109
154
101
171
163
166
106
192
136
186
138
168
179
128
167
165
122
108
174
194
105
186
151
121
182
170
171
183
158
160
109
187
120
197
114
167
195
143
104
163
132
110
162
148
176
149
181
184
120
142
112
181
199
147
196
187
148
187
135
139
167
139
194
154
163
130
126
150
151
123
148
118
196
198
159
194
151
153
106
147
127
196
109
166
135
105
128
162
133
165
176
196
197
145
195
104
137
194
164
123
192
197
103
108
146
191
122
157
188
169
179
151
182
111
162
134
105
148
193
127
168
170
172
172
109
156
178
135
103
186
191
112
122
187
128
167
173
170
185
196
152
189
147
130
199
149
174
149
104
149
197
139
142
133
175
135
136
124
150
188
105
192
117
102
160
200
145
177
132
167
124
153
162
146
132
146
151
172
115
117
128
158
104
187
128
136
141
110
164
110
120
118
169
141
120
121
194
158
173
143
191
145
141
107
127
174
170
149
157
106
134
155
150
146
125
119
143
182
110
168
179
191
109
124
148
183
106
125
121
101
174
119
140
163
107
196
104
106
146
199
138
146
117
199
120
156
132
130
156
109
174
169
166
130
173
102
115
198
130
112
166
186
179
138
157
120
181
106
146
152
170
131
176
113
119
147
181
141
162
177
193
190
132
144
142
112
151
112
107
123
118
161
176
106
172
148
148
129
167
158
125
115
168
160
142
181
121
140
168
118
104
159
107
103
130
173
129
184
100
140
180
136
175
159
110
141
139
159
123
192
142
114
175
168
170
148
187
113
154
178
111
178
150
135
155
160
183
199
185
649
621
591
676
501
635
784
519
712
780
634
631
680
641
758
777
507
755
742
734
649
786
749
503
750
775
784
663
689
564
644
580
661
642
761
550
624
508
771
658
680
667
597
670
689
552
771
718
684
718
606
774
632
784
648
781
689
613
683
502
685
511
684
730
747
577
773
633
800
670
649
527
696
590
607
700
627
776
721
787
615
619
523
727
701
610
650
774
550
706
509
625
708
539
718
687
718
688
771
567
642
706
544
775
731
591
513
562
619
657
795
695
719
510
530
751
742
656
765
699
532
652
665
599
611
704
758
539
524
658
797
696
646
529
783
793
698
784
783
643
567
751
591
515
519
779
745
752
534
623
640
736
689
504
738
748
710
774
674
775
671
791
769
636
567
591
604
664
688
680
720
723
638
545
689
671
555
614
664
759
528
798
553
583
527
643
748
574
676
612
503
781
681
698
713
573
593
626
574
792
617
638
689
690
568
735
570
530
712
634
799
799
745
600
644
754
746
699
716
517
623
796
536
705
633
763
512
514
532
761
683
537
612
631
611
619
642
755
527
599
503
649
509
571
756
619
771
652
564
788
546
647
523
717
512
699
751
674
760
745
682
585
656
668
758
634
624
522
685
557
695
724
516
737
782
731
578
742
667
637
798
654
771
686
518
745
542
723
778
705
582
726
794
568
797
501
666
699
524
629
604
658
719
574
527
643
550
781
777
799
756
602
735
604
638
533
599
530
696
636
524
553
537
583
514
723
723
734
514
569
585
551
572
797
730
677
706
536
630
583
755
800
636
606
578
563
566
585
686
703
554
552
530
576
744
536
512
735
668
580
767
737
622
722
793
789
793
504
659
709
549
525
621
604
715
646
699
686
586
675
598
576
606
507
604
769
536
500
605
572
586
501
729
704
719
659
633
537
744
549
783
624
631
569
797
674
700
634
604
510
529
795
656
617
587
726
571
707
613
559
759
655
548
701
525
522
679
690
529
564
516
665
729
791
523
623
657
608
576
575
668
691
621
530
714
642
662
598
643
660
647
554
561
586
714
670
693
594
639
646
795
625
742
594
591
669
600
502
535
656
552
656
776
526
715
714
735
633
569
757
666
523
743
509
611
643
536
693
780
535
690
762
688
578
501
560
701
680
535
772
141
133
131
144
131
199
130
171
168
140
193
105
129
126
131
194
108
161
112
157
119
139
114
120
197
120
169
163
144
150
190
168
155
170
111
169
124
160
120
183
103
123
146
185
183
168
176
166
168
119
141
160
122
144
160
166
103
178
173
194
108
106
199
173
147
157
118
116
191
186
126
126
158
159
185
123
157
100
187
109
116
161
119
111
111
102
183
170
167
170
114
154
165
150
116
154
112
169
195
164
196
130
193
176
195
196
132
108
164
128
181
116
160
113
179
147
143
151
121
171
159
152
127
113
146
147
189
156
185
109
156
163
160
134
102
124
139
146
112
117
115
190
143
136
129
154
166
166
165
181
109
103
153
166
134
167
118
116
137
137
137
177
185
185
115
100
167
106
136
126
169
179
126
132
164
191
166
199
129
156
102
126
130
121
191
135
128
164
147
176
117
119
146
157
154
149
132
191
149
122
163
188
137
177
103
193
142
117
150
152
166
124
128
179
161
134
141
167
153
105
103
193
157
156
123
125
145
132
104
129
115
178
118
146
153
120
128
129
146
109
125
120
137
167
151
117
200
167
135
125
157
119
190
136
174
178
119
163
103
132
142
160
121
114
134
188
131
161
143
162
144
148
125
157
170
178
164
113
146
171
154
110
140
110
148
104
186
103
126
121
177
166
113
142
100
131
198
128
135
108
141
110
131
195
177
147
120
179
192
163
103
199
116
128
175
124
109
103
121
133
199
150
104
108
124
140
104
141
193
116
115
109
124
146
121
172
121
198
111
170
108
176
132
156
138
180
107
138
124
152
189
161
180
170
156
135
126
195
196
177
151
129
153
187
174
115
114
102
175
142
158
142
136
116
133
108
150
194
156
107
130
147
134
114
103
118
192
139
152
176
183
188
168
118
124
106
138
187
108
111
161
120
180
177
144
160
144
164
131
171
152
134
133
141
102
109
160
146
157
194
171
144
167
107
129
119
177
162
189
199
171
113
124
121
194
170
164
125
157
171
116
166
192
123
195
179
146
135
183
188
183
198
149
135
117
109
137
173
182
130
101
113
197
135
144
193
105
188
107
123
107
118
118
118
161
114
162
105
175
193
113
181
193
117
144
154
108
143
106
139
185
126
161
188
162
159
159
187
101
150
531
631
762
746
599
506
531
615
745
628
682
523
733
711
602
569
658
666
653
671
701
522
572
670
785
799
644
588
588
549
518
586
523
691
779
771
710
549
759
713
624
745
609
797
733
648
534
613
574
504
656
559
732
716
785
624
791
593
552
560
601
761
566
747
717
791
515
649
752
776
740
503
736
716
752
572
626
555
538
521
522
621
659
528
568
600
686
513
714
687
653
737
771
560
757
666
583
574
629
787
619
520
731
502
742
647
582
793
800
637
625
676
618
542
548
519
773
549
735
612
664
647
712
656
729
542
605
772
733
600
503
597
728
772
713
703
513
757
535
585
689
719
791
607
683
714
686
762
614
652
515
623
512
608
760
705
531
589
541
538
519
526
766
746
606
785
548
691
765
540
692
756
561
671
593
621
593
604
777
676
641
549
756
539
757
558
552
730
743
614
605
670
527
694
691
609
613
522
531
557
788
796
583
793
637
702
742
657
739
772
554
688
622
642
724
553
652
665
521
571
619
712
588
631
790
558
646
674
679
713
597
606
758
616
629
702
617
705
583
641
581
556
543
571
536
503
787
700
601
723
621
598
599
724
529
639
745
703
597
707
599
712
551
519
729
571
798
635
693
778
799
501
548
751
506
781
694
567
516
755
706
746
588
575
672
611
711
776
780
582
673
526
661
556
740
770
771
615
728
648
580
719
666
761
745
654
715
706
703
750
772
618
510
750
739
750
656
759
736
605
789
643
742
561
766
686
731
723
504
677
639
735
598
746
589
657
530
729
706
597
601
631
649
506
642
754
625
596
660
513
714
646
693
551
656
509
732
556
743
649
684
514
655
554
597
695
744
690
759
584
619
586
701
746
567
510
627
636
767
688
727
629
723
529
593
697
644
591
606
771
684
668
752
727
713
566
546
617
615
532
717
686
642
590
713
749
791
698
597
693
796
789
772
640
745
672
582
755
707
764
646
620
762
601
588
579
731
734
546
758
714
553
610
705
573
698
604
657
558
624
794
554
573
502
676
768
729
625
734
770
778
643
732
605
797
721
744
728
527
674
783
728
650
595
516
659
694
539
734
555
611
796
559
762
774
650
681
646
762
713
712
624
771
648
624
781
553
680
765
800
554
742
507
713
537
720
702
650
743
516
176
127
150
142
126
156
157
118
180
147
106
120
180
167
167
161
191
170
175
192
125
106
179
170
195
175
121
114
138
142
195
177
193
142
176
108
108
117
177
199
183
115
157
103
170
178
179
173
103
180
141
185
174
126
130
102
113
119
164
130
186
131
125
193
167
159
116
101
150
148
183
133
181
192
172
171
127
165
130
161
144
172
180
146
114
193
130
142
106
143
194
190
180
107
104
165
189
128
136
165
186
148
173
199
125
158
106
150
110
197
137
125
138
179
171
188
114
106
127
117
120
127
127
107
131
146
167
159
180
185
168
191
104
161
184
145
143
139
128
137
192
184
125
166
177
116
166
156
188
129
168
159
163
167
172
138
164
184
166
152
191
107
163
159
130
194
164
185
102
184
135
157
193
196
139
101
131
136
132
148
114
192
193
114
120
110
183
177
181
177
154
151
181
139
103
125
156
166
146
162
107
119
114
106
199
138
169
145
114
103
185
135
188
183
173
101
130
134
175
123
133
195
116
167
130
178
181
197
183
154
162
178
109
119
117
180
164
165
150
124
182
146
135
103
127
193
139
173
112
192
199
130
176
194
164
118
138
137
152
167
146
109
195
144
109
132
130
166
132
145
174
112
133
175
169
164
158
197
155
154
143
134
175
133
137
173
146
176
105
109
132
114
149
164
195
125
107
171
111
152
180
189
196
192
194
188
194
118
135
142
194
135
155
163
196
191
160
187
134
166
172
108
193
113
163
141
121
190
117
188
162
177
157
151
106
166
182
137
168
129
144
131
112
109
124
172
150
195
117
180
154
189
199
145
118
176
108
187
122
101
131
143
158
144
190
130
114
131
189
174
107
190
105
182
177
176
200
161
136
147
133
136
165
144
176
173
197
106
151
159
115
195
138
153
125
164
200
165
171
124
114
166
166
128
199
109
126
121
158
156
143
195
138
181
173
172
104
195
126
154
175
184
181
137
170
113
117
105
185
158
192
159
185
162
111
110
107
167
176
179
155
180
156
113
149
106
161
143
137
108
115
116
195
104
125
118
153
172
191
175
133
154
104
159
153
148
126
198
174
120
156
103
153
144
183
144
156
110
166
134
172
105
193
130
115
161
162
123
180
131
120
125
154
160
166
120
190
148
134
138
502
623
572
678
519
577
516
708
652
669
540
711
791
514
677
583
672
553
648
591
685
727
559
722
548
652
571
791
767
512
753
686
685
662
533
592
769
620
608
741
556
585
718
560
615
726
777
679
522
713
559
566
515
657
602
684
528
524
559
790
760
668
746
660
603
705
520
588
562
756
551
553
716
562
774
521
556
531
577
751
700
722
523
626
605
780
551
574
580
700
509
702
617
603
550
544
622
554
567
564
685
756
590
584
792
697
669
502
665
587
773
527
634
568
726
793
662
543
756
664
640
757
596
764
568
501
698
665
566
730
565
643
508
544
549
502
553
518
574
525
710
652
796
718
619
683
555
722
757
703
752
568
647
767
609
640
524
798
786
568
590
536
676
553
584
730
712
642
753
610
699
723
687
592
545
528
571
522
796
534
733
607
563
594
638
643
528
616
525
757
581
545
800
533
777
591
550
607
759
660
756
728
706
750
680
711
637
640
644
663
735
673
638
794
542
726
761
743
789
596
677
659
642
575
744
609
610
660
705
518
515
738
669
753
601
687
563
693
529
543
770
502
553
707
653
758
728
733
538
512
542
550
552
763
571
507
595
703
749
508
686
540
527
538
733
611
715
786
611
664
504
799
733
694
621
700
619
584
664
713
673
591
538
737
782
550
630
783
590
527
534
773
775
641
505
569
648
592
635
708
756
659
742
642
795
627
658
547
525
754
650
795
754
511
693
555
644
689
578
755
767
532
788
529
767
519
710
704
789
798
653
759
697
540
787
577
790
662
527
532
752
556
693
602
725
621
759
706
564
668
557
702
612
670
790
602
749
769
636
609
779
561
704
641
526
527
616
766
798
548
554
683
668
548
749
790
563
770
654
650
556
726
582
671
540
683
771
784
541
638
706
790
734
603
651
742
751
751
516
658
618
641
658
503
558
613
721
639
665
675
659
556
548
726
737
783
722
653
551
734
551
752
761
717
665
599
513
580
585
744
534
620
772
546
616
535
728
749
558
737
677
628
732
608
691
592
540
698
776
567
761
665
790
582
598
602
712
759
552
649
795
652
594
625
529
672
501
669
574
651
662
598
618
561
625
535
655
664
683
735
697
517
673
770
766
652
536
641
663
535
613
604
562
682
504
558
658
523
519
584
160
106
155
113
192
175
190
129
122
162
144
153
108
143
176
148
103
118
189
134
176
126
180
181
133
167
135
169
188
178
104
144
196
175
159
182
136
135
183
198
113
155
116
173
103
112
137
177
194
137
157
110
102
155
196
110
168
126
108
186
191
111
158
150
182
170
196
111
111
195
142
188
147
191
124
123
127
154
157
193
109
135
176
120
176
194
112
175
176
185
192
113
114
132
113
168
128
132
199
153
170
110
198
117
191
124
193
145
108
160
145
155
168
144
179
169
177
188
132
122
163
184
167
137
104
180
177
149
119
182
154
161
125
185
120
121
120
152
197
116
181
134
199
120
115
116
117
174
169
147
178
142
143
161
168
168
157
146
188
189
193
158
119
172
112
199
175
120
131
119
159
103
196
148
115
188
128
196
164
163
101
189
167
182
190
123
176
153
139
193
151
189
193
137
180
131
145
171
199
167
107
118
194
172
111
134
179
184
181
140
121
118
182
161
117
135
186
149
132
198
109
195
104
163
190
158
159
114
182
113
149
124
162
158
140
197
150
154
182
102
149
133
154
192
163
170
156
161
148
195
190
105
194
135
140
166
152
159
153
121
174
171
192
147
104
193
149
183
194
145
127
111
163
141
148
158
200
199
199
111
137
180
103
152
152
158
161
191
125
107
193
135
106
171
128
105
144
116
160
116
139
174
120
184
186
180
110
134
104
114
142
144
123
143
128
103
182
167
110
154
126
190
144
101
133
176
156
127
172
150
179
171
128
163
128
178
126
165
159
170
162
191
127
146
157
153
141
186
139
170
125
129
142
167
198
109
177
132
103
196
104
130
187
184
122
180
194
136
151
104
128
122
149
152
163
148
174
112
188
192
172
142
158
130
133
193
135
155
166
157
189
155
167
197
182
136
107
176
152
197
190
132
146
179
174
109
164
163
169
105
196
180
145
161
187
109
188
156
186
178
174
192
194
143
135
151
171
110
110
158
124
152
173
185
175
153
191
136
115
162
191
147
152
143
173
192
134
100
197
170
110
141
128
169
105
154
142
158
168
137
166
124
104
158
126
196
107
133
196
156
122
113
136
181
189
127
145
122
146
197
122
148
189
146
146
154
171
153
197
126
196
155
180
187
102
190
103
161
199
147
743
559
551
541
579
538
600
767
699
656
683
752
581
771
779
607
574
505
629
751
611
536
712
545
615
698
567
534
573
738
747
506
576
531
518
745
749
562
595
790
711
541
510
745
699
625
602
583
732
759
600
554
760
706
698
574
562
629
666
702
573
604
551
768
769
527
731
658
506
548
734
520
536
775
527
788
565
697
726
637
547
743
779
517
504
727
751
524
726
659
684
545
692
786
770
762
598
513
559
648
502
782
510
523
554
692
589
545
687
775
762
662
798
567
581
662
647
607
509
562
775
699
652
710
795
600
551
633
657
794
572
634
742
524
501
785
584
574
700
706
693
521
796
713
594
616
589
655
695
685
625
629
773
502
602
588
782
580
605
593
722
782
564
772
767
667
731
670
782
692
664
760
524
641
612
656
518
589
732
784
747
633
651
522
583
531
577
653
568
729
694
502
587
771
620
572
712
542
524
518
792
795
771
711
779
503
745
607
640
702
532
539
797
633
596
683
657
508
757
790
535
517
775
785
588
703
707
620
731
684
542
644
775
706
539
775
637
505
727
504
613
750
513
678
675
656
552
565
731
708
609
666
769
514
626
544
666
783
530
668
584
752
735
623
677
717
589
767
681
763
596
506
761
637
527
552
783
581
686
665
686
756
608
523
585
778
705
639
540
589
528
714
739
581
577
528
725
567
632
792
729
607
570
519
681
594
564
695
528
664
580
718
510
520
691
510
736
711
783
784
732
702
583
593
731
577
504
551
530
541
787
682
533
719
575
549
542
565
607
600
734
796
782
515
653
513
589
600
760
624
519
680
718
586
519
553
581
547
644
694
627
521
528
723
555
605
605
633
664
591
661
774
773
626
553
799
631
581
672
544
754
596
626
762
576
755
551
565
738
633
754
766
690
721
703
516
724
622
574
788
562
779
582
551
576
653
620
663
649
627
796
574
745
725
536
548
674
635
587
729
677
575
523
780
754
785
662
784
581
634
754
752
604
506
754
515
574
530
790
718
717
751
600
642
668
538
705
746
506
587
552
675
546
615
756
731
769
636
690
796
515
538
601
680
602
721
606
769
621
786
637
696
657
529
512
549
576
772
641
627
627
616
752
575
780
648
608
647
588
667
669
600
639
563
779
536
708
594
694
746
137
184
137
170
121
175
180
131
125
117
152
129
115
182
174
154
113
127
176
162
107
106
195
169
160
101
164
107
162
195
154
120
167
137
180
130
192
144
177
101
148
181
156
192
141
181
160
198
168
131
105
128
193
175
118
191
178
173
112
160
169
140
173
156
101
106
102
199
129
133
152
121
132
124
135
139
109
199
163
152
102
133
165
158
122
114
197
126
183
200
123
167
186
188
159
104
138
160
102
109
199
174
148
126
191
126
133
187
195
136
198
179
113
130
127
164
193
189
158
116
160
139
164
146
184
183
138
150
128
163
116
110
145
104
146
136
131
116
105
157
141
146
100
147
159
112
101
128
140
187
187
146
112
158
125
121
149
134
142
132
110
116
123
148
166
159
124
140
196
199
131
112
174
174
187
155
171
130
197
140
130
198
140
127
150
105
153
197
152
134
172
139
158
121
147
138
135
165
188
124
119
176
131
136
144
126
191
141
150
133
120
117
102
158
189
182
109
177
142
144
159
163
155
200
124
185
175
137
176
124
139
162
186
166
172
104
127
120
194
112
189
132
180
121
168
102
150
114
178
132
167
184
135
175
154
188
168
167
182
104
193
199
126
162
174
112
108
191
154
166
192
118
193
104
125
164
157
171
163
115
105
116
105
161
165
200
128
118
171
103
159
165
104
122
102
122
159
131
116
163
113
199
137
141
136
150
152
142
111
193
197
119
115
125
135
126
108
172
190
139
116
139
133
162
170
119
110
105
167
191
188
144
162
194
196
109
144
196
173
120
154
122
166
136
137
168
165
197
192
177
133
114
183
122
164
148
180
198
126
115
118
109
132
116
115
193
106
179
126
191
122
175
121
113
100
121
194
113
158
113
164
125
108
192
107
172
191
161
160
155
113
118
104
185
140
186
146
191
112
191
174
150
105
134
142
157
171
176
187
107
119
137
161
122
198
158
182
176
129
152
150
186
194
174
173
101
146
188
113
102
149
131
197
120
181
165
182
175
185
158
139
139
137
120
120
177
140
159
180
152
148
126
169
183
128
118
159
144
102
192
137
128
198
109
170
194
113
166
171
184
159
180
118
105
176
161
188
175
164
147
188
196
167
189
174
171
184
198
180
159
195
184
152
147
164
153
174
119
190
172
726
608
593
775
687
707
701
621
670
656
531
599
536
639
587
504
773
571
554
729
786
606
688
716
737
639
721
510
535
664
541
641
697
534
614
597
592
764
580
773
724
636
751
693
753
710
519
628
758
753
598
626
573
711
608
722
784
567
620
551
626
578
762
526
697
651
546
599
766
745
561
792
676
697
620
633
775
722
584
716
666
605
793
537
675
602
660
556
622
546
604
547
560
512
535
542
742
572
511
691
567
586
795
555
690
542
589
741
734
649
795
708
645
528
749
678
558
534
590
588
788
642
675
583
665
659
785
590
730
520
591
546
683
512
785
528
654
513
731
705
609
687
799
678
653
505
533
727
527
660
686
620
779
727
758
683
563
612
757
650
561
514
507
782
754
658
751
698
759
665
679
753
689
713
765
637
545
750
501
520
698
754
561
535
765
746
580
534
510
766
624
730
561
662
567
550
780
587
601
633
738
795
545
566
607
542
777
689
592
749
614
664
641
744
584
537
715
708
568
555
642
593
570
624
566
553
721
582
562
663
748
751
538
630
688
792
741
540
584
614
653
725
787
528
590
629
751
782
790
520
788
581
651
777
558
507
759
770
760
562
527
627
634
667
701
750
635
556
693
750
702
691
644
650
636
721
652
660
732
603
592
671
701
676
798
659
691
637
776
746
718
647
526
649
517
617
594
535
626
652
732
692
736
619
642
640
520
555
586
662
728
732
662
633
668
628
554
790
780
710
795
603
723
561
701
534
645
697
727
506
615
621
640
771
753
588
674
630
599
741
525
553
614
693
753
579
739
785
564
657
538
685
611
589
784
651
794
799
743
606
743
576
697
713
771
554
785
668
555
530
525
742
588
544
666
781
578
735
757
724
726
710
581
548
654
529
652
754
703
581
748
679
704
753
658
737
786
692
759
502
743
512
594
511
710
747
667
730
632
501
759
726
605
606
614
752
707
630
652
613
785
621
717
650
560
535
707
619
720
557
789
723
780
741
642
733
661
566
653
552
653
749
640
743
762
511
510
501
540
795
730
660
686
569
541
734
518
529
560
730
558
545
568
663
639
649
694
763
799
698
641
769
742
677
778
612
688
788
761
599
509
606
757
694
769
757
696
757
523
610
682
684
655
675
592
695
557
725
717
610
172
149
153
179
122
167
125
183
160
151
177
194
175
118
199
199
199
189
114
153
132
101
114
114
117
144
111
148
192
167
138
197
143
110
196
170
193
154
175
136
118
171
169
170
155
123
171
168
107
144
100
172
171
112
125
147
187
178
171
197
104
180
177
146
124
144
168
183
126
108
192
179
154
129
146
143
177
142
192
129
143
193
174
124
142
104
188
105
196
193
109
158
164
155
181
102
192
198
176
199
198
170
114
174
164
166
169
177
172
180
143
105
187
127
179
110
137
179
179
192
142
112
137
105
157
162
185
169
187
122
105
157
177
135
149
144
160
182
192
113
189
130
183
119
130
178
178
130
148
177
174
136
178
151
154
168
187
108
116
172
132
192
166
194
134
177
190
145
118
130
107
153
129
104
130
118
120
165
188
122
168
118
111
161
190
150
145
123
112
123
177
121
170
147
155
135
192
173
127
152
198
126
111
130
193
126
149
143
117
195
125
171
168
159
186
110
138
196
176
112
124
158
148
144
141
118
122
187
111
128
172
152
124
170
189
100
199
164
123
194
105
119
138
198
169
153
163
139
135
117
183
144
149
161
150
114
111
153
168
180
171
147
107
133
146
200
137
172
123
196
169
190
176
178
128
150
119
120
174
138
154
155
187
190
166
165
186
116
102
112
145
144
103
183
129
124
117
131
185
153
180
165
183
187
189
101
120
180
158
197
162
117
146
199
145
145
140
178
167
155
121
182
188
182
157
184
174
104
130
139
108
114
189
185
168
183
196
170
131
144
172
159
112
131
138
168
118
142
188
119
161
152
131
147
156
180
136
122
101
198
149
154
196
149
192
146
161
109
145
149
107
198
147
184
133
104
126
183
151
107
170
157
179
189
191
166
154
184
198
110
152
112
161
158
159
190
182
106
135
110
137
134
102
106
135
119
144
119
197
124
116
142
119
150
145
123
198
133
147
156
144
186
170
168
183
181
197
198
131
169
198
104
121
102
115
108
109
120
108
181
194
131
112
116
160
123
180
106
142
155
116
147
108
115
186
131
190
175
183
137
198
105
132
128
162
132
105
195
120
103
133
197
153
116
184
171
197
199
190
184
113
114
144
162
108
173
113
110
104
155
159
109
185
193
102
185
178
177
143
154
792
564
654
635
587
744
673
546
772
776
655
701
682
521
644
723
538
760
772
602
785
612
755
764
570
733
767
508
747
538
745
596
762
684
501
683
646
615
767
740
765
603
698
555
779
605
548
551
604
653
530
624
535
743
720
688
703
713
787
683
562
651
657
754
600
744
591
776
612
504
622
659
738
755
648
685
639
712
760
551
557
587
705
584
736
566
639
640
718
685
530
732
623
556
770
778
569
592
787
503
622
501
738
565
622
590
514
527
506
601
576
797
524
545
640
526
641
662
622
670
549
649
507
613
556
553
663
551
594
615
619
547
552
671
704
522
768
641
565
576
680
667
755
604
535
559
727
629
512
657
541
507
556
679
791
571
692
544
510
692
567
603
636
654
613
652
748
688
799
575
719
671
631
509
795
702
720
624
637
686
619
585
707
761
597
605
513
762
660
512
502
529
608
796
570
614
663
516
737
627
594
509
543
783
774
743
594
582
511
678
759
770
562
767
798
626
739
635
783
705
754
732
555
752
514
659
662
665
668
612
654
690
580
553
652
653
746
606
539
533
655
782
618
707
672
552
766
533
604
565
588
590
586
524
697
619
658
539
726
631
668
621
506
550
610
598
565
626
800
659
632
594
774
502
566
612
607
638
732
696
545
750
648
622
578
670
576
672
637
610
549
764
708
678
641
572
666
625
640
717
684
502
661
551
504
687
736
612
764
579
737
523
641
662
618
787
756
632
768
748
568
626
594
637
594
592
629
621
704
672
715
639
720
734
652
750
552
642
590
701
726
696
559
754
716
762
633
645
719
747
747
550
537
554
679
617
501
782
684
647
618
605
651
629
513
643
518
500
502
633
511
709
639
566
675
639
636
704
525
767
624
680
567
702
713
634
770
641
649
608
618
513
513
501
764
623
732
691
604
517
681
768
633
752
662
772
691
722
632
563
652
716
712
741
650
639
593
726
717
742
793
644
588
530
752
746
775
748
799
561
755
635
729
779
674
676
617
793
693
567
548
576
711
704
739
688
525
540
794
623
774
614
549
593
767
543
630
598
549
750
505
509
758
577
553
576
636
748
562
760
719
770
557
685
524
734
584
652
703
707
677
534
698
788
786
749
700
667
793
596
580
768
680
600
787
565
543
592
735
739
185
156
166
192
136
106
154
108
155
108
187
106
194
142
136
133
106
174
145
182
142
190
194
182
170
170
148
143
198
129
196
131
170
128
189
193
116
131
102
136
179
138
166
190
143
160
131
125
151
158
165
138
171
136
111
152
146
147
148
122
123
110
169
112
194
130
131
193
148
183
184
157
141
191
189
165
144
111
116
128
131
198
133
167
151
132
119
199
102
171
193
136
167
169
124
175
118
104
134
121
190
129
181
193
105
147
191
171
180
126
113
104
174
142
180
120
101
108
198
160
173
130
144
152
122
117
174
112
195
172
188
199
141
159
193
147
114
133
191
162
168
165
175
137
140
155
108
108
199
137
101
197
130
177
161
130
150
167
110
188
155
175
174
184
150
142
112
166
125
124
181
109
120
152
121
177
197
151
191
151
120
130
124
118
180
119
135
161
134
182
138
196
135
142
133
154
152
165
186
145
199
115
141
114
157
198
105
159
152
169
138
154
128
109
148
143
151
177
120
193
182
103
174
121
184
122
150
190
114
180
139
118
153
114
163
111
145
110
195
110
159
136
105
128
183
148
151
154
160
160
163
186
186
118
148
176
113
123
116
174
124
167
166
147
175
123
111
142
142
133
170
117
119
200
108
174
118
190
117
117
142
197
132
147
114
103
146
102
132
184
192
135
180
186
125
170
136
183
188
135
112
107
171
123
130
149
122
133
192
164
120
171
136
195
142
116
125
136
162
186
164
108
125
101
130
112
132
106
163
133
159
196
120
106
183
170
170
159
175
142
128
168
114
196
199
109
131
198
181
123
175
172
187
154
167
177
105
142
196
170
186
126
105
121
180
179
168
189
140
187
199
142
134
110
139
193
110
151
150
131
155
181
108
113
146
199
177
115
108
117
111
181
173
105
160
110
174
107
113
136
183
182
108
143
150
113
119
118
129
144
193
158
117
113
178
128
151
148
122
161
144
112
165
159
191
153
196
177
187
105
105
177
122
183
180
182
142
187
169
177
126
194
129
126
131
115
149
198
189
121
136
180
181
125
143
142
137
132
150
185
131
138
181
155
127
185
127
101
121
151
152
141
109
184
185
134
111
144
100
159
150
177
197
112
145
194
196
167
142
124
111
147
151
105
190
143
171
147
178
100
781
709
554
644
565
697
657
783
769
655
667
701
725
742
553
606
787
554
623
630
597
599
559
536
568
650
792
702
673
686
576
527
610
513
722
799
725
715
606
674
558
534
601
745
730
615
772
635
530
791
794
605
641
667
576
662
759
783
571
783
715
619
633
533
561
691
546
576
607
528
792
547
656
677
797
790
604
559
654
529
741
661
655
758
544
668
622
761
688
639
667
633
673
570
501
742
733
679
588
788
692
506
612
685
520
531
747
587
746
553
677
530
548
673
586
640
609
591
507
570
584
773
626
570
716
768
609
503
790
670
612
777
718
723
751
757
650
534
690
690
577
749
704
722
747
694
771
554
536
598
545
531
518
735
697
559
535
765
684
772
513
604
590
776
766
605
738
622
646
685
735
688
692
551
629
587
736
604
517
553
501
769
564
768
792
575
723
752
562
657
601
649
597
737
556
530
591
782
573
586
733
746
773
550
687
760
539
750
528
569
520
667
775
757
779
628
557
678
624
765
559
764
797
543
749
513
613
533
733
651
775
509
657
586
574
588
599
596
768
645
715
731
726
745
659
611
714
792
531
534
735
581
574
504
763
603
740
581
693
580
516
663
508
527
626
637
790
580
751
598
719
672
751
607
545
603
554
511
674
588
570
612
722
770
700
696
556
659
730
535
796
720
660
569
704
583
797
795
614
666
784
664
657
725
580
666
538
676
522
517
718
629
505
665
682
646
573
524
699
587
542
642
793
733
612
581
734
525
714
650
739
702
688
572
741
779
685
661
787
606
581
692
522
743
620
535
649
696
670
605
552
538
682
578
744
658
682
617
577
607
579
717
718
679
607
611
567
584
765
587
627
728
584
671
752
633
529
696
744
510
655
749
587
656
527
535
551
514
554
691
756
531
744
739
608
731
726
510
617
762
640
580
692
595
522
570
691
728
665
672
735
604
579
732
695
686
593
632
506
564
636
504
766
567
575
583
672
516
716
751
685
599
513
771
750
582
564
721
739
544
688
711
736
552
534
531
798
726
679
630
569
538
694
781
673
529
778
552
514
713
585
798
583
782
764
726
760
564
788
757
503
663
615
635
500
582
675
534
721
581
632
573
678
685
501
749
550
557
692
567
547
607
583
705
692
547
651
747
563
705
190
163
183
115
184
172
192
142
114
121
111
197
107
112
140
197
156
172
159
107
157
132
198
169
151
186
164
120
189
143
169
100
123
193
185
168
170
198
179
199
185
116
128
121
127
194
157
112
113
195
111
196
108
196
173
140
109
103
146
103
116
118
178
163
141
173
164
114
148
154
157
139
140
126
193
197
125
192
157
190
189
111
115
128
125
195
160
103
152
169
154
127
156
122
192
113
130
106
109
177
101
171
129
198
116
116
106
122
100
129
108
137
125
173
122
114
198
114
159
179
156
141
198
117
130
160
133
126
170
152
115
123
197
125
157
181
159
146
111
107
149
140
101
181
182
192
164
133
167
184
163
129
146
193
163
105
141
195
109
196
111
197
197
194
129
190
177
132
144
102
199
118
124
130
111
195
154
110
193
200
177
112
160
167
143
138
190
196
145
176
119
185
108
137
101
189
107
200
170
142
172
164
166
176
185
179
130
180
137
158
191
183
194
196
117
184
163
162
133
172
105
144
163
111
180
176
179
175
113
155
179
100
124
190
179
133
115
147
184
190
136
176
173
144
116
152
120
134
175
123
100
184
127
133
173
151
101
165
152
154
195
125
134
145
141
181
166
153
187
119
178
104
129
103
183
150
157
186
162
141
126
105
179
192
115
127
159
180
160
131
174
148
157
105
104
154
189
164
185
139
112
139
142
140
102
156
174
127
146
185
144
186
133
140
121
153
193
105
133
122
115
179
160
127
122
199
128
162
177
175
163
171
128
101
175
102
199
109
191
184
116
133
196
101
198
175
101
182
153
185
166
103
120
169
150
186
111
140
140
184
174
191
132
150
196
137
155
111
196
112
173
134
136
193
110
187
193
159
177
153
130
138
129
117
179
198
197
137
158
155
141
184
199
103
194
139
129
196
169
149
188
109
189
113
196
169
113
125
186
172
108
118
126
120
150
198
135
109
158
108
107
196
163
158
123
179
134
137
153
131
135
172
144
174
184
194
124
145
105
193
195
127
105
189
192
103
126
131
168
175
123
119
170
195
103
184
173
177
165
131
120
117
199
190
145
127
192
199
171
108
133
145
175
163
179
113
163
183
160
174
151
115
193
166
101
143
101
116
158
131
139
117
179
200
131
172
171
118
200
185
522
748
537
621
525
504
677
693
622
676
756
613
720
736
652
743
533
745
671
738
534
729
503
639
650
606
606
515
640
675
546
748
652
681
561
582
729
663
687
798
664
555
551
669
520
578
558
744
689
594
791
717
589
510
662
598
599
593
507
785
746
506
726
631
768
673
622
750
663
652
764
738
563
756
608
645
629
621
524
517
693
581
555
690
538
504
705
532
740
517
740
648
514
686
709
639
754
565
564
792
798
638
612
558
511
776
621
591
584
642
599
740
543
647
615
685
663
589
796
631
738
615
607
767
750
501
709
501
642
784
645
583
686
512
735
625
797
717
721
663
784
719
582
512
697
738
526
540
692
718
756
757
751
669
543
731
648
522
610
559
547
628
587
641
648
562
539
519
584
686
714
663
781
571
624
501
644
626
764
681
768
633
669
619
534
789
770
529
504
677
691
594
590
636
506
778
654
733
708
684
607
502
611
724
712
771
733
705
582
684
529
577
536
785
748
775
594
743
671
775
674
643
528
671
627
747
664
638
771
712
716
695
623
721
527
663
787
732
583
572
621
609
600
621
591
666
629
585
700
778
630
636
614
712
613
649
522
792
798
730
624
587
683
718
557
788
549
575
614
682
767
683
533
746
715
720
579
560
508
682
639
516
774
688
689
553
595
747
753
535
629
548
586
592
661
723
593
580
652
760
549
602
673
603
671
686
543
723
512
620
670
657
643
720
799
744
613
576
624
604
663
757
778
539
800
658
704
547
529
537
624
588
527
693
747
792
749
723
643
715
543
795
659
537
792
650
571
762
537
516
627
737
694
568
521
518
607
613
714
690
520
789
587
708
705
560
771
715
589
713
649
665
592
591
603
728
581
725
701
666
544
778
516
722
707
516
523
769
745
691
771
650
759
522
698
645
553
599
722
704
672
606
747
737
527
605
738
525
633
570
725
737
675
545
593
610
738
605
518
579
540
676
598
634
565
756
608
773
726
743
600
528
722
791
533
788
642
711
728
643
768
612
751
668
710
567
634
550
759
561
542
655
745
555
585
714
669
581
524
626
705
679
606
528
547
633
699
749
645
614
669
527
768
759
523
551
657
514
619
610
645
525
594
727
564
518
625
737
715
620
590
564
541
781
579
627
626
519
550
649
199
123
112
148
158
158
146
162
109
174
183
148
160
189
101
166
161
130
102
129
184
146
146
187
113
181
127
120
187
173
109
129
140
168
154
200
143
185
182
197
144
116
163
185
183
189
164
175
151
187
128
197
154
139
180
105
144
130
186
103
156
102
130
126
153
194
117
105
111
169
185
198
183
117
164
129
180
179
171
185
169
153
199
126
119
140
170
129
139
122
132
156
127
191
142
194
151
177
121
149
123
121
153
166
135
193
182
177
106
110
185
102
147
146
180
196
125
147
103
165
113
103
171
181
132
160
101
136
152
192
167
101
180
147
130
110
174
129
165
151
117
176
120
182
160
121
106
154
184
135
106
179
136
173
161
134
106
119
197
159
174
179
102
167
143
179
167
137
143
193
173
114
150
176
117
141
186
175
178
172
105
146
139
156
199
151
101
135
135
157
138
112
123
130
147
192
185
160
105
105
162
142
155
177
142
154
191
199
182
197
110
169
149
195
126
155
158
168
177
111
180
172
103
161
129
132
198
169
153
158
147
110
138
167
101
173
151
121
157
120
152
193
123
155
147
176
148
170
198
138
170
153
149
156
170
189
181
184
145
124
147
131
105
153
131
138
180
190
183
122
196
188
157
101
148
155
116
149
148
109
132
103
158
182
144
187
167
133
119
154
111
172
149
188
166
113
116
104
131
158
124
181
127
132
195
123
170
197
162
127
130
191
134
154
147
120
133
148
148
165
104
120
173
153
139
196
109
165
163
127
161
101
134
129
155
140
141
107
108
165
110
176
181
131
174
186
113
199
108
168
187
147
108
107
163
164
126
187
160
190
160
168
128
196
168
132
160
108
156
200
136
146
152
107
109
137
197
105
160
168
140
108
196
189
142
159
135
195
182
166
165
104
130
144
163
142
154
189
195
184
116
118
181
187
127
179
182
142
200
148
131
190
121
181
167
134
143
171
138
151
119
176
164
130
162
150
172
181
162
114
135
131
139
129
123
166
172
120
175
174
153
116
180
110
119
154
194
110
130
160
167
157
174
126
154
194
127
111
170
187
143
142
153
170
175
174
178
184
153
101
171
157
128
124
141
127
156
138
135
126
145
123
116
196
137
192
186
101
157
157
194
179
182
109
191
116
193
182
173
193
675
645
734
502
711
772
607
770
712
669
557
527
629
548
666
584
730
642
670
607
799
503
741
553
648
526
612
614
707
797
614
579
528
763
529
631
651
770
746
709
552
759
730
554
757
533
615
707
705
585
560
793
687
791
578
716
695
629
570
750
513
502
697
509
776
686
693
562
658
616
588
719
574
736
567
762
655
551
718
584
546
705
633
506
550
752
517
659
761
689
679
771
514
793
782
614
782
634
754
646
672
552
593
651
722
684
660
665
703
670
692
574
610
612
521
551
767
594
780
724
535
647
589
595
792
507
625
523
532
552
637
576
700
546
606
668
726
703
683
667
761
614
764
578
512
564
633
527
524
729
521
722
599
750
708
536
740
747
673
555
519
575
782
718
721
798
628
523
651
569
616
734
568
577
679
562
692
562
760
527
562
749
689
572
692
688
769
642
612
557
567
622
742
652
743
687
552
716
762
683
716
728
764
708
643
799
648
627
635
762
582
723
688
529
587
742
522
711
562
653
585
525
638
685
652
614
743
615
678
600
682
621
611
708
712
775
615
518
693
799
781
551
530
533
692
676
629
704
745
737
607
548
565
637
560
792
716
770
679
760
784
531
766
766
783
658
616
702
699
531
622
792
738
632
674
508
634
633
554
521
789
699
796
757
765
517
700
505
612
553
537
662
691
784
669
681
574
561
758
777
518
638
600
623
580
520
740
668
534
717
629
655
745
598
561
507
715
513
768
689
620
539
794
569
542
722
721
602
747
639
669
671
645
638
729
621
597
785
697
612
695
673
544
557
744
751
671
740
651
732
577
617
575
696
506
593
535
753
776
646
584
613
724
529
767
582
569
601
756
698
508
505
668
561
550
711
743
795
676
753
765
558
528
595
757
562
796
572
687
633
690
622
601
710
656
593
665
702
558
568
787
743
688
547
566
674
600
692
793
528
670
750
542
564
600
517
697
618
509
745
732
777
644
535
721
575
707
714
786
709
503
568
525
753
585
771
609
551
591
599
619
613
616
617
693
733
783
542
771
701
771
533
706
527
657
514
667
572
677
748
728
595
588
534
599
584
613
602
600
589
685
706
624
571
669
775
678
524
540
725
666
554
564
764
738
596
706
531
766
701
612
757
574
578
775
717
673
601
559
696
154
158
193
132
175
131
114
162
174
111
174
179
155
141
137
108
156
103
102
153
185
116
188
123
144
136
118
191
141
140
188
151
105
141
188
149
141
178
121
119
112
191
149
138
146
171
199
152
153
104
164
138
117
197
119
129
120
197
122
198
178
191
122
163
198
140
101
114
177
199
109
144
186
178
139
197
135
173
180
188
115
169
173
128
165
148
174
119
116
179
181
190
123
152
110
157
177
112
153
147
116
170
138
133
169
109
108
190
178
175
113
179
171
171
130
130
134
140
187
199
188
119
191
145
132
112
118
107
109
130
182
179
110
129
179
157
130
178
117
178
101
180
107
185
168
199
117
188
165
113
103
124
187
122
194
172
122
136
104
125
132
169
138
154
143
104
146
178
118
181
167
199
147
170
137
110
102
116
123
149
146
158
185
170
168
195
177
162
188
166
168
163
107
195
133
124
197
110
121
171
166
132
119
103
122
149
123
160
109
177
151
110
104
168
111
197
146
116
154
196
107
161
142
148
193
171
190
130
118
148
175
190
193
176
125
124
159
101
150
199
135
200
168
140
190
103
148
101
152
127
153
126
119
172
108
128
110
148
137
170
178
194
193
145
121
177
131
144
170
200
104
168
114
158
116
142
178
150
154
122
101
177
130
182
181
138
196
108
122
122
133
175
131
164
173
183
107
182
165
190
137
192
143
161
163
151
123
113
101
135
156
199
105
126
130
103
164
198
176
113
158
147
164
106
143
103
131
101
144
117
174
152
147
167
180
109
111
170
193
174
148
148
174
113
194
112
173
177
192
149
165
107
129
138
196
145
162
126
120
187
195
132
168
131
116
132
162
107
163
106
132
108
135
180
147
161
114
166
190
174
148
186
142
155
190
171
148
144
125
178
168
185
114
130
176
121
169
132
140
176
181
175
124
158
120
127
124
119
194
110
200
159
115
127
112
186
124
172
192
170
186
132
132
171
102
119
137
149
152
199
178
192
163
110
102
150
104
100
125
192
180
143
126
189
159
115
197
192
190
118
115
112
186
170
126
181
164
113
169
190
186
131
122
134
122
142
131
146
188
127
149
136
196
182
164
115
121
169
147
189
189
127
137
154
155
159
100
133
109
163
145
113
182
117
183
160
104
181
197
156
620
621
540
661
542
661
677
740
706
713
719
599
593
634
591
539
562
628
761
508
582
716
581
598
687
546
720
673
741
595
514
559
624
541
644
591
672
598
587
793
671
504
534
618
642
515
533
752
645
637
763
771
704
619
599
669
567
725
546
523
658
649
507
593
647
505
781
756
790
634
548
576
771
567
577
505
605
795
574
754
536
542
787
720
649
559
706
564
518
754
644
709
722
761
527
534
574
769
659
776
518
668
700
704
562
622
639
554
724
756
663
732
575
709
514
613
757
619
664
620
725
614
797
775
555
689
735
567
650
525
755
515
658
545
763
749
508
671
731
502
585
607
717
500
760
668
540
609
535
693
748
503
695
515
604
526
602
550
699
514
552
529
658
531
539
673
703
746
510
741
682
789
634
528
528
541
782
566
732
738
692
780
666
654
722
592
575
668
503
581
678
716
539
569
709
767
610
524
554
741
701
688
503
502
504
536
673
501
755
680
793
505
771
587
706
608
784
513
687
602
735
514
541
768
600
711
653
659
698
528
658
578
702
670
790
534
530
596
760
746
747
590
772
798
739
753
785
732
548
531
531
756
723
735
602
625
555
782
639
703
563
510
725
656
670
695
563
572
638
634
718
548
575
528
676
569
718
664
725
532
518
519
788
634
643
644
507
766
595
613
701
674
721
740
749
725
502
699
530
569
631
713
723
742
587
715
601
530
689
699
539
665
698
648
560
595
727
690
580
716
558
637
548
675
718
643
698
701
769
799
634
509
710
639
712
696
636
774
614
617
753
583
587
579
627
776
600
729
700
667
512
645
733
704
786
799
648
513
573
704
642
531
722
598
621
747
651
798
798
641
792
680
557
599
755
619
507
582
561
626
579
591
678
561
656
590
642
766
622
603
653
517
632
786
695
680
728
743
753
672
671
650
618
674
759
546
507
541
618
765
655
628
745
696
736
729
516
769
727
545
579
725
511
510
603
606
543
597
627
767
780
559
748
768
718
720
709
523
564
631
656
685
722
738
763
711
507
800
678
554
661
502
741
747
517
612
510
541
676
646
526
606
723
619
508
793
755
566
758
639
613
629
601
666
591
510
629
691
520
699
510
540
607
608
676
672
765
535
780
774
528
625
587
613
631
596
657
774
680
646
107
178
170
196
114
151
126
138
103
136
162
171
137
103
158
183
140
103
193
158
176
184
103
165
144
136
168
200
150
140
131
112
173
102
124
191
147
158
179
193
136
157
155
167
159
103
163
138
108
195
159
179
112
149
190
120
158
144
165
164
150
156
173
129
162
103
173
119
143
122
172
181
188
148
191
105
107
168
192
136
169
158
122
177
188
157
131
193
170
156
191
188
100
119
170
152
183
114
166
195
194
182
182
172
184
165
115
142
160
186
116
123
186
118
151
155
116
149
121
123
187
187
109
179
108
181
112
116
113
122
182
151
103
199
140
140
198
119
116
175
123
139
116
145
123
162
163
177
116
187
152
163
107
109
179
141
123
190
104
151
189
119
182
114
151
144
169
170
128
134
134
179
150
111
129
162
149
148
176
146
155
157
198
175
132
170
135
192
186
160
110
180
108
187
112
168
124
180
115
136
127
127
148
196
166
179
128
131
140
164
189
147
193
184
176
198
128
176
198
180
118
149
165
153
156
118
183
164
143
186
132
184
133
129
141
110
168
152
110
123
192
128
118
117
168
110
106
123
188
195
179
170
178
117
159
168
145
166
167
154
191
145
133
125
194
160
107
161
123
175
124
161
182
184
127
192
106
112
113
105
168
107
195
145
109
152
113
114
159
130
136
133
163
174
149
195
160
103
183
109
140
189
187
123
136
177
145
149
171
200
142
145
183
186
133
173
135
162
102
127
159
181
164
132
150
117
102
179
171
148
170
186
127
146
186
139
169
122
153
129
138
179
176
167
111
155
157
163
180
113
151
155
146
123
178
119
107
114
192
186
176
142
157
150
175
170
179
169
108
114
195
105
148
120
101
159
168
191
154
155
121
200
170
113
153
196
138
184
176
118
180
196
159
129
200
116
131
165
134
111
123
190
194
120
108
112
117
131
160
107
182
134
150
125
146
184
144
158
127
141
153
128
144
153
153
162
132
161
149
107
125
102
116
164
182
114
152
181
134
125
107
158
126
134
115
164
115
141
126
107
180
158
132
177
171
160
109
140
185
185
183
111
180
177
162
196
165
176
115
130
190
157
198
161
134
173
165
130
187
172
197
188
115
128
147
155
121
198
131
135
101
147
143
151
151
173
186
186
164
174
612
794
510
649
620
533
705
756
690
771
639
641
750
673
554
648
662
541
695
687
598
536
524
702
774
712
649
669
795
609
636
638
536
714
662
597
566
528
672
777
789
632
567
724
755
675
624
600
696
761
545
687
528
597
711
650
647
520
792
609
671
666
560
692
612
528
632
781
688
670
522
728
772
694
531
666
665
654
615
615
788
642
711
528
517
700
660
631
667
580
632
736
582
556
724
640
759
575
560
595
704
722
683
698
521
596
650
620
767
742
756
736
690
502
545
754
663
588
703
754
524
622
573
576
614
533
526
547
789
632
603
667
692
764
769
790
554
787
795
684
675
600
646
588
716
663
637
729
570
613
671
688
614
667
788
560
800
604
541
796
690
690
533
589
584
510
536
767
695
504
779
618
762
727
552
515
545
655
609
792
535
559
608
621
684
608
750
737
776
627
579
519
722
772
701
757
754
545
688
706
664
686
728
774
678
712
586
574
664
634
536
502
773
594
541
635
675
645
516
714
609
654
573
717
544
572
713
764
680
721
582
736
704
720
777
721
742
759
505
527
663
742
703
795
762
523
586
759
769
730
721
503
680
506
533
690
592
623
504
760
799
740
530
778
789
686
616
526
756
726
674
626
593
529
619
689
668
725
709
518
594
769
593
740
725
669
608
579
735
772
587
615
623
620
562
540
508
776
690
710
584
763
764
745
527
751
734
716
524
610
794
612
559
740
719
607
602
609
738
602
502
691
626
667
653
693
787
642
699
707
618
793
684
706
766
520
708
685
745
514
540
604
569
797
571
780
672
585
708
752
506
661
635
546
505
566
620
617
726
643
590
777
634
733
673
779
564
659
536
733
557
640
680
538
627
588
587
618
593
741
610
699
566
714
774
741
625
548
796
587
528
770
719
687
670
654
614
672
695
535
611
663
778
554
513
620
693
619
641
708
631
505
590
574
654
529
783
796
576
560
714
798
774
571
646
560
792
790
568
620
742
800
562
786
502
615
528
593
798
715
745
738
561
674
650
591
567
707
702
715
775
630
586
636
656
766
675
771
726
673
557
726
566
781
711
715
516
661
702
529
552
675
673
781
643
633
693
658
768
763
774
598
701
641
556
670
560
781
600
674
651
626
686
587
572
683
688
753
785
580
187
182
139
117
114
159
142
108
133
194
145
142
118
125
162
159
196
158
100
158
118
109
153
124
182
127
108
145
117
195
149
138
121
161
175
109
196
167
163
187
139
150
108
109
167
114
170
184
101
176
181
144
115
190
191
108
184
166
116
119
140
136
143
190
125
176
152
156
166
181
120
120
179
151
134
148
157
143
129
183
140
169
175
111
148
107
135
162
143
139
197
115
113
104
163
183
172
194
140
129
163
102
192
176
135
133
152
144
167
148
127
155
195
158
136
107
164
170
162
168
157
194
123
116
129
115
159
161
152
129
167
132
158
130
188
127
182
197
146
175
142
136
188
132
122
108
121
125
117
148
113
118
178
196
198
155
137
119
130
169
170
168
126
153
113
151
104
131
107
107
142
193
124
179
178
128
160
132
187
176
149
193
101
118
102
145
161
152
129
192
154
131
129
186
138
121
177
156
137
124
164
165
176
175
148
137
187
148
157
118
168
179
157
105
161
149
125
168
114
137
194
134
125
152
182
128
123
105
156
129
145
179
118
174
150
137
126
180
100
124
197
119
171
180
139
135
142
140
157
200
116
101
193
159
191
104
117
171
105
142
180
156
150
121
187
158
144
138
123
183
197
168
129
170
106
139
125
125
139
133
168
118
106
123
178
116
181
109
187
126
178
164
128
121
133
124
104
183
180
184
147
180
199
194
164
152
145
110
143
129
158
151
155
188
174
141
163
121
111
197
172
116
152
103
191
191
155
184
159
165
157
198
134
153
111
155
143
165
147
186
106
179
194
147
160
195
102
173
132
102
102
149
103
129
122
108
159
171
104
173
181
138
100
123
183
189
148
176
113
158
193
197
180
196
147
149
137
157
136
194
199
172
189
117
105
128
109
114
163
170
147
152
132
105
135
131
186
119
168
132
113
177
105
121
137
112
160
194
167
183
189
174
177
143
197
113
140
125
149
166
170
165
177
133
139
106
124
178
188
127
114
183
154
128
192
124
193
138
189
161
146
164
100
165
131
112
135
144
118
158
169
146
198
164
174
107
189
164
121
167
122
124
148
166
146
173
140
144
139
105
185
188
193
149
188
190
127
133
193
166
104
122
163
196
126
182
144
156
151
190
137
170
152
182
169
183
132
174
108
151
639
657
710
677
753
719
651
796
513
639
529
756
709
691
634
775
706
615
720
533
721
527
736
780
637
656
646
580
689
657
551
581
702
648
529
706
735
641
716
689
642
628
746
520
701
693
521
706
513
677
601
633
584
563
637
747
722
648
743
594
659
502
625
710
755
552
584
748
781
513
550
635
509
543
572
568
577
730
525
505
753
628
799
539
665
596
641
597
524
786
770
565
574
790
771
768
763
527
632
786
619
594
640
725
529
693
516
715
529
699
563
764
519
799
745
725
509
693
519
787
689
673
752
507
690
771
669
592
572
792
584
689
536
636
753
531
507
514
749
553
666
615
558
740
602
686
525
741
702
575
730
562
775
535
707
548
553
579
713
746
633
779
728
618
697
765
652
570
797
637
623
628
587
606
759
694
706
507
545
692
517
763
542
593
770
589
536
625
595
656
550
541
682
614
539
746
637
502
519
544
540
692
777
717
512
501
614
762
782
784
628
560
585
772
633
727
660
623
538
725
793
768
552
574
749
725
531
573
590
771
534
776
719
689
767
623
655
524
518
756
681
549
742
625
727
702
610
521
581
788
587
538
778
534
534
547
579
569
744
617
666
562
667
610
516
606
697
773
624
777
592
558
584
799
698
562
794
683
794
655
646
512
693
664
720
615
666
611
657
537
762
667
600
799
594
668
672
743
673
728
543
531
626
643
753
515
526
518
720
774
546
749
741
541
700
778
623
586
742
627
653
676
556
533
707
759
770
592
582
756
731
532
636
668
524
749
502
557
656
645
638
709
721
729
542
769
705
670
533
534
745
563
688
794
662
673
615
776
555
683
700
718
694
785
663
750
734
786
702
754
576
511
569
621
730
556
749
791
771
581
589
601
617
714
574
518
779
666
768
549
588
575
542
534
742
523
730
719
592
540
569
580
528
653
702
510
773
599
578
766
535
758
673
764
642
515
774
691
540
626
780
766
632
663
620
787
660
631
704
753
540
529
650
618
764
713
523
573
649
552
525
574
789
725
606
693
589
623
554
711
771
606
524
609
687
533
622
631
703
792
703
756
624
679
504
669
788
587
595
559
581
712
777
711
674
517
748
635
779
671
687
775
730
693
772
520
766
729
679
629
680
631
607
537
770
688
615
680
692
567
156
115
136
181
160
146
103
176
198
101
189
141
138
145
141
107
177
194
131
124
104
161
162
182
157
198
137
162
188
128
112
121
177
152
187
169
154
164
198
141
173
194
123
107
113
148
178
166
178
163
185
152
152
123
148
166
198
171
138
150
119
129
153
120
192
182
165
138
158
185
165
169
104
122
132
190
185
103
187
145
188
142
200
149
132
162
193
182
116
182
154
131
178
166
174
142
111
129
129
180
189
140
166
197
116
174
166
138
166
199
152
125
119
114
162
190
160
199
163
178
115
102
105
121
141
136
186
127
153
128
138
145
129
189
184
197
192
172
121
173
132
113
149
140
124
133
167
173
161
164
100
177
163
136
156
163
184
159
103
126
169
116
110
172
196
146
167
171
174
113
110
148
155
156
200
139
171
142
144
128
150
167
192
177
178
125
191
132
105
116
123
101
199
139
174
139
147
180
157
166
123
147
131
200
186
101
155
155
138
130
132
116
146
121
152
161
171
109
111
107
198
189
181
108
110
180
137
166
115
105
168
106
141
149
189
164
188
150
196
144
105
109
110
166
174
111
114
129
121
189
113
161
184
113
139
197
168
128
168
108
150
150
185
173
150
104
117
131
102
177
128
141
176
176
123
123
118
188
104
160
101
137
147
126
140
199
180
141
129
117
135
173
158
105
171
116
179
123
130
129
112
101
185
145
197
119
128
181
122
139
150
193
166
129
169
128
137
136
115
173
171
184
135
158
152
180
116
197
116
112
189
199
117
117
193
112
156
136
176
144
171
152
105
143
172
188
151
137
137
156
123
185
177
120
195
117
178
151
162
153
152
133
187
117
186
117
139
167
127
135
114
152
104
138
175
110
138
130
150
184
106
156
142
119
115
108
136
130
176
139
132
154
185
130
174
131
118
122
136
198
199
152
119
109
176
109
105
166
107
183
109
121
139
138
186
151
115
113
124
102
142
142
183
196
176
130
167
110
196
192
156
167
102
180
186
186
169
188
151
195
186
126
141
152
141
200
127
116
199
119
160
130
182
139
170
139
168
141
166
182
198
156
110
187
167
175
103
142
165
123
178
159
121
170
121
119
141
194
123
154
149
176
177
104
141
195
108
189
196
127
177
124
136
176
121
164
185
127
162
152
770
796
504
781
707
790
786
773
677
751
793
788
642
664
541
595
661
793
564
594
534
739
782
732
676
700
753
666
790
780
587
509
749
609
775
610
729
603
651
631
617
786
654
730
511
785
534
713
727
618
625
516
511
731
725
759
706
750
548
697
520
509
769
606
600
574
723
633
766
665
579
702
669
647
562
764
513
768
747
688
689
670
798
563
671
679
686
762
513
679
728
661
725
601
670
735
787
701
636
741
622
547
739
649
654
644
589
553
662
649
670
724
625
658
640
754
504
576
678
786
646
668
685
631
759
675
524
757
529
709
543
517
694
606
613
529
564
720
644
532
755
625
769
571
643
531
640
755
605
693
577
643
506
689
750
577
555
566
765
759
743
507
700
791
788
625
598
718
579
640
794
708
568
565
522
632
690
515
621
690
569
582
651
628
529
738
777
766
771
744
729
561
798
790
549
719
650
630
599
684
617
725
684
794
703
669
534
605
528
784
757
586
654
781
692
618
639
574
704
650
625
663
559
576
791
529
621
605
562
747
555
633
723
783
759
590
605
784
660
642
671
663
613
748
699
669
800
723
519
503
774
644
601
791
795
735
663
522
753
734
538
566
698
781
643
542
688
578
596
518
582
744
630
587
507
553
783
584
755
709
638
625
768
617
579
717
641
653
563
768
676
585
688
639
558
526
541
539
578
623
648
643
648
678
625
525
646
507
698
668
649
610
662
528
593
551
619
771
746
765
652
594
732
590
584
508
591
564
747
556
690
627
778
667
606
669
779
784
687
642
560
708
777
557
711
734
516
737
674
640
545
576
635
789
784
724
715
584
717
582
744
666
606
739
658
707
535
575
757
550
628
635
588
799
644
727
609
620
740
727
694
779
729
514
670
658
631
510
626
672
573
690
582
668
713
662
678
669
679
625
704
631
620
756
563
604
592
703
797
798
673
678
769
723
683
776
737
702
780
601
626
546
527
709
772
524
734
603
678
514
602
736
636
737
602
735
627
538
776
619
701
579
748
772
709
740
668
697
504
521
535
696
744
782
579
799
741
770
592
713
621
599
585
649
731
513
634
605
630
533
617
600
746
790
778
556
500
658
596
588
775
767
772
644
544
633
511
665
712
757
796
537
521
531
559
640
515
654
549
776
