172
130
139
177
182
154
186
162
174
134
185
120
170
139
142
129
191
194
194
182
166
134
134
110
185
169
162
198
128
189
184
148
131
128
176
178
128
181
178
157
157
152
197
116
151
147
195
150
146
144
122
138
191
179
170
186
104
124
176
175
110
134
158
183
151
136
191
166
132
117
128
188
148
116
182
126
161
111
114
152
159
126
107
101
122
153
128
117
145
102
140
160
170
141
173
116
106
198
195
146
130
113
112
113
143
106
197
182
171
129
135
129
105
185
198
180
191
155
196
110
118
143
121
161
119
152
147
105
195
149
149
104
106
115
185
139
174
140
165
115
147
194
133
183
177
167
148
189
170
122
133
189
141
129
104
106
128
186
148
169
177
179
184
171
189
104
127
105
157
114
158
142
141
151
106
118
195
181
166
161
171
112
167
156
154
118
129
166
199
197
183
141
155
106
148
164
152
186
114
132
145
189
111
156
182
161
101
183
172
109
187
168
190
136
153
155
196
199
125
132
140
116
131
175
143
154
102
195
184
174
127
108
199
119
151
135
121
166
135
150
121
105
125
141
101
117
166
118
152
151
199
194
120
190
112
136
145
101
154
125
129
155
126
177
168
146
170
157
153
106
124
184
165
181
128
105
188
194
131
124
189
125
149
148
147
142
153
125
136
168
177
155
192
166
193
149
188
200
105
115
120
124
146
167
129
101
142
169
143
150
170
176
124
101
144
123
177
183
189
185
187
178
122
191
109
182
192
144
190
170
116
196
142
115
157
190
187
179
112
165
165
163
199
142
166
117
193
196
108
139
183
138
181
129
126
111
118
133
198
186
111
179
174
167
160
105
153
172
115
106
195
175
123
172
195
101
129
152
110
100
158
189
152
129
160
186
172
182
174
106
170
153
193
112
160
109
149
200
152
152
123
181
152
189
185
138
194
184
129
138
125
116
102
127
130
147
175
160
155
173
139
120
133
110
128
185
197
184
121
155
182
154
119
134
181
163
141
189
170
184
110
110
181
156
114
101
155
165
164
133
163
173
129
184
173
152
121
169
105
163
128
174
107
143
101
186
133
166
182
172
144
130
166
107
198
148
187
147
179
134
110
131
165
185
146
138
117
196
110
136
128
102
134
153
115
130
109
126
179
179
692
518
629
533
751
517
736
700
619
691
799
698
644
538
568
761
614
664
667
501
726
636
500
506
750
574
720
540
738
572
772
766
687
707
686
701
743
795
567
564
589
734
797
786
593
604
649
567
731
681
526
668
579
630
635
573
568
754
541
523
633
584
665
664
690
584
747
623
556
757
793
552
768
681
591
669
707
656
540
551
650
800
507
674
615
571
577
668
556
522
522
766
510
619
694
621
514
718
539
690
532
711
596
529
702
612
766
713
623
739
514
729
581
712
529
611
679
778
772
576
570
794
698
760
693
764
706
690
521
641
555
569
778
774
701
727
650
671
643
621
731
694
687
633
556
627
752
708
543
665
630
773
598
503
524
539
711
628
568
761
777
701
503
708
774
724
531
788
578
657
691
720
747
659
606
793
556
707
655
798
520
556
767
782
776
707
562
732
758
584
576
635
502
538
552
512
711
776
735
562
736
684
648
747
574
633
674
603
764
649
748
649
612
514
661
617
712
514
565
665
573
759
568
672
511
705
507
710
609
601
676
563
676
648
557
517
540
742
652
624
788
673
589
745
738
610
559
795
684
659
609
544
630
684
770
560
748
622
601
595
721
571
613
742
616
727
720
764
800
565
509
663
560
698
774
678
655
685
753
527
785
594
591
616
606
506
776
800
661
682
702
630
523
615
650
545
722
652
732
771
516
777
694
502
763
650
797
752
556
514
533
768
755
789
689
691
766
508
747
797
622
691
707
546
680
576
576
742
571
694
650
565
734
691
662
661
633
558
578
697
553
522
654
549
522
644
511
770
685
508
698
636
563
785
669
548
536
704
746
544
589
619
589
638
665
555
755
618
562
606
668
505
574
581
736
592
671
550
729
774
677
633
640
746
648
568
791
590
541
588
633
555
551
664
783
668
517
633
769
671
599
559
546
672
561
594
619
613
788
642
744
666
640
658
639
734
504
545
639
633
574
740
725
775
771
537
622
798
684
544
630
740
751
649
733
738
630
671
541
627
738
514
525
555
525
741
583
622
793
561
738
531
734
741
751
733
588
610
615
698
706
542
787
687
732
771
670
507
694
690
604
543
564
711
695
577
792
716
758
695
539
548
540
544
789
649
693
594
699
685
767
671
638
562
646
683
757
728
715
661
151
164
184
140
164
101
193
143
144
138
135
130
165
173
159
191
136
132
181
191
150
138
197
160
142
103
197
186
105
131
141
136
106
135
160
199
140
150
146
177
105
100
192
115
109
141
142
111
141
192
188
191
183
116
155
127
105
136
125
113
103
153
196
191
191
147
194
160
145
191
116
196
147
132
184
145
193
121
103
119
162
113
161
152
188
140
136
187
106
132
169
117
128
150
123
198
165
108
133
194
182
169
110
122
184
115
122
176
132
156
115
184
181
176
172
146
135
198
113
173
159
173
152
182
142
194
104
142
131
153
178
134
191
121
133
136
137
199
136
113
132
139
139
112
199
110
141
141
186
130
154
133
141
108
101
132
166
159
167
121
108
187
141
184
112
195
166
196
190
184
179
121
114
127
175
174
154
127
189
106
187
169
133
135
130
168
137
148
143
190
148
156
157
101
182
118
156
193
134
125
119
137
113
116
175
135
119
144
139
133
129
145
186
162
109
101
108
179
196
200
185
161
181
145
153
176
135
136
150
106
125
103
132
130
192
105
125
104
176
158
109
163
170
158
153
153
122
197
176
138
158
119
199
123
189
105
106
140
170
157
124
100
118
118
170
181
112
139
164
166
193
128
101
100
107
154
192
101
147
130
144
149
185
192
147
105
136
171
188
140
116
169
117
134
112
196
124
193
119
161
174
166
144
155
143
115
118
139
147
135
153
133
116
147
194
140
175
189
170
149
128
171
143
169
132
132
174
185
165
137
128
112
117
141
169
140
122
110
163
196
110
175
145
124
147
102
168
185
172
111
135
172
132
155
175
196
109
158
178
134
145
168
128
112
146
127
189
181
107
189
128
115
153
191
147
168
102
176
118
145
114
140
105
155
193
171
191
185
179
158
144
116
181
160
184
155
179
109
137
117
107
154
158
100
140
113
147
111
178
116
145
189
107
151
135
149
177
117
102
158
106
110
146
154
142
173
139
130
113
156
132
128
140
103
149
161
181
197
105
130
164
112
147
175
113
139
197
184
138
126
116
192
165
144
116
107
114
175
102
191
181
187
169
167
190
193
141
108
125
165
118
113
187
104
170
149
134
116
109
192
162
178
135
105
128
113
151
177
185
124
114
121
178
132
165
161
164
121
154
131
732
500
710
790
636
695
523
517
582
645
778
630
792
560
621
774
589
612
599
635
557
769
608
574
635
515
652
720
615
617
682
507
518
770
689
601
581
796
776
755
651
642
665
656
789
697
669
690
760
507
662
657
644
642
509
701
693
750
541
528
558
664
564
526
721
638
619
513
746
603
695
589
766
628
578
630
623
663
701
528
531
646
525
734
538
665
574
536
640
643
625
557
653
772
526
633
569
658
752
787
557
569
562
743
631
717
635
731
739
623
708
745
688
547
706
646
796
777
667
595
521
785
790
729
512
648
779
716
693
619
549
550
704
688
773
593
508
561
705
548
507
510
502
588
679
715
620
737
537
616
515
627
635
559
570
665
569
688
765
662
510
688
656
623
607
615
664
591
765
650
654
644
648
509
781
702
510
549
639
672
698
575
759
679
649
523
673
503
712
556
639
698
765
662
523
790
675
660
751
554
761
533
641
743
578
676
741
579
627
774
603
704
621
758
684
520
586
685
766
548
770
680
516
702
518
683
551
760
638
599
660
578
592
754
541
636
692
693
560
696
511
689
642
692
614
546
504
664
502
687
548
649
753
680
560
600
797
750
537
793
562
521
560
742
645
664
569
702
514
796
735
614
571
757
737
706
779
551
718
591
548
596
594
638
751
554
529
624
637
784
545
662
795
640
771
785
605
517
747
579
671
574
637
667
537
591
537
625
549
740
543
571
686
547
615
733
593
697
668
582
623
761
675
579
687
599
648
583
569
680
692
512
574
637
796
524
780
781
705
783
577
574
509
689
757
660
717
618
771
504
594
648
529
794
702
788
617
792
542
575
559
556
574
615
763
536
511
586
629
762
621
696
581
657
793
590
738
793
554
514
737
658
667
526
509
614
709
701
787
733
546
754
508
531
706
634
778
541
501
778
691
506
559
637
655
510
602
564
693
778
624
788
705
776
605
548
513
527
602
663
663
564
763
797
694
672
612
687
657
689
551
748
665
656
717
785
532
516
768
607
527
514
643
718
547
625
727
792
624
503
796
763
526
516
527
553
521
660
676
542
556
791
768
713
589
713
527
711
663
780
694
772
759
527
581
633
696
688
584
790
507
658
563
507
597
775
614
752
506
565
604
651
510
784
512
535
601
601
654
516
190
193
151
187
117
167
113
166
137
179
176
104
198
176
150
178
143
139
166
107
165
109
195
199
139
187
127
124
146
115
132
146
188
164
163
191
180
177
126
148
165
182
199
136
108
149
111
104
151
102
182
137
186
173
104
122
145
132
102
142
106
112
183
135
179
147
197
138
184
182
179
153
107
199
127
111
122
119
158
174
156
199
101
156
194
129
186
199
169
197
174
139
199
130
119
163
121
198
185
154
164
167
155
175
125
147
124
116
150
161
150
146
130
154
160
181
108
122
161
155
126
149
191
169
110
144
191
133
178
157
110
121
142
193
171
156
156
105
195
133
147
135
108
190
101
167
192
115
193
148
199
167
112
131
153
177
128
122
104
191
117
171
195
114
163
126
140
143
111
177
151
104
129
171
154
171
193
152
109
146
193
100
119
189
196
113
182
164
181
154
157
195
150
109
199
153
169
141
103
185
138
191
123
135
199
148
126
120
184
131
111
137
156
171
162
114
167
171
195
115
150
196
119
114
163
134
152
200
191
163
194
122
174
173
181
156
119
103
126
114
126
151
194
187
159
134
183
160
112
198
127
191
196
158
171
189
145
130
130
139
188
185
112
137
171
198
109
179
185
115
121
153
160
105
137
177
168
149
190
146
185
126
143
186
148
199
136
113
180
134
178
112
156
147
122
109
188
111
130
198
145
188
196
118
158
138
184
175
171
131
192
169
128
188
136
164
147
198
148
169
163
158
162
155
134
200
153
183
176
117
166
104
149
134
117
186
134
172
181
109
142
144
152
137
180
136
183
124
172
116
179
177
188
129
127
127
142
160
179
174
109
167
177
143
109
130
186
151
156
195
117
196
142
182
110
136
171
151
197
199
107
146
165
155
172
102
191
123
128
186
183
157
100
146
112
114
166
169
182
152
138
188
108
103
102
133
147
103
174
104
113
145
143
174
171
111
122
178
195
148
161
128
181
157
188
175
174
185
127
113
118
111
193
158
174
198
123
121
138
189
187
103
137
138
196
174
107
120
168
130
172
186
103
163
117
157
129
111
121
185
116
106
168
135
110
139
125
151
107
193
169
173
118
140
149
104
179
176
105
137
161
130
177
124
155
148
179
159
199
106
138
118
181
182
154
132
142
182
172
188
502
641
689
655
593
762
684
570
610
658
523
792
688
542
707
528
603
717
781
684
643
709
574
613
762
681
766
550
770
753
779
673
539
516
663
661
589
633
730
762
592
652
699
601
558
716
623
679
791
504
716
527
541
666
652
569
585
757
630
778
742
592
636
617
769
691
620
734
540
725
609
572
667
577
516
551
527
728
682
620
635
763
619
672
764
551
798
776
776
661
605
645
617
667
665
758
791
694
731
512
785
712
652
746
700
509
763
719
711
524
635
692
735
547
600
698
592
584
764
717
779
687
585
562
719
652
529
685
741
560
631
750
613
531
777
685
688
650
580
518
705
731
645
776
773
702
795
501
749
786
732
517
626
696
610
649
548
602
679
644
741
558
681
728
607
777
643
506
578
742
684
746
584
510
623
793
769
620
606
629
511
643
576
727
534
731
799
674
524
566
531
657
615
662
698
629
683
588
709
566
624
710
682
562
518
697
541
576
561
749
529
589
695
576
573
572
666
670
610
779
718
726
672
753
557
764
761
590
504
617
768
760
779
644
511
522
743
713
587
573
787
581
506
647
759
747
568
581
572
685
700
761
501
651
560
538
605
622
789
734
716
518
624
571
571
639
658
787
691
613
539
733
665
642
780
695
760
625
631
774
622
703
724
695
537
586
709
591
745
646
600
783
639
623
696
697
691
679
597
570
796
581
554
740
771
583
771
521
508
775
562
544
752
738
672
753
635
741
729
555
517
754
685
734
533
673
728
639
530
789
748
511
568
734
775
790
664
687
756
674
591
693
771
732
747
556
651
634
560
619
529
649
614
661
534
547
547
569
717
631
643
571
799
657
723
556
689
750
781
727
573
691
549
556
687
730
588
771
578
667
676
613
702
537
771
727
607
502
522
685
645
786
719
771
705
555
534
697
767
688
640
798
637
671
754
547
524
764
525
565
501
663
616
646
791
669
725
578
798
635
604
675
667
671
615
636
547
730
560
663
659
792
684
575
519
753
598
620
521
696
718
777
510
673
532
758
716
725
680
700
619
713
731
670
705
564
543
598
629
694
620
623
688
670
706
788
715
514
766
769
582
786
698
692
716
509
623
709
507
535
775
584
506
619
550
581
662
686
666
627
588
533
580
625
682
566
682
547
737
726
109
113
116
193
114
192
161
128
108
105
167
138
156
195
150
129
172
164
116
172
199
146
196
148
172
163
118
194
170
104
126
191
191
195
177
199
189
155
178
128
123
106
187
152
130
149
145
124
196
118
149
122
119
167
134
192
163
134
109
120
192
154
167
181
112
146
187
102
120
126
129
194
102
125
174
156
114
121
111
154
127
121
107
122
129
165
117
193
159
193
160
168
168
157
169
171
104
104
108
117
188
130
176
100
135
153
134
160
102
124
167
168
111
172
160
122
181
175
164
156
129
102
186
184
146
177
180
164
152
128
158
108
142
129
156
140
115
188
117
168
113
109
118
194
148
143
106
179
127
161
138
174
177
168
113
157
180
112
149
112
191
154
109
185
125
167
159
159
182
147
200
162
173
117
168
190
144
186
130
129
200
174
146
168
104
147
128
115
128
127
174
105
167
190
133
164
150
161
102
158
143
177
121
174
132
171
200
106
169
141
118
196
167
166
188
179
190
136
110
125
174
197
181
109
159
181
195
114
135
143
134
141
122
140
200
172
170
155
196
178
200
127
169
108
181
166
154
164
114
186
165
130
118
105
179
115
133
124
191
182
107
187
171
173
118
188
137
105
133
147
190
122
157
105
160
177
107
140
177
177
152
130
156
177
150
149
179
154
164
157
147
158
137
166
115
130
174
181
147
179
169
167
126
129
175
141
184
160
104
140
130
168
186
104
129
103
152
132
147
180
192
174
144
155
135
193
134
141
127
140
171
131
197
135
146
161
153
195
126
194
198
192
163
167
172
165
115
146
116
112
102
187
146
174
137
175
114
133
138
135
118
161
195
134
101
159
105
187
121
199
152
161
111
152
135
152
166
166
179
194
183
157
145
186
196
104
142
124
128
105
148
183
157
193
147
142
124
139
160
116
142
144
109
144
187
141
129
123
185
148
163
159
164
105
161
162
167
112
123
199
110
121
169
156
102
168
174
179
198
140
193
199
172
169
187
136
162
188
115
124
136
162
166
122
180
185
164
171
164
156
189
160
164
181
158
166
161
153
128
118
137
160
189
116
190
191
137
140
195
156
170
110
152
137
184
176
110
138
133
161
123
177
156
132
197
167
157
139
104
160
175
124
133
132
164
107
186
119
181
110
757
617
600
554
536
668
745
730
713
782
584
573
555
596
608
733
792
564
771
736
645
778
590
544
547
541
517
634
518
513
526
630
620
625
539
537
711
544
693
566
518
535
516
552
611
732
564
520
506
684
684
635
563
593
624
545
603
520
632
751
747
506
713
693
510
797
537
571
673
630
576
571
699
625
500
687
788
526
721
569
546
601
509
764
641
504
502
695
559
565
685
688
554
704
792
607
693
702
683
554
568
710
598
727
699
753
678
549
666
642
767
509
654
711
522
699
678
716
691
643
693
594
627
540
672
780
767
779
609
721
670
701
739
722
570
800
628
510
533
735
501
684
562
658
799
732
522
526
593
643
563
583
605
647
723
629
545
601
686
730
672
685
688
546
777
568
791
754
671
704
552
783
759
724
736
528
547
691
620
729
643
710
684
575
635
774
733
712
778
718
654
597
527
691
577
750
605
710
658
558
702
613
592
732
620
794
710
558
587
579
550
673
779
668
543
630
527
793
571
605
694
696
683
527
659
738
540
765
786
527
522
668
724
757
728
513
725
503
544
602
549
642
610
687
617
565
757
638
750
620
757
618
738
711
750
507
554
758
683
696
517
517
754
625
557
714
692
703
744
659
609
502
682
661
625
580
670
725
537
605
505
532
800
515
657
507
532
622
611
755
634
513
777
724
586
515
626
785
532
555
646
643
681
546
624
796
731
682
546
748
502
706
695
625
673
762
739
578
598
691
591
710
684
550
685
773
706
600
606
527
549
510
645
647
621
596
628
677
610
636
609
792
693
732
513
529
729
732
526
614
675
700
629
684
594
750
762
766
676
545
676
788
575
707
569
555
781
521
600
608
798
533
503
762
660
659
571
715
777
710
555
597
545
608
759
686
648
633
567
641
785
677
752
640
563
701
608
637
760
631
541
649
762
619
656
643
654
684
652
753
756
553
768
709
572
612
648
787
760
562
703
737
657
672
765
567
554
612
602
537
516
713
507
694
754
665
619
601
753
752
684
555
576
608
581
616
638
674
667
587
672
766
765
593
767
700
502
638
658
577
594
565
569
649
760
505
712
514
639
786
596
627
782
539
798
755
607
688
728
792
579
692
677
764
715
784
610
518
511
756
505
579
782
740
731
571
523
690
517
521
139
160
196
164
190
128
154
126
190
181
117
102
115
108
154
115
144
174
183
128
176
147
191
177
101
152
195
149
184
132
197
135
108
117
175
196
167
136
165
110
135
120
116
144
152
180
192
150
150
124
177
188
129
144
157
195
178
114
199
107
127
150
180
197
193
186
111
125
193
161
161
175
144
171
182
134
109
119
185
180
183
167
116
101
117
167
168
176
122
106
141
106
195
127
155
195
139
140
187
168
148
183
200
151
107
187
108
147
130
118
170
144
163
103
192
145
111
169
172
155
129
177
140
166
140
146
147
117
163
158
109
186
128
168
107
139
179
175
113
103
106
177
185
151
193
156
158
115
121
139
177
180
135
198
186
133
160
124
193
182
134
118
164
135
110
103
198
192
197
176
152
160
101
188
135
141
164
188
140
126
175
185
151
162
107
140
191
163
122
105
124
153
122
165
107
117
161
105
135
171
188
187
148
147
194
162
185
175
140
109
189
198
185
138
188
118
182
170
198
170
107
165
196
182
113
102
165
130
189
189
102
118
120
133
126
174
117
116
198
138
198
138
144
109
176
149
145
180
165
194
117
121
191
193
146
127
106
144
110
116
173
106
114
145
150
172
170
139
181
176
155
199
115
126
137
169
138
157
136
165
156
152
164
124
175
120
137
123
122
116
164
143
179
172
153
163
175
106
163
198
128
101
127
176
148
186
176
152
146
186
159
184
147
150
165
186
191
167
150
191
169
109
163
111
133
168
118
120
158
124
102
199
123
162
130
179
134
131
126
183
136
110
154
176
146
111
127
167
193
158
104
165
155
173
119
179
135
161
120
174
112
160
196
109
182
178
165
135
150
198
195
102
143
191
182
102
139
184
180
131
195
150
159
100
197
125
168
183
173
162
140
112
109
109
109
118
165
170
160
123
171
101
115
163
108
193
184
196
120
145
121
147
189
195
117
138
179
156
152
149
184
133
140
101
180
140
122
132
194
138
145
142
119
171
149
166
185
119
198
186
107
184
147
128
167
149
143
112
118
138
181
193
136
143
174
122
186
117
188
150
189
174
136
178
178
186
138
188
127
103
125
167
130
110
160
121
120
113
200
116
144
114
196
138
188
162
126
142
156
190
108
198
195
104
156
194
151
114
168
113
617
785
782
508
637
523
697
652
558
699
613
700
649
773
677
648
710
646
562
546
738
793
636
596
693
744
749
737
531
785
630
571
524
559
507
576
696
577
760
511
692
636
506
599
542
657
522
551
599
530
569
614
723
641
679
786
607
677
632
728
588
779
738
564
510
771
583
726
537
790
754
627
736
608
734
575
720
558
738
720
557
623
669
626
554
565
557
644
628
757
683
615
607
608
690
770
727
768
795
758
587
575
773
758
742
639
698
527
626
709
689
546
621
624
748
648
531
731
525
663
583
699
632
675
611
539
692
691
711
768
681
757
767
739
614
603
625
571
524
657
706
526
651
702
530
645
696
634
682
783
531
691
515
789
691
583
553
770
687
502
572
563
567
772
644
785
666
694
644
722
656
786
600
566
537
697
551
784
669
569
708
724
592
606
645
747
750
698
779
750
513
670
706
634
511
538
559
552
611
673
515
782
541
753
775
625
715
783
548
660
519
768
547
788
729
722
703
715
708
545
749
660
583
644
602
798
776
653
544
758
599
724
542
645
765
633
755
665
714
677
535
685
529
643
673
759
594
690
605
653
535
753
662
768
693
795
793
741
625
568
688
632
582
502
630
507
514
697
629
582
582
665
799
539
699
529
572
760
767
513
762
538
752
635
791
754
751
763
651
578
506
709
505
743
579
519
686
664
510
731
530
738
568
735
795
790
530
739
618
648
644
795
720
755
734
549
671
777
514
696
756
760
791
726
552
607
565
638
723
770
766
508
712
643
524
786
635
641
594
638
502
772
681
746
563
558
681
501
549
787
800
641
715
646
744
676
794
574
580
752
736
519
600
651
505
700
547
788
712
703
688
543
689
584
726
777
590
628
560
749
565
511
614
537
744
705
791
705
681
747
606
583
718
527
539
662
549
730
791
778
695
682
620
739
712
643
573
644
730
658
735
707
558
550
645
737
706
623
625
727
553
644
800
634
595
708
663
746
556
516
766
766
780
586
557
710
545
633
604
636
689
768
566
708
649
639
784
653
705
717
683
681
596
769
601
657
675
739
775
507
752
733
723
618
711
535
691
629
770
615
613
626
511
761
777
635
545
666
590
793
548
708
726
665
544
729
705
636
720
561
632
799
602
735
763
706
736
758
752
735
139
180
131
160
138
185
138
143
153
115
150
137
128
185
149
127
157
122
146
139
148
118
114
119
160
163
159
138
154
113
153
111
189
200
184
108
151
121
136
150
167
183
194
156
121
163
186
109
115
116
123
143
132
181
151
104
185
102
124
116
116
122
129
182
139
126
159
130
130
124
189
159
156
199
125
109
145
196
110
136
109
110
146
156
121
179
158
164
153
171
173
171
144
186
156
180
172
156
173
197
181
153
105
111
127
161
128
104
105
142
162
123
102
135
191
163
166
139
199
128
193
182
196
119
165
152
161
107
123
170
188
110
147
170
164
161
142
150
109
139
172
151
199
167
111
110
198
178
197
117
115
153
195
129
123
109
191
180
115
180
111
129
127
184
167
164
106
130
129
124
106
108
174
117
143
160
122
199
114
157
102
158
106
151
129
165
186
193
123
153
148
127
105
152
101
199
131
196
105
123
169
107
191
197
130
127
199
181
116
104
101
151
115
102
116
172
100
157
107
178
194
196
146
154
101
139
134
131
108
156
120
132
151
122
109
190
113
111
154
176
109
187
195
152
159
182
105
122
129
185
160
156
185
153
156
190
171
121
157
129
150
112
122
140
139
153
138
142
110
106
139
112
195
198
109
157
181
196
168
195
170
117
104
150
172
128
138
196
104
185
103
135
123
197
171
176
167
129
126
194
132
130
188
133
148
132
151
181
101
188
104
119
183
194
191
123
115
155
183
196
184
151
197
126
159
104
176
146
130
178
154
186
180
131
141
137
163
130
174
164
103
172
134
151
120
151
138
116
164
125
103
167
122
133
126
167
131
191
148
136
145
104
187
143
135
171
145
153
130
121
115
111
108
104
155
164
176
151
111
118
158
199
191
110
110
123
166
150
168
193
178
131
121
194
160
124
101
145
172
118
198
113
151
113
189
129
137
147
173
102
116
167
109
111
122
175
136
121
198
175
175
139
132
130
135
111
130
143
134
130
141
196
144
130
183
191
167
149
101
193
195
114
160
161
138
192
159
177
120
159
115
158
139
116
127
158
122
193
112
125
182
175
167
172
121
162
160
168
196
122
176
147
144
196
174
131
119
149
119
196
162
114
147
183
136
116
132
153
188
192
159
125
133
197
156
186
149
162
153
119
775
642
599
776
556
529
513
552
576
539
586
564
680
653
546
578
652
785
574
557
633
785
592
794
538
682
789
791
568
532
514
535
695
615
782
773
612
752
746
750
688
616
636
528
558
638
582
782
512
606
554
716
689
528
592
660
728
505
527
523
674
776
547
734
526
593
535
532
703
773
671
579
602
652
721
661
665
573
755
786
799
671
653
517
541
713
513
727
651
645
716
500
658
683
743
618
502
559
767
567
721
660
701
705
583
725
790
744
709
624
705
671
690
589
537
796
719
612
572
773
579
573
672
728
639
502
755
671
780
584
683
554
683
728
551
672
693
749
797
606
561
712
648
764
502
609
796
672
654
683
705
595
505
593
686
733
760
644
746
610
657
537
531
677
753
501
696
513
704
708
500
727
775
500
768
794
701
567
575
608
743
697
674
774
684
692
692
610
583
608
618
735
581
530
528
635
672
727
537
564
521
574
618
722
657
761
783
582
533
705
644
782
797
518
584
509
529
551
745
509
761
513
524
565
585
621
689
660
749
577
596
663
606
599
741
610
787
717
708
637
670
781
555
655
504
531
551
774
688
677
518
634
729
581
658
672
717
541
594
649
787
518
688
724
724
511
745
576
680
514
614
588
549
514
595
619
523
585
703
727
570
712
541
529
530
669
570
607
565
689
625
754
626
526
633
669
661
607
767
779
562
551
777
697
528
674
671
744
766
773
612
770
585
554
554
600
725
609
701
640
777
654
778
731
531
503
656
587
798
767
556
567
768
708
775
706
706
626
612
642
562
653
690
580
759
607
547
554
554
611
503
644
668
603
744
797
720
653
642
624
559
608
760
551
612
637
633
686
769
645
554
600
717
703
582
719
734
695
749
575
505
512
575
631
701
656
523
658
786
612
768
575
689
570
581
794
692
612
765
769
734
522
734
638
696
780
706
579
704
675
721
779
661
635
711
571
738
791
547
643
532
656
653
510
720
633
786
696
663
699
515
648
666
502
752
511
563
580
578
622
678
723
505
725
538
708
675
538
678
680
610
573
771
734
696
565
638
647
671
749
687
626
660
629
710
731
557
543
701
646
586
714
608
604
632
516
677
644
579
626
663
763
765
583
763
749
538
737
514
648
772
797
789
555
554
637
584
622
574
604
192
183
153
196
134
108
114
164
117
161
175
126
185
181
160
109
130
162
187
198
124
196
117
198
112
193
121
175
108
176
114
135
175
150
198
143
125
183
171
108
141
122
198
194
113
136
145
140
153
122
121
146
131
154
179
112
160
175
184
129
183
160
174
135
130
195
165
134
144
170
150
112
130
105
181
186
192
160
136
190
113
118
188
120
181
111
102
137
175
101
109
128
149
181
171
106
164
195
182
119
154
142
122
174
186
137
165
100
184
188
196
186
186
160
165
166
190
143
165
172
168
111
133
158
159
142
109
104
152
160
119
138
121
184
106
114
103
129
150
158
170
122
126
128
144
197
170
144
146
187
119
189
184
190
117
104
117
196
185
111
114
170
112
176
187
130
184
198
158
106
145
151
166
113
164
145
185
110
170
144
168
184
191
188
196
157
194
105
184
193
108
108
151
190
167
195
118
190
175
168
163
167
152
101
184
186
126
172
135
121
169
125
105
187
154
149
131
107
198
147
114
145
196
149
193
200
155
157
188
135
136
171
136
117
163
111
168
107
107
127
128
111
114
153
124
151
162
190
118
194
129
160
141
190
184
165
193
142
119
133
162
171
199
160
104
142
124
129
108
128
180
198
179
120
151
191
164
167
139
146
149
198
126
100
189
177
179
155
111
160
185
128
138
152
135
122
198
129
145
143
197
109
121
152
166
191
160
197
106
152
177
174
136
190
103
119
104
138
150
191
109
126
185
198
184
115
188
160
191
178
147
174
186
170
118
191
185
149
124
133
171
151
174
107
148
171
155
104
188
113
164
147
139
185
179
170
178
195
157
156
121
115
177
109
178
153
136
115
182
196
189
152
153
174
145
190
126
138
199
108
146
148
181
121
169
121
129
198
185
145
180
190
110
160
119
156
115
153
196
195
174
185
122
131
116
123
156
119
178
170
143
116
104
122
192
189
117
108
167
121
130
191
199
117
110
107
110
106
186
174
115
126
190
124
144
163
118
194
127
122
186
109
199
156
189
167
188
140
198
190
136
124
185
195
129
167
171
179
182
199
137
135
118
157
126
102
122
156
199
190
141
126
193
128
125
127
169
176
167
174
116
162
119
171
111
142
125
196
113
163
184
128
195
144
103
200
193
121
107
148
744
764
608
740
603
759
631
767
720
663
679
658
522
653
651
537
613
502
651
553
637
653
713
667
645
532
638
607
763
504
589
770
738
728
718
609
691
759
551
557
686
725
578
655
606
707
762
758
641
786
714
780
652
557
518
561
558
536
562
678
521
772
764
626
518
567
725
743
606
752
697
718
534
722
637
674
595
501
686
530
561
712
760
753
540
770
737
604
541
656
589
703
690
685
692
674
787
783
509
633
550
792
621
716
534
687
578
614
772
602
731
704
695
714
595
545
740
552
555
707
769
581
702
767
755
784
686
512
726
564
603
670
761
763
522
700
774
558
792
607
604
623
698
662
662
786
735
536
550
520
780
511
683
601
666
672
633
798
755
570
699
715
756
514
688
773
639
612
771
747
728
743
780
718
639
634
596
723
572
784
560
638
788
565
718
629
711
756
540
750
633
659
764
736
733
583
572
738
686
574
681
700
580
762
557
739
698
542
558
537
617
568
735
722
673
676
682
729
731
516
787
689
787
669
530
623
775
591
798
630
734
548
712
581
551
744
655
635
552
507
601
513
520
569
672
611
741
511
700
609
524
526
606
601
568
582
526
790
665
582
722
560
734
718
613
518
629
704
605
674
534
755
781
738
751
584
800
691
738
608
597
735
756
787
590
636
632
762
573
748
706
561
763
569
751
672
580
600
659
546
759
519
633
588
524
591
640
785
626
661
768
770
600
605
763
546
712
726
672
653
527
631
787
507
556
675
769
543
581
588
546
668
519
768
793
681
730
629
770
677
578
784
600
716
760
791
629
655
564
781
536
620
795
752
540
700
508
713
669
542
556
686
627
679
563
592
592
741
514
712
529
722
695
514
730
514
767
748
576
724
598
557
570
678
557
723
584
571
746
767
758
627
638
686
544
771
683
627
541
509
565
581
534
641
679
705
621
663
574
557
515
772
617
755
791
678
647
553
731
551
560
735
737
550
610
701
708
739
578
706
605
610
688
700
763
690
637
678
514
791
783
630
531
609
636
683
697
528
648
800
661
525
535
796
771
610
635
543
639
689
607
544
777
775
793
528
609
781
655
634
671
730
786
556
667
690
727
622
568
638
726
623
764
689
747
764
508
662
690
620
509
731
745
527
745
633
629
538
756
590
132
170
176
195
130
169
180
163
105
112
137
120
105
110
163
134
180
146
121
180
121
182
118
187
147
198
143
102
173
171
113
148
106
159
196
183
115
158
130
157
167
114
120
195
111
181
178
170
139
200
143
132
117
140
132
185
112
115
155
135
134
133
132
143
129
164
111
173
118
167
113
112
148
108
138
102
134
103
108
141
131
152
104
129
130
154
151
197
101
157
131
130
127
178
180
120
189
190
131
189
107
112
104
136
114
128
175
197
154
136
184
137
191
122
188
172
180
167
163
188
137
168
162
182
173
163
109
140
196
171
146
150
113
101
103
168
170
115
125
149
141
108
155
153
163
142
191
141
198
186
110
144
164
165
191
155
170
107
126
187
112
197
197
123
150
173
141
185
176
133
119
137
156
177
130
168
105
171
159
119
135
149
164
120
193
128
137
123
147
126
105
156
194
103
123
108
117
158
135
190
158
127
194
166
176
166
150
146
167
171
114
164
176
126
166
180
132
106
113
149
138
156
151
116
110
181
140
155
155
156
147
177
121
114
193
119
109
142
100
144
179
149
126
108
127
171
163
147
170
110
143
167
127
146
174
169
100
143
171
106
157
145
158
134
131
134
107
111
192
114
157
110
196
190
179
110
155
152
167
168
103
193
177
101
110
131
110
114
154
116
196
195
167
104
182
110
115
193
180
119
139
179
144
121
101
117
141
176
196
167
148
115
151
148
102
160
178
103
137
126
175
117
172
163
128
143
112
117
151
195
127
156
149
112
135
102
118
168
172
117
171
172
143
183
116
106
190
105
195
181
154
197
149
179
104
182
142
112
170
134
127
134
146
165
163
111
186
169
136
199
152
169
196
160
175
175
132
191
193
132
159
192
191
118
126
149
142
194
149
121
130
164
102
186
114
106
172
200
123
193
123
180
125
152
168
175
129
185
143
179
140
180
156
189
155
106
106
133
173
199
171
105
124
165
109
198
106
131
127
182
148
146
186
157
163
121
190
145
200
126
115
109
142
199
185
114
159
146
126
130
191
117
136
156
171
134
182
102
153
142
123
124
153
141
115
198
128
169
182
166
105
198
186
190
121
172
183
197
194
174
180
150
104
177
146
198
154
141
179
181
113
113
109
114
170
191
134
153
174
132
596
642
590
641
578
564
512
608
614
799
519
652
742
511
642
605
736
506
645
506
639
689
663
765
519
704
627
738
604
763
540
750
797
501
662
541
584
634
679
721
522
587
729
519
647
540
652
613
552
653
679
769
574
782
618
590
774
620
530
707
740
710
757
542
551
741
540
545
569
736
588
745
624
579
529
572
515
764
767
708
516
799
612
668
663
800
683
690
562
640
701
601
727
713
712
653
514
547
537
588
646
776
794
615
629
506
588
562
526
653
527
683
508
616
567
501
639
740
680
715
629
707
793
624
543
796
665
576
600
734
598
668
609
550
669
545
696
662
797
715
654
722
763
618
587
562
607
664
643
604
654
776
784
574
637
776
715
706
590
514
760
520
638
714
500
762
560
573
792
728
544
600
793
766
712
593
763
552
672
653
730
637
608
532
618
797
784
532
791
551
530
758
616
740
686
676
671
666
573
757
798
620
536
530
761
742
751
572
524
616
717
671
648
516
787
606
525
744
676
620
568
673
753
677
715
633
530
646
743
719
666
601
736
579
781
557
656
714
800
556
552
724
633
528
743
682
633
760
706
724
708
564
517
611
705
717
578
729
523
763
550
659
566
557
729
527
505
667
604
620
708
643
759
595
730
637
565
667
738
720
720
664
767
722
656
663
799
594
649
515
643
607
788
670
532
610
591
580
743
635
504
598
675
575
542
726
776
527
502
669
598
636
770
788
592
642
522
763
620
793
642
745
603
775
783
541
747
546
569
788
639
787
754
581
621
700
739
594
573
718
665
788
727
628
659
593
798
754
703
679
507
705
763
741
713
546
764
778
730
647
552
659
542
563
630
519
727
654
765
692
788
518
529
599
544
692
550
530
527
761
702
701
762
672
648
555
527
709
600
723
749
546
665
511
776
725
684
543
717
522
791
518
653
564
751
691
536
783
793
718
759
720
736
660
576
698
591
577
543
656
572
692
538
536
664
647
568
718
772
576
696
679
565
583
540
763
772
628
506
741
673
617
572
608
625
628
600
785
584
584
570
521
721
616
710
650
697
767
644
768
659
755
655
538
590
548
709
766
595
530
643
627
767
734
649
676
593
582
742
682
577
665
646
619
548
690
628
546
565
719
733
741
500
592
522
506
605
610
506
652
159
154
132
104
171
158
138
178
118
100
154
120
115
103
113
145
134
157
182
114
128
103
174
196
151
193
195
145
162
120
137
110
136
123
104
192
163
118
146
177
170
119
164
115
120
123
160
176
113
103
190
183
154
199
159
132
145
120
148
129
178
136
129
183
149
106
170
139
162
199
184
140
164
109
185
163
115
136
177
113
109
179
154
135
116
165
124
189
105
114
156
117
158
200
103
181
121
119
128
113
137
167
172
139
103
122
107
147
104
181
180
178
116
118
185
160
198
122
156
112
117
165
164
121
169
157
121
113
143
136
191
108
198
177
114
175
166
178
167
124
155
134
176
143
144
114
131
199
187
120
122
159
138
128
180
194
157
173
101
195
156
138
151
113
192
113
131
172
143
125
124
163
180
191
138
182
123
181
184
158
145
186
168
101
181
160
173
174
156
144
192
126
138
139
186
164
184
139
187
100
132
148
150
193
106
105
167
117
152
166
136
105
171
170
158
109
199
200
130
181
167
107
156
103
139
108
104
157
127
114
126
191
176
130
103
166
110
178
198
102
185
169
145
142
195
123
185
187
173
152
187
175
100
136
136
119
139
124
114
111
162
187
142
141
153
154
138
109
137
182
155
102
166
187
145
110
198
111
195
109
179
187
127
178
125
151
112
136
132
166
118
118
115
164
125
135
129
178
173
136
143
112
112
189
113
120
195
137
100
175
147
144
179
141
188
183
130
110
126
168
169
163
126
152
188
147
194
130
105
114
117
116
129
162
138
173
112
152
139
104
103
104
107
190
188
196
159
150
116
185
151
172
156
131
155
196
135
157
175
104
139
128
118
188
157
190
198
160
112
141
195
102
110
154
183
182
121
114
164
154
121
179
148
190
124
117
163
112
188
169
138
171
153
144
137
186
145
166
115
183
188
128
122
196
142
162
145
109
136
160
158
149
121
199
127
196
124
133
157
186
152
168
133
129
110
192
132
132
192
145
156
168
164
177
191
155
139
198
138
170
161
199
125
156
165
181
186
119
121
159
106
198
192
177
139
119
130
170
134
195
115
191
194
121
185
194
177
131
110
143
134
194
141
141
112
196
172
107
145
186
188
199
155
144
169
157
184
150
165
129
109
101
133
111
183
161
159
162
135
180
670
557
714
756
614
740
510
781
734
556
529
585
597
779
507
783
796
689
586
646
595
757
562
628
528
718
667
601
528
507
719
524
526
752
551
552
783
713
703
736
687
536
739
530
624
616
574
669
519
737
772
548
667
768
699
717
600
766
533
586
523
581
716
622
586
777
609
684
580
760
685
502
531
689
576
764
631
790
738
577
565
671
575
573
744
684
682
731
599
574
713
681
701
541
789
630
590
787
558
786
665
769
574
773
650
719
711
619
695
734
764
764
528
711
768
632
783
706
755
634
607
666
712
777
675
772
717
582
637
750
718
530
784
706
652
502
735
771
690
692
514
570
550
721
719
566
530
769
649
602
694
717
576
659
743
682
630
769
785
684
713
525
718
563
728
641
561
736
504
710
577
565
685
630
702
563
738
785
585
586
529
753
620
647
633
527
534
700
626
747
714
612
617
517
553
610
690
665
723
751
629
774
641
647
780
600
529
714
746
588
667
633
634
793
634
537
658
516
638
571
708
721
509
541
690
564
628
516
512
649
732
789
608
651
760
563
713
718
799
697
545
550
526
758
782
786
510
599
799
777
599
716
745
731
707
721
557
720
703
590
612
712
599
672
703
603
668
713
643
678
713
536
731
542
607
694
597
758
580
725
706
790
629
753
703
504
507
584
580
738
783
710
656
596
726
597
614
564
756
620
783
606
786
655
590
622
581
729
719
669
598
748
589
559
751
592
754
608
661
651
696
716
504
723
521
733
764
589
614
763
745
791
726
611
631
648
653
625
504
744
736
639
715
642
663
606
513
515
616
554
548
659
564
715
795
545
687
677
684
796
518
619
652
670
706
778
638
653
602
552
752
508
564
669
712
721
597
789
779
587
697
543
551
706
604
534
533
634
712
629
657
600
563
541
510
687
601
563
645
554
601
572
584
645
672
776
637
563
798
766
651
764
784
613
583
762
698
583
571
714
705
676
702
559
716
655
668
578
501
781
557
687
569
711
781
595
582
542
636
592
774
781
537
746
729
520
659
683
742
545
758
684
604
759
699
558
792
758
536
711
534
672
563
542
728
669
575
710
517
645
781
728
783
620
752
565
636
677
742
751
583
549
618
712
525
595
622
678
658
562
565
534
698
611
655
754
643
594
546
661
200
151
155
195
195
139
126
191
163
102
170
191
111
172
198
173
157
106
140
160
198
118
169
113
198
124
165
191
167
165
176
104
105
156
141
195
110
200
155
167
124
200
103
154
187
111
191
168
172
137
136
131
146
161
194
133
109
194
115
165
167
128
101
125
113
161
123
102
176
166
178
165
183
193
153
142
117
103
198
173
194
153
162
136
199
117
123
169
156
199
156
159
179
108
126
109
108
189
101
146
162
120
199
110
185
109
155
127
171
133
166
101
138
154
186
199
173
110
118
100
198
128
107
196
150
147
143
129
140
166
185
163
160
175
123
195
197
156
179
196
186
132
134
183
181
185
133
105
111
153
141
117
116
185
155
123
178
179
109
188
149
106
120
145
157
116
162
175
116
176
170
181
120
134
111
115
189
116
196
130
168
179
108
164
139
121
145
144
136
171
125
109
194
116
152
150
198
190
130
167
126
183
148
142
107
159
175
132
133
154
103
126
126
159
175
135
127
190
140
168
111
112
169
158
122
121
149
119
152
116
147
177
151
114
182
113
111
188
184
193
138
127
189
181
158
172
119
159
137
112
105
104
102
188
124
174
117
113
136
131
120
170
140
151
100
137
113
185
108
125
138
158
182
117
120
101
123
131
177
195
193
140
124
135
106
139
129
192
136
115
106
119
142
138
105
116
110
197
171
124
188
188
149
200
189
131
141
160
128
166
100
152
157
186
149
167
176
162
131
131
190
200
121
113
109
142
157
104
115
133
194
121
150
196
130
149
163
150
130
101
134
128
106
182
148
136
153
129
191
157
189
129
139
195
126
153
116
157
118
169
196
190
197
188
164
143
179
138
164
113
166
178
121
174
106
101
149
115
195
171
141
119
185
183
115
110
113
190
187
180
197
120
151
187
182
107
134
109
108
190
187
180
147
158
184
158
151
126
192
168
195
178
109
181
138
119
175
112
154
102
151
146
156
154
173
190
137
174
153
110
122
178
163
156
141
151
158
185
105
182
134
102
186
100
187
102
160
173
147
140
192
107
184
199
139
131
180
115
195
114
141
195
114
193
199
178
179
188
123
100
183
139
177
108
119
169
173
120
174
168
147
146
194
157
112
192
196
192
167
134
134
141
190
169
102
175
101
178
106
151
576
564
671
718
783
549
772
784
531
666
732
712
798
662
609
503
689
694
619
597
743
703
749
530
683
617
551
601
708
551
526
536
623
630
595
668
781
749
747
558
767
794
583
664
520
549
505
505
502
622
664
610
664
539
522
514
777
763
730
648
754
574
605
588
571
780
592
584
537
650
712
677
721
703
560
544
718
568
533
678
576
733
665
763
704
709
710
646
782
594
732
568
620
683
539
756
643
788
695
686
723
599
713
745
616
529
518
785
638
621
695
793
774
651
797
638
691
502
777
605
571
503
626
781
540
543
730
766
593
791
795
705
793
503
767
516
745
586
794
589
615
540
518
528
512
613
506
574
781
591
739
771
679
600
795
707
669
766
503
693
791
667
699
525
788
699
569
573
538
579
690
772
645
629
749
723
510
703
509
613
789
783
684
754
602
630
728
767
516
712
774
504
583
634
790
546
707
537
732
665
595
745
555
656
589
742
532
553
623
534
514
618
711
644
582
624
512
541
573
644
596
757
570
600
634
713
506
549
767
613
775
575
619
637
794
531
615
798
602
761
704
790
666
679
670
751
586
713
607
730
645
767
643
618
505
770
603
586
728
760
602
662
673
743
786
668
790
631
718
703
559
728
581
567
691
524
651
620
648
681
517
587
522
570
794
797
665
723
601
678
617
589
588
765
660
676
708
764
738
543
742
669
679
651
521
696
619
642
515
778
727
524
599
553
791
635
645
601
601
680
770
510
535
721
668
590
681
717
790
637
674
734
713
538
763
626
637
510
507
572
664
720
642
740
759
759
543
545
604
667
788
506
602
664
660
706
604
549
569
713
507
756
776
571
664
658
623
514
514
725
603
772
635
703
713
595
541
658
669
544
648
639
668
684
546
650
783
592
733
553
715
536
704
573
577
652
584
716
576
795
701
513
758
668
661
774
515
718
544
514
550
694
781
713
769
519
753
762
590
704
520
648
692
760
537
670
622
508
576
536
604
591
690
793
789
736
585
633
698
607
770
797
632
538
719
589
665
718
646
696
716
757
789
796
562
732
599
556
567
648
621
506
736
568
760
767
536
690
699
655
539
611
723
605
518
529
519
624
609
646
566
695
655
630
556
731
773
740
707
511
725
581
799
595
781
633
585
605
784
528
185
198
145
182
197
164
159
123
171
153
139
123
109
130
153
190
198
196
143
127
177
189
151
149
135
150
164
169
172
165
124
137
181
195
182
172
175
141
162
111
155
166
174
195
157
106
189
141
138
194
183
133
174
155
131
168
135
137
147
155
113
172
191
142
183
112
141
135
183
173
106
177
168
167
150
198
110
155
177
183
138
110
126
175
161
127
138
184
188
151
189
186
151
127
144
136
149
101
142
164
121
184
178
166
147
198
109
114
138
163
118
103
160
155
146
100
181
145
135
106
100
185
165
187
176
106
136
115
166
165
115
184
195
110
182
100
152
171
135
180
198
109
145
188
124
156
197
127
129
138
161
200
139
165
110
194
116
175
151
170
178
107
146
153
142
176
125
136
115
131
110
129
135
152
164
195
195
168
130
152
198
120
114
176
198
182
117
180
188
107
156
188
136
146
169
109
105
139
176
155
136
158
136
134
121
179
147
188
130
104
129
112
159
188
117
185
186
107
150
177
184
135
144
118
128
163
196
151
156
151
139
146
142
166
131
118
188
157
177
165
191
127
152
114
124
146
106
130
159
151
107
147
193
105
139
144
107
193
183
150
154
192
129
133
126
195
162
125
197
153
197
129
163
199
135
113
106
172
151
175
172
108
131
124
198
189
160
134
155
149
119
102
177
130
141
134
190
181
156
136
157
109
168
178
125
186
117
195
115
139
129
109
168
122
119
127
120
110
191
161
123
159
195
137
175
187
156
200
123
135
159
102
195
104
106
148
119
166
149
183
124
178
134
133
155
102
178
171
137
146
135
161
152
188
112
132
136
175
126
141
164
157
154
101
163
131
117
143
146
116
199
142
146
107
197
181
107
137
161
139
163
178
127
128
127
149
113
125
193
119
187
196
125
178
146
109
122
181
152
126
172
131
155
157
152
190
180
127
192
134
155
101
143
178
182
160
138
189
150
110
128
166
199
141
182
132
126
196
178
146
182
122
123
112
108
184
176
131
114
198
177
113
150
169
175
148
126
182
100
145
110
134
147
175
133
198
124
126
135
150
123
188
166
157
162
178
130
185
166
156
192
176
144
169
175
163
154
177
168
108
107
141
103
157
147
158
187
181
161
137
140
180
136
155
124
122
146
190
140
126
763
786
628
616
755
640
792
636
568
515
557
669
591
614
585
647
556
674
655
752
636
574
688
663
713
672
644
650
543
791
683
503
522
660
575
791
593
555
608
790
780
608
535
750
595
701
725
683
671
578
770
623
776
503
503
753
634
656
663
523
624
666
730
649
795
776
771
539
741
738
777
706
575
633
799
574
630
659
667
584
726
721
791
676
577
707
652
782
599
719
613
659
707
509
535
690
556
624
596
725
541
544
554
534
622
689
516
746
580
673
677
768
503
790
768
786
613
665
684
517
755
568
662
577
738
503
779
793
690
778
543
755
691
596
771
573
638
675
764
565
792
800
752
722
673
684
534
720
520
680
634
709
741
523
791
599
534
592
599
666
751
701
769
558
748
514
758
585
746
538
757
699
768
570
564
689
791
675
774
513
562
566
528
621
702
725
768
650
771
773
624
722
508
744
764
725
535
530
583
796
730
639
712
584
530
565
732
668
727
737
692
774
616
535
789
736
614
618
609
759
503
533
672
615
560
539
519
731
794
514
675
655
587
531
742
787
511
506
696
621
728
658
672
657
629
648
607
718
677
734
792
609
750
737
625
772
539
684
768
720
634
619
742
729
579
559
555
613
698
552
770
756
681
717
560
620
614
642
525
703
540
792
546
683
590
789
516
695
540
797
645
772
550
726
570
667
700
660
693
561
689
651
532
585
718
526
607
701
514
773
651
580
620
765
528
701
718
643
556
613
678
734
507
639
685
656
776
603
592
590
675
674
599
785
729
601
674
739
537
775
592
784
660
717
787
532
540
531
750
624
662
719
776
544
776
729
762
647
596
575
748
718
651
692
740
668
592
652
552
709
674
665
524
648
604
726
703
797
689
730
735
665
686
592
528
556
783
527
624
650
507
748
561
570
612
600
597
541
537
591
756
682
684
649
527
578
719
553
520
623
617
518
708
538
611
664
536
597
635
625
642
740
627
568
742
641
594
770
661
581
746
667
601
799
560
744
681
591
606
504
758
726
626
794
643
627
716
717
518
588
657
767
688
784
742
764
631
574
668
680
613
616
583
689
740
738
632
701
566
588
768
775
749
690
761
747
604
524
722
527
769
738
632
622
566
649
580
697
641
776
771
781
647
733
690
568
558
563
745
796
109
132
170
189
119
178
169
154
103
195
169
188
179
156
119
136
160
185
141
119
105
186
143
182
113
183
127
117
184
133
103
100
182
144
171
158
167
101
160
198
193
107
175
156
143
183
183
147
183
195
140
138
127
169
169
133
114
152
107
156
120
143
179
109
162
122
185
104
194
193
106
101
177
181
160
149
183
193
147
114
118
147
115
150
103
144
122
188
109
149
113
150
141
129
133
112
158
110
108
182
116
158
184
126
118
128
200
116
187
110
107
103
146
114
156
188
142
114
170
119
142
188
160
162
159
151
172
121
152
152
101
195
133
156
136
121
173
170
200
181
193
154
195
174
120
183
185
112
115
143
188
121
101
197
156
143
132
174
176
191
144
101
109
183
184
173
129
105
149
192
107
134
107
139
197
185
116
151
163
158
176
109
153
128
187
149
168
129
121
112
144
137
121
111
150
167
175
137
115
134
170
147
144
196
108
163
152
190
128
100
174
197
121
153
141
181
129
113
189
149
129
170
172
163
149
125
160
101
194
147
194
169
196
153
119
151
164
198
188
172
153
138
116
136
185
155
181
105
144
111
105
176
169
154
115
167
198
162
161
196
193
185
115
166
186
146
192
150
193
186
192
125
125
189
101
136
125
148
119
146
157
101
154
161
134
195
178
116
155
118
109
192
177
131
138
180
153
194
147
108
143
108
121
116
186
178
136
110
121
129
134
183
107
108
174
166
177
151
184
130
131
141
132
111
174
198
134
154
166
173
173
141
142
125
108
156
151
162
198
135
188
142
164
156
191
129
167
149
149
171
196
113
147
171
142
176
183
149
130
163
146
184
191
180
121
113
104
185
159
164
108
181
116
144
180
127
112
125
132
200
151
101
147
181
118
144
199
163
106
116
149
147
154
185
176
193
188
109
108
144
145
180
184
133
100
163
187
150
147
132
115
143
123
174
147
114
120
154
124
127
154
107
104
112
122
157
129
167
109
170
143
125
110
182
126
146
163
169
175
174
122
114
165
135
150
107
166
175
112
130
161
105
135
131
113
129
132
166
140
104
158
156
145
190
118
139
156
194
164
132
185
163
192
123
139
198
176
198
200
127
155
177
124
115
147
123
165
124
145
157
191
147
148
194
191
105
190
147
190
124
766
604
626
712
636
657
692
799
571
527
595
671
738
571
502
513
555
692
716
638
715
612
605
535
727
666
770
675
790
595
706
700
798
609
608
709
513
575
715
574
561
707
688
538
500
634
567
517
639
595
657
597
512
563
518
584
623
559
697
597
596
742
515
536
751
539
661
539
550
567
631
543
719
704
647
545
752
747
731
636
643
544
780
601
615
703
583
722
787
625
602
574
611
772
567
766
769
646
520
688
629
571
603
690
636
609
732
541
670
597
570
656
747
605
584
503
530
726
674
736
519
504
613
793
761
748
668
592
528
776
523
626
540
673
743
596
684
690
660
739
509
515
686
669
657
617
612
523
647
769
756
609
624
757
566
659
757
695
764
762
630
787
567
663
798
529
558
550
789
757
758
789
518
685
569
545
565
545
551
638
651
567
563
515
549
602
533
730
797
505
582
624
665
776
756
773
550
654
766
709
684
665
645
660
547
634
654
645
620
686
694
664
608
721
559
574
618
639
614
666
783
681
711
703
720
652
638
668
721
706
583
651
516
607
591
642
792
540
733
654
740
616
709
538
787
766
754
655
585
532
672
621
608
658
547
780
624
642
516
640
668
650
744
535
513
637
596
657
777
538
547
564
565
746
536
594
564
584
567
539
564
685
633
599
569
652
747
686
628
544
564
786
538
508
790
790
668
771
625
692
602
651
511
592
679
678
641
517
740
665
707
756
793
587
597
573
557
778
683
635
729
652
710
690
732
565
514
795
667
615
721
625
724
721
511
558
521
654
643
798
580
517
579
545
564
673
724
569
744
636
641
695
721
691
504
776
692
615
621
767
693
638
654
751
792
619
775
516
700
551
743
760
632
659
534
538
676
689
548
589
722
654
544
705
711
781
618
643
714
569
626
635
516
750
782
550
747
710
732
749
520
590
756
624
716
623
785
635
643
687
720
544
734
529
558
579
625
509
617
782
635
564
708
553
541
705
686
573
564
561
675
760
510
544
736
568
729
597
732
737
508
765
750
622
671
654
708
730
644
784
614
546
658
633
618
585
603
664
585
590
570
665
542
783
507
575
522
559
606
757
533
776
693
555
604
752
634
705
541
644
730
745
783
626
779
528
770
626
737
689
644
668
719
761
671
500
555
729
687
769
163
158
189
140
145
149
111
144
143
127
183
147
146
188
131
158
196
127
159
156
178
178
184
135
172
143
195
164
116
170
145
174
142
105
199
170
196
179
109
180
168
152
169
115
171
180
105
147
182
159
148
164
134
171
145
196
123
134
161
118
198
150
188
109
124
165
179
144
138
126
147
188
172
131
116
164
167
174
188
169
152
170
194
176
142
176
167
131
131
199
161
101
130
186
141
112
127
179
144
163
110
125
198
149
118
154
149
107
162
151
175
164
108
169
109
197
168
112
118
143
176
161
180
115
197
168
143
168
190
160
151
148
162
158
108
142
186
151
138
161
114
153
183
184
197
152
114
185
181
119
164
146
117
124
133
199
104
138
167
168
156
109
133
157
144
195
173
189
139
155
105
178
103
190
129
158
199
135
197
180
151
125
190
106
156
151
161
190
156
166
127
196
179
183
165
134
153
185
162
107
174
139
160
192
188
165
102
164
193
119
153
165
139
134
103
103
176
131
198
126
136
147
104
187
153
122
125
169
146
112
193
130
168
155
194
131
135
144
180
134
104
108
134
195
102
187
144
167
134
113
113
182
132
170
179
198
141
129
108
190
103
133
142
187
132
154
157
142
141
185
139
123
128
130
151
182
178
180
159
127
148
182
116
173
185
108
176
197
190
129
146
141
197
192
190
127
184
167
199
161
175
126
131
156
149
196
176
163
190
135
168
101
167
144
163
197
103
137
189
199
117
190
140
115
163
103
190
170
197
109
164
131
102
140
134
177
173
192
177
183
108
163
125
190
155
131
115
131
142
120
176
164
153
152
109
176
197
174
102
106
127
198
132
105
146
107
179
136
130
150
173
186
146
136
133
186
186
132
103
113
130
107
185
139
110
177
136
104
112
166
123
182
122
137
146
178
134
119
136
138
173
157
139
152
151
102
107
183
165
117
133
108
170
168
192
194
105
127
195
111
109
142
159
139
118
131
136
151
168
126
196
103
168
149
150
125
149
190
135
190
123
129
188
183
187
115
132
109
120
133
152
126
194
198
108
141
131
116
101
143
148
135
133
154
194
156
131
179
186
152
158
156
108
175
113
149
163
133
108
128
100
137
156
172
199
149
134
191
183
167
123
183
172
117
124
177
137
118
134
115
557
686
615
800
795
554
671
597
627
506
660
773
503
792
699
586
704
626
540
770
535
723
521
551
589
657
593
561
555
654
707
743
714
502
739
755
740
601
730
541
750
724
781
570
721
731
623
519
793
626
565
722
700
755
567
721
688
569
647
744
562
737
777
589
593
571
577
605
514
528
755
700
644
700
763
629
602
627
760
657
568
708
583
513
741
550
507
605
672
630
519
653
519
633
664
506
513
554
554
647
709
597
773
606
695
647
604
510
601
663
604
673
508
731
642
538
685
781
745
564
726
543
681
678
526
732
543
761
714
739
730
791
590
740
565
613
609
713
584
568
577
638
706
515
609
595
642
685
800
681
603
638
579
798
740
686
792
622
698
800
714
521
508
523
562
677
697
651
590
756
666
682
780
642
537
786
698
502
680
577
654
715
782
758
694
517
573
525
593
779
513
613
795
723
620
766
523
626
750
673
684
606
600
741
616
767
632
546
798
537
788
707
731
620
567
695
642
754
604
728
543
614
618
770
785
776
551
711
608
672
761
518
661
708
574
657
695
696
691
528
660
586
620
662
566
751
665
547
633
570
776
600
746
670
581
710
701
658
658
559
670
716
552
548
553
724
635
606
529
781
653
506
760
571
587
745
661
606
720
728
700
678
627
599
729
714
751
757
618
631
557
515
704
530
709
527
785
594
791
720
638
506
774
561
656
800
757
795
677
545
648
593
588
562
782
697
779
714
645
742
734
694
737
561
586
567
783
503
772
520
762
562
515
759
524
794
728
724
574
649
744
733
659
537
713
725
629
507
795
747
705
747
662
685
570
660
623
503
573
550
757
655
502
615
596
737
519
644
578
754
625
559
525
662
679
553
716
666
783
567
538
705
620
633
637
679
793
648
754
670
795
753
638
771
543
577
789
728
796
759
602
554
648
554
797
790
798
712
599
744
706
677
679
785
507
520
743
572
575
777
545
767
627
557
643
598
757
672
657
507
552
730
616
522
627
699
544
716
652
755
781
632
596
791
762
524
602
621
609
783
690
643
772
577
701
573
656
687
643
570
776
693
731
638
568
739
544
528
538
764
604
639
562
697
782
514
703
688
626
750
523
774
640
785
688
705
524
578
579
657
626
587
524
748
557
642
646
553
518
567
