176
170
168
159
151
108
174
198
102
152
189
126
150
113
105
139
179
111
175
163
124
170
170
193
124
127
102
102
197
151
148
157
160
111
134
129
174
124
178
180
163
149
130
142
117
183
181
137
123
107
200
144
115
145
107
155
193
104
122
165
101
175
127
156
102
170
194
129
151
148
172
180
152
111
162
124
194
133
130
143
163
188
191
148
169
149
161
124
143
140
169
115
134
118
181
181
117
199
159
136
132
171
187
172
156
194
130
169
117
135
106
122
142
128
189
124
176
169
180
123
146
195
128
122
132
109
135
102
109
120
170
177
142
150
199
127
187
141
128
111
101
188
134
141
114
117
189
127
158
104
180
184
150
196
102
185
171
110
162
172
138
172
131
154
108
107
178
180
153
113
193
116
107
193
200
141
106
126
191
164
193
153
119
121
194
168
174
113
200
174
188
120
127
147
180
159
172
200
143
132
184
129
134
139
129
135
111
182
165
154
183
186
121
191
100
154
100
153
184
134
144
186
133
107
179
143
160
179
143
143
175
168
174
181
128
184
106
189
133
110
178
136
178
127
161
172
128
153
131
179
132
137
184
137
118
161
192
137
197
145
121
161
116
165
121
178
149
174
108
167
101
166
120
138
153
197
150
146
131
153
108
197
153
120
176
162
134
194
132
165
187
197
123
149
105
144
113
184
118
136
137
114
122
118
165
194
177
113
167
177
171
105
167
164
189
194
101
169
101
175
172
139
153
137
161
175
122
154
137
104
181
112
134
160
199
124
132
195
185
177
140
198
170
197
117
107
106
104
162
129
144
175
187
192
148
167
103
183
176
181
141
178
160
180
158
152
140
170
103
183
111
159
133
195
110
119
193
182
167
134
148
180
117
166
172
153
127
158
115
187
166
197
160
181
140
170
133
127
170
184
199
114
159
158
148
115
160
113
194
103
112
149
144
199
182
174
155
152
165
172
194
152
196
157
184
182
128
115
198
137
120
174
164
167
114
132
176
138
186
125
125
183
159
128
122
198
120
186
155
155
152
108
152
113
179
125
110
193
155
198
184
133
129
124
196
102
152
167
177
131
161
187
182
155
185
127
127
144
194
169
136
182
165
152
115
196
161
117
120
153
171
136
138
143
108
175
145
164
153
118
542
551
683
529
666
635
608
640
759
602
599
774
784
723
586
563
699
676
516
707
716
674
768
710
752
577
701
746
606
570
779
622
721
676
682
652
702
703
613
741
552
716
573
699
723
505
770
757
550
655
673
717
682
736
634
706
534
735
627
731
546
773
786
640
665
743
676
522
741
671
791
765
689
795
502
609
738
693
670
744
549
655
535
746
798
783
796
569
719
713
787
596
592
727
666
571
667
553
587
532
630
694
573
766
652
667
693
576
664
772
780
552
720
530
572
541
598
520
779
554
536
602
545
691
730
563
578
688
694
650
532
783
560
564
645
617
745
563
559
600
506
737
795
742
691
609
525
760
659
671
697
666
680
669
756
515
502
595
780
651
552
574
650
739
678
652
680
608
564
766
746
668
527
608
634
519
502
688
794
754
752
718
705
622
655
669
663
623
687
735
589
559
660
527
517
719
529
645
778
533
739
800
552
647
560
735
779
703
631
575
502
507
574
749
689
648
703
749
727
580
619
583
624
589
647
610
558
560
725
686
599
730
751
571
764
762
732
745
701
705
605
512
541
742
603
654
532
603
500
580
686
644
657
644
572
608
748
775
649
725
509
511
509
625
688
585
713
760
583
779
680
712
666
653
591
701
722
745
697
609
611
546
683
527
554
601
612
782
527
733
624
644
766
604
602
674
501
599
638
559
535
727
618
614
614
509
568
652
640
790
773
625
571
596
511
512
785
571
679
754
557
615
673
696
665
665
554
728
670
638
668
779
693
564
594
554
701
547
782
746
612
697
542
557
511
707
773
607
725
604
518
633
679
733
545
764
765
727
769
721
666
658
508
532
652
785
793
750
775
779
713
793
532
654
685
685
698
751
523
639
628
543
711
577
579
790
576
675
776
725
745
651
657
755
618
788
659
677
777
687
733
662
763
534
777
663
761
639
520
619
507
617
776
795
697
727
728
665
518
647
784
550
643
572
568
750
783
570
609
732
749
588
678
730
569
562
654
503
711
666
530
713
730
580
772
655
638
513
521
521
671
539
798
573
729
629
634
671
518
523
543
561
562
694
593
575
735
544
747
577
654
694
627
646
722
737
621
784
513
676
788
736
502
674
640
636
725
545
551
528
665
609
562
714
797
724
675
714
578
779
100
160
142
176
112
177
155
132
155
148
188
199
184
167
183
106
124
151
186
152
179
141
184
112
124
109
130
170
160
119
157
102
161
196
102
154
152
189
160
193
147
183
178
197
161
173
106
110
166
171
174
152
170
152
101
162
168
156
137
194
116
158
184
159
138
131
187
157
126
180
179
166
105
102
171
134
173
137
133
162
153
125
138
102
199
125
136
125
187
146
194
114
188
108
100
160
190
186
186
136
127
199
114
137
121
176
182
186
177
101
138
141
178
196
132
150
187
171
113
107
174
195
113
141
159
184
126
179
119
150
101
127
143
134
145
148
125
114
156
121
139
186
106
124
109
119
141
104
116
181
135
101
127
128
104
192
164
145
163
138
159
118
191
133
123
146
164
124
120
105
177
134
154
140
165
141
151
150
193
195
156
113
136
110
175
154
160
185
119
102
190
112
135
134
152
133
151
108
110
115
169
175
188
132
164
107
150
116
184
159
116
164
189
148
120
184
125
130
126
166
148
127
143
176
161
143
115
112
101
145
144
106
177
149
176
196
165
156
158
180
176
134
176
126
194
176
181
178
103
119
119
187
122
139
200
175
140
185
198
148
182
198
142
113
183
123
198
122
125
118
139
116
166
168
137
184
149
140
133
145
183
143
164
141
191
128
102
180
154
104
110
182
116
127
196
140
194
146
151
165
182
190
190
108
159
144
132
182
193
142
193
183
125
134
131
144
190
165
191
177
130
175
177
118
132
198
131
140
179
193
178
169
131
197
172
123
162
169
197
200
113
127
116
144
184
144
124
152
119
129
188
180
129
180
153
187
118
187
182
165
183
149
175
197
191
103
115
165
118
104
150
123
147
200
142
152
136
179
107
190
118
115
100
146
167
191
104
144
159
177
160
181
148
130
146
186
181
101
194
133
125
192
179
191
131
192
179
184
198
173
110
187
101
104
156
127
194
169
138
194
189
179
153
161
128
117
101
129
145
188
120
138
116
160
108
115
141
148
162
124
114
180
121
178
136
199
114
165
175
112
104
132
130
136
190
176
145
153
156
167
144
158
147
156
126
117
155
144
184
177
185
193
143
182
100
142
124
164
132
150
105
142
147
178
111
125
175
156
145
183
146
137
190
174
166
169
101
141
193
151
584
715
627
550
550
653
796
667
694
733
519
501
604
580
647
610
748
614
798
541
774
694
675
619
731
743
568
519
606
737
722
609
553
789
746
778
670
662
741
685
627
599
728
763
559
598
550
639
642
757
587
630
558
728
550
532
566
553
734
758
589
740
710
733
629
513
552
609
516
745
655
789
742
766
622
631
502
551
520
720
626
715
786
645
622
641
510
693
711
735
569
533
715
557
625
651
530
720
584
510
602
704
745
660
505
651
712
757
605
739
670
605
510
670
610
598
566
791
719
768
760
758
504
786
736
780
688
666
750
570
553
667
738
519
746
558
691
653
600
517
702
724
628
684
767
559
644
582
554
551
540
795
748
665
590
589
552
582
567
686
534
518
529
655
598
615
796
552
584
734
526
592
631
585
584
787
654
625
691
532
551
625
701
651
615
605
659
642
569
763
619
754
534
699
712
739
766
601
548
567
705
576
798
744
792
599
684
550
501
604
597
637
763
549
581
662
758
621
742
669
617
603
710
701
747
611
609
633
787
587
776
780
709
674
559
739
527
610
766
649
665
563
650
687
533
781
654
643
717
577
516
508
542
684
612
641
703
506
636
578
761
626
568
745
548
521
732
774
578
664
553
557
665
776
536
582
653
631
552
616
650
668
564
799
618
701
600
624
714
501
646
503
702
716
651
739
757
640
754
657
702
670
794
714
724
786
684
637
521
571
600
526
727
720
762
759
560
703
566
733
734
777
756
563
510
797
579
534
780
573
658
648
690
693
599
595
762
597
601
581
648
632
671
641
536
707
798
743
715
657
655
733
645
551
747
660
786
671
718
641
702
650
635
711
515
768
599
571
760
536
521
596
703
617
530
631
582
610
625
544
729
676
531
601
677
517
703
675
659
720
516
607
548
697
733
783
743
694
676
603
736
715
739
709
521
755
689
750
517
756
645
742
751
565
662
544
626
714
621
685
524
608
611
693
585
624
549
707
581
694
569
738
661
657
548
640
579
512
619
673
639
641
726
714
581
782
710
533
777
654
583
506
754
772
596
507
514
595
579
699
553
790
739
658
659
648
726
588
655
667
751
679
790
609
766
584
778
523
585
716
547
523
620
552
716
626
758
533
623
541
761
604
598
510
660
688
703
654
684
689
196
118
161
119
104
158
163
170
198
129
153
155
125
193
148
182
129
112
135
128
161
107
144
105
174
124
134
113
195
121
193
140
111
175
149
174
128
171
164
114
130
178
128
144
198
189
180
145
109
133
165
107
196
173
153
193
101
132
103
163
171
150
194
156
184
103
147
126
190
196
187
120
168
133
147
181
130
184
197
167
176
139
146
135
140
200
138
131
157
108
170
108
111
164
127
105
182
118
176
122
148
176
164
195
171
171
153
175
178
131
163
172
111
162
191
187
124
149
158
191
179
179
176
181
140
106
167
174
121
152
179
105
191
170
126
193
189
120
185
148
134
156
168
169
187
139
172
168
119
138
173
182
129
114
158
188
129
135
154
168
134
159
142
135
185
151
107
160
149
132
188
152
176
133
140
125
134
105
109
195
182
161
113
187
119
196
125
138
101
176
161
199
176
186
142
195
156
162
108
164
152
126
126
112
187
106
194
121
165
176
195
153
130
139
115
165
179
107
117
194
127
170
196
169
146
101
114
148
193
183
176
126
136
163
100
155
144
196
143
108
184
115
165
156
150
190
118
124
106
131
186
162
156
129
109
126
118
162
167
175
171
105
101
114
140
169
152
109
147
113
142
175
137
197
150
140
173
162
190
120
184
182
193
144
188
129
145
183
147
147
109
142
118
112
115
157
150
190
172
186
124
176
111
167
191
155
184
118
156
169
127
143
165
185
109
159
153
170
185
168
156
153
200
172
109
118
198
155
147
186
106
138
148
168
160
157
179
114
129
138
172
119
140
138
134
176
121
104
114
175
101
195
191
157
190
147
136
107
174
190
193
103
100
106
120
114
186
200
197
121
106
117
132
154
140
130
112
149
132
113
159
120
138
166
183
180
134
143
190
175
174
105
163
162
123
160
112
185
166
145
108
176
187
193
140
157
146
199
127
138
116
134
176
155
109
133
126
107
154
131
127
147
181
148
146
144
146
172
122
120
200
191
166
184
162
158
101
166
100
180
180
131
145
112
184
169
151
186
144
139
185
110
112
104
171
130
183
135
140
137
151
161
181
152
150
163
117
179
104
101
144
172
131
107
177
116
140
196
186
188
120
115
176
133
195
142
113
137
197
198
131
107
141
102
184
190
199
158
166
147
543
695
597
653
742
503
731
614
609
702
514
755
560
726
514
714
533
573
531
594
547
531
755
645
668
719
696
551
547
665
538
620
763
744
574
536
712
706
682
582
512
578
503
685
729
781
737
581
716
696
779
559
691
555
786
692
725
648
695
744
593
569
523
656
582
521
655
661
743
715
722
792
650
504
779
625
761
608
509
670
657
572
778
655
797
598
760
781
780
510
635
680
538
725
756
747
694
517
536
689
687
627
762
610
609
610
547
638
607
715
601
511
587
667
573
662
752
603
578
518
684
522
556
640
670
697
789
744
537
636
557
648
595
799
529
556
598
528
606
697
745
708
513
556
582
635
622
794
590
761
739
603
797
546
631
762
765
691
754
697
588
643
590
666
518
547
718
707
653
774
783
523
782
768
564
631
780
787
580
608
651
555
670
550
768
718
690
678
643
573
558
699
577
714
575
785
672
564
654
781
567
559
549
565
548
748
748
772
788
711
673
564
594
763
502
636
757
540
556
561
705
634
750
680
554
799
547
587
661
687
785
664
525
586
638
671
774
555
763
539
573
523
633
726
573
618
572
508
683
625
505
551
667
704
662
760
789
640
560
704
711
740
654
651
579
799
780
693
665
778
636
529
535
595
669
639
757
611
513
673
730
746
541
546
588
697
759
777
517
743
651
782
605
722
567
785
616
736
677
561
586
769
600
777
798
522
604
752
621
602
715
712
706
641
764
653
572
755
578
622
714
579
765
638
631
789
678
520
632
620
620
786
636
768
753
795
525
601
594
597
720
706
739
761
701
656
773
529
578
712
721
676
777
658
745
649
689
714
723
794
598
758
716
798
650
636
620
745
511
538
675
625
594
701
587
672
796
582
661
735
515
721
620
523
750
763
598
595
506
695
543
723
709
722
769
788
736
610
518
650
610
792
686
614
749
679
724
604
747
781
785
670
635
732
689
769
649
628
696
687
535
613
758
703
620
697
563
720
779
564
713
771
744
649
746
700
635
746
666
518
596
780
663
725
681
702
727
575
642
536
650
586
612
753
570
657
569
643
714
516
771
708
739
573
629
768
520
781
555
772
692
676
606
597
643
572
783
644
775
595
629
563
530
659
556
755
741
643
657
760
728
543
727
660
779
626
766
534
558
534
151
139
167
191
196
124
133
120
180
174
134
192
156
118
124
149
194
181
109
165
182
162
124
155
197
199
168
129
119
140
197
195
106
193
120
140
139
149
194
140
174
183
152
161
161
148
163
105
165
144
196
119
113
172
111
191
133
172
194
142
122
124
137
131
181
116
115
193
154
161
189
198
171
114
165
166
182
146
170
192
127
134
188
165
172
129
166
103
180
110
115
153
108
102
150
153
122
160
198
130
180
124
142
111
180
115
167
124
146
158
174
188
134
192
198
197
200
139
200
153
119
197
183
125
185
148
192
160
122
110
108
108
195
187
142
121
193
104
162
134
149
122
104
121
118
104
135
103
193
179
165
183
111
169
157
131
127
133
122
125
185
130
192
197
193
122
183
168
162
118
133
130
106
101
121
134
150
168
123
127
122
123
123
125
190
142
108
101
148
186
131
113
145
142
136
112
103
108
140
196
128
126
188
197
195
131
155
159
157
100
136
199
139
112
137
148
120
151
103
142
116
190
178
162
132
174
181
180
143
199
104
126
113
137
188
105
193
108
179
146
141
149
155
109
193
114
169
169
175
103
169
195
144
192
171
131
117
188
152
139
132
175
139
171
173
180
138
144
188
130
139
195
101
155
135
131
191
105
181
178
198
192
128
136
165
188
108
157
150
193
104
172
171
190
148
168
116
181
125
143
125
104
175
136
140
170
199
182
165
116
178
164
200
154
169
154
164
196
191
156
189
128
199
107
153
126
197
195
130
156
119
166
104
127
199
182
166
136
142
196
172
198
136
187
135
190
157
186
199
138
146
191
184
123
144
138
113
128
120
189
179
163
148
129
143
197
153
135
195
156
197
163
194
190
185
138
131
108
154
129
189
176
200
159
101
114
190
165
157
193
185
164
187
166
199
150
129
127
101
167
194
122
141
135
179
151
161
122
200
144
122
133
133
144
154
114
158
116
144
195
117
195
174
169
188
175
169
132
168
189
134
127
106
143
144
117
176
114
125
185
126
154
142
153
126
174
188
114
200
150
196
101
198
180
169
115
131
183
149
171
117
174
107
169
185
153
101
148
102
184
127
148
135
116
148
133
189
119
130
141
123
144
157
163
170
193
106
143
194
142
185
135
171
187
157
172
177
153
102
112
734
608
662
769
701
738
630
770
635
705
718
651
656
632
644
677
792
636
581
600
530
539
690
780
569
661
584
567
785
714
783
795
739
570
708
569
650
643
573
615
707
785
711
628
676
504
594
723
712
768
663
749
529
798
679
556
583
535
520
714
619
717
739
785
696
581
768
671
757
634
658
768
561
513
696
703
532
791
677
517
738
721
584
738
798
615
690
745
569
517
604
608
770
685
691
662
572
700
600
561
527
798
591
573
644
689
609
583
723
766
535
597
751
709
630
654
716
707
595
750
677
556
583
634
680
662
769
589
725
764
682
590
546
502
719
650
737
569
500
530
725
578
538
659
515
680
646
749
773
706
511
771
670
680
588
645
615
572
799
564
586
756
626
634
728
792
516
685
655
675
766
545
750
728
555
589
668
660
675
515
741
658
762
616
768
694
700
698
788
615
672
536
516
649
765
537
585
619
614
607
515
761
791
595
627
756
620
732
535
647
556
750
526
644
532
656
605
690
626
668
615
766
697
790
609
619
659
529
502
673
713
581
523
780
692
635
723
537
508
701
665
558
654
594
793
530
565
561
544
593
709
634
780
730
575
783
741
696
555
539
707
531
685
618
688
612
686
567
618
651
705
695
702
756
659
745
583
665
602
724
795
539
588
712
769
554
740
726
555
694
535
796
599
693
798
553
694
676
604
650
582
713
634
575
730
721
634
553
618
655
698
519
604
523
519
782
659
513
523
661
677
666
748
662
545
736
541
747
799
614
550
517
653
627
753
565
512
649
649
639
508
734
644
707
555
747
651
786
551
651
644
757
554
617
576
584
605
725
563
773
635
575
726
690
597
574
522
733
601
752
617
543
684
598
720
547
559
737
504
575
527
667
739
638
581
718
557
577
795
571
557
665
760
615
501
555
654
623
752
688
552
653
783
793
773
692
754
738
590
718
599
768
622
565
524
522
697
575
513
785
725
533
757
564
586
635
747
540
613
791
756
698
618
780
518
582
772
591
697
543
545
725
513
630
735
756
619
613
708
730
715
598
784
701
794
600
621
797
639
550
796
513
500
708
501
732
749
709
639
585
538
665
576
710
649
584
675
528
550
650
597
621
503
721
548
620
663
673
741
501
727
795
539
710
665
667
682
640
507
622
106
142
136
177
133
173
181
156
198
104
150
182
179
157
137
191
172
176
170
137
168
128
111
183
185
129
134
177
102
104
105
192
183
184
199
108
130
152
134
171
157
134
190
146
167
120
130
151
157
134
190
131
115
194
182
181
192
145
103
123
108
113
123
161
192
199
171
161
160
118
155
151
101
183
154
178
165
127
108
131
154
188
136
124
125
116
199
183
182
110
156
108
177
193
176
159
148
167
159
186
195
155
196
126
174
191
184
102
166
188
126
147
103
181
174
156
162
190
114
188
114
116
172
189
126
166
137
121
192
133
164
182
130
155
190
168
173
139
180
119
193
169
152
188
186
125
158
115
150
164
147
187
171
147
168
113
141
104
122
194
118
167
111
191
172
189
195
132
113
153
111
132
117
194
195
155
155
126
194
193
168
143
116
145
109
163
176
136
169
122
108
119
175
165
160
135
200
107
182
156
152
192
142
115
198
122
149
124
156
137
179
105
153
164
144
162
165
173
171
101
142
184
186
133
169
141
183
103
196
132
188
185
145
121
113
173
136
181
152
195
193
160
178
163
120
171
151
136
116
193
116
176
187
102
175
128
115
117
137
164
125
141
126
130
139
106
186
189
127
146
170
171
139
166
176
186
172
133
194
142
146
196
126
197
121
144
183
103
150
113
182
183
149
123
166
112
190
158
161
146
166
114
176
160
120
150
152
164
136
110
180
199
162
121
161
179
196
120
142
187
133
173
145
192
133
162
146
179
103
161
102
132
140
195
177
171
157
117
171
144
149
130
148
194
139
113
152
164
121
199
183
101
198
130
162
151
150
130
175
181
162
152
102
138
108
184
122
168
200
176
177
168
187
162
105
176
146
145
152
155
189
191
178
185
142
132
190
107
159
140
169
133
106
155
111
176
121
103
130
129
136
158
147
137
118
125
112
105
130
183
180
119
180
175
176
159
132
179
195
106
142
164
190
175
117
106
136
186
152
185
137
133
159
100
177
117
116
154
109
179
135
127
196
157
128
140
195
173
130
124
191
165
134
107
128
159
131
104
187
135
152
175
144
174
186
157
154
145
125
195
150
188
139
186
196
150
141
115
177
185
186
109
171
158
135
106
132
172
164
164
193
196
102
138
174
148
102
177
102
170
667
652
577
536
679
545
635
762
513
605
770
582
516
722
573
557
683
636
754
519
653
528
555
735
586
767
646
504
681
558
734
664
746
522
598
667
664
541
637
695
692
551
688
578
683
536
532
711
591
521
612
577
699
587
798
734
682
734
670
713
511
551
537
575
733
650
573
600
523
784
685
765
598
711
540
727
658
624
776
737
613
782
547
615
674
526
587
658
779
696
774
544
678
606
601
790
729
507
732
733
772
767
583
740
747
659
680
696
561
514
749
735
786
593
794
680
745
666
576
592
688
764
791
781
669
544
655
718
639
765
757
691
758
507
688
635
511
711
724
517
584
613
739
713
570
638
612
696
774
634
699
512
535
599
780
534
536
696
627
572
770
536
628
670
574
716
578
704
557
569
574
745
708
722
659
767
530
737
538
560
577
786
752
528
508
504
586
767
650
698
627
596
730
674
667
513
521
726
698
576
676
697
637
677
636
570
605
554
732
617
661
665
783
546
782
531
539
506
784
542
758
713
647
783
745
609
626
559
563
759
573
757
799
628
578
550
610
744
512
568
765
755
584
556
766
556
651
665
631
704
557
798
613
636
658
642
648
704
569
795
660
639
673
642
558
713
705
571
741
657
780
636
601
624
560
668
785
682
722
524
683
688
634
565
749
692
512
625
609
779
554
778
559
741
581
563
648
685
581
667
673
661
620
533
580
599
692
791
685
644
637
563
690
731
736
669
737
763
702
663
518
686
781
783
590
595
704
549
753
775
503
501
640
554
759
782
778
554
621
774
615
689
776
508
718
658
609
718
628
780
501
581
742
591
530
785
552
699
717
516
651
649
622
606
678
738
546
532
555
675
792
660
533
621
658
511
601
787
629
657
637
675
668
763
508
687
744
611
743
766
545
613
507
748
697
503
642
788
530
628
745
788
509
553
775
627
705
682
601
662
578
624
503
600
678
693
698
720
729
595
542
757
751
599
525
758
641
687
696
607
771
701
627
549
535
690
526
738
572
680
774
673
770
613
575
534
702
639
749
650
778
552
567
631
584
510
525
699
675
628
561
638
750
732
628
694
680
554
589
685
568
724
721
592
699
585
682
559
628
547
632
561
649
692
610
541
581
569
719
609
574
759
575
729
665
582
657
573
562
561
103
171
104
173
167
105
170
105
143
165
122
173
168
102
164
163
160
130
152
101
117
196
182
154
114
107
139
183
128
177
113
179
128
186
168
191
155
199
122
166
198
101
181
126
168
129
149
141
135
181
173
185
166
109
102
121
169
192
116
178
138
167
135
184
111
148
155
183
140
184
148
112
183
111
156
136
155
174
195
130
139
126
175
182
134
168
190
153
147
147
106
193
131
191
188
170
189
170
176
154
114
141
117
197
138
131
105
138
156
180
182
192
184
173
182
113
196
130
124
147
139
156
189
142
117
101
165
172
162
197
171
112
125
126
133
174
167
170
163
194
173
173
162
112
132
184
186
154
180
159
187
124
177
109
100
108
191
168
142
110
167
187
119
102
128
180
148
160
175
169
143
183
174
142
104
168
198
135
108
102
177
114
102
154
179
195
180
108
159
127
199
129
177
188
121
182
177
179
148
177
108
173
166
157
141
169
188
143
187
129
101
112
146
156
130
119
176
124
161
167
132
107
159
114
105
101
160
121
133
109
162
162
167
164
171
187
187
135
111
119
143
149
164
174
193
190
130
104
113
140
138
147
116
119
141
134
131
183
183
110
129
151
159
199
180
160
147
114
188
166
172
166
158
170
121
132
122
183
120
169
119
191
146
118
194
109
154
133
114
114
138
156
107
123
143
129
113
117
119
150
178
122
142
158
104
180
154
152
168
192
190
127
196
122
140
108
159
158
147
136
195
128
148
135
126
103
192
140
119
149
125
195
123
154
176
119
177
113
130
100
187
180
143
114
149
182
153
120
103
137
116
113
165
109
170
197
168
120
189
181
181
123
120
104
103
144
190
189
110
173
113
174
113
192
126
183
137
147
185
184
164
150
132
196
179
163
195
106
112
142
148
127
168
162
141
195
196
139
167
157
142
113
120
142
146
163
146
157
180
184
154
144
190
114
195
184
120
143
101
192
189
172
151
133
133
110
175
110
116
145
115
154
187
139
118
137
131
113
182
186
137
133
129
126
110
177
142
104
163
104
185
137
181
187
151
147
116
148
174
149
160
179
113
131
101
146
158
152
115
184
131
172
157
177
119
113
146
153
153
118
150
116
152
139
110
195
175
163
172
128
131
183
171
159
162
115
190
183
119
144
606
711
563
787
703
527
646
515
772
657
553
760
513
580
578
750
740
748
724
708
556
664
644
790
542
722
738
688
713
620
698
741
695
660
519
675
798
562
553
691
548
762
632
715
535
791
624
652
526
665
768
543
682
606
633
650
781
703
576
503
679
551
631
614
553
653
536
564
652
762
683
619
646
678
791
539
607
659
505
778
565
695
707
671
777
684
599
766
610
786
624
782
720
744
535
633
612
594
758
575
774
671
771
518
543
628
715
796
618
546
712
565
675
697
724
542
580
703
773
764
511
522
795
502
682
554
669
643
718
668
553
693
640
762
635
620
525
758
689
699
611
731
632
507
623
615
796
612
703
696
785
588
564
766
601
592
644
667
559
564
688
730
508
562
717
510
654
731
638
635
707
570
563
704
571
743
533
731
668
572
693
667
668
657
716
531
689
726
624
679
777
506
606
687
624
649
641
516
634
734
729
533
672
597
692
676
758
757
504
516
667
595
689
667
744
761
577
506
643
743
677
707
790
731
720
590
638
643
519
631
669
731
639
704
692
502
539
720
567
607
672
678
526
787
739
712
598
638
597
655
637
772
786
624
779
592
535
798
728
713
683
515
791
594
712
568
728
519
511
562
782
585
734
610
570
527
775
611
685
799
542
672
644
672
792
580
518
616
653
512
577
767
704
519
541
764
756
680
726
569
537
534
796
742
685
507
510
505
584
744
625
657
793
670
755
770
516
573
681
611
697
608
713
704
630
566
587
622
577
792
742
525
734
543
565
675
621
788
747
514
658
551
516
777
508
612
761
709
749
683
784
562
554
552
776
764
744
660
690
511
610
742
540
775
503
573
754
532
537
727
513
515
678
552
579
640
757
759
662
684
613
509
536
577
607
733
648
535
509
648
717
554
531
607
604
736
536
571
655
522
608
656
738
661
556
629
587
622
753
783
728
791
741
716
650
740
573
516
678
597
732
604
509
588
539
700
530
761
787
732
628
619
549
692
596
585
682
743
753
667
528
572
711
517
674
520
523
785
681
560
682
570
696
755
743
648
797
644
513
793
675
529
687
696
683
641
790
778
575
592
517
531
657
518
534
542
569
689
556
517
779
740
716
526
796
673
660
609
662
778
746
509
630
655
536
768
679
646
777
706
143
150
112
107
172
159
172
156
192
195
128
139
108
161
111
169
106
103
110
186
180
140
197
159
114
126
123
190
146
119
161
172
183
139
132
124
163
124
103
151
132
105
124
144
195
100
195
171
173
135
125
178
179
194
183
148
194
109
183
112
124
178
197
166
109
172
175
172
146
153
169
108
174
178
129
168
131
177
189
170
107
184
155
113
107
107
137
186
156
151
125
174
176
131
136
185
198
171
163
145
165
103
187
112
142
134
131
152
111
133
193
154
177
185
187
135
110
143
146
177
115
119
197
156
102
127
139
177
139
120
157
110
187
191
147
150
165
141
190
158
182
195
113
112
181
199
193
145
149
135
153
113
118
194
170
107
107
127
122
129
149
197
140
181
143
145
189
190
122
115
185
114
191
144
103
158
148
112
167
143
148
117
104
171
129
149
186
189
129
125
139
146
189
119
131
187
143
139
148
178
177
105
148
157
200
149
195
179
152
194
169
133
177
116
153
131
107
169
165
118
155
192
147
199
173
151
165
123
178
101
130
161
185
159
165
119
169
151
149
106
167
194
174
184
162
180
106
160
157
128
186
166
147
162
184
129
128
187
188
183
194
175
147
125
125
198
101
135
102
199
102
154
147
151
200
185
117
134
130
185
105
149
196
199
121
155
182
156
113
170
130
153
139
146
193
165
168
185
152
127
142
107
131
186
156
163
169
196
120
166
108
105
126
117
112
148
146
151
174
112
178
183
200
170
152
139
161
147
108
105
156
165
141
186
121
137
158
190
187
114
103
115
159
144
187
145
185
116
128
171
164
183
150
144
147
147
197
154
177
101
114
160
144
198
148
133
184
101
124
167
104
163
119
103
136
197
159
101
192
169
145
111
186
183
155
167
108
185
147
129
111
192
101
101
181
113
186
192
188
177
164
105
182
136
138
182
162
159
131
125
187
124
105
187
150
123
146
189
166
141
118
195
174
105
142
104
104
144
101
104
174
143
134
137
144
167
184
196
105
170
141
177
133
175
181
127
183
119
188
123
181
182
195
100
109
149
155
120
106
180
126
114
184
138
109
142
158
136
190
133
139
132
137
118
101
184
113
137
193
173
128
105
154
180
152
136
110
134
151
178
197
169
151
142
116
166
120
134
108
156
634
629
710
615
623
762
622
563
600
516
563
679
632
539
551
799
663
799
753
718
540
739
546
639
662
675
640
673
776
532
677
535
560
676
616
715
706
565
691
628
514
653
501
560
504
796
523
766
666
659
729
607
729
544
593
639
701
612
749
618
537
530
685
795
572
617
640
612
570
668
743
606
746
661
567
504
632
509
718
697
602
564
757
577
545
794
763
504
625
526
760
797
561
795
799
766
658
648
508
595
535
647
642
710
579
581
562
756
609
665
726
606
551
750
688
761
642
787
584
680
760
622
511
549
690
548
682
696
733
637
572
691
690
705
521
505
567
615
569
629
590
616
581
619
789
795
561
762
602
610
591
759
615
617
705
618
548
690
665
725
522
760
705
621
618
654
572
638
727
593
516
784
704
691
565
552
724
611
654
615
525
527
666
707
765
703
625
653
625
627
593
790
685
591
698
717
545
681
785
653
564
517
625
684
620
663
546
776
587
669
518
688
717
747
780
541
680
669
696
706
688
760
760
713
610
646
708
515
767
579
691
735
607
748
650
713
659
711
746
540
517
535
604
593
518
516
794
711
710
548
641
671
731
735
654
611
785
672
545
651
777
679
771
698
569
750
632
713
636
704
754
590
670
574
707
776
728
785
710
656
579
750
767
684
553
540
758
605
680
784
579
666
713
594
573
606
658
721
788
671
596
755
577
747
699
545
726
629
680
756
703
668
757
664
540
753
597
558
506
622
663
683
761
775
571
700
569
532
635
585
512
626
660
708
663
575
623
744
780
651
721
703
621
549
646
563
626
640
529
615
702
605
736
532
650
609
541
779
778
784
601
739
735
755
705
592
739
533
692
710
730
662
697
724
542
718
636
796
517
751
658
590
614
702
637
752
536
679
549
712
715
782
621
790
604
738
677
594
501
743
581
798
781
658
545
602
606
613
756
683
577
503
661
749
673
604
512
625
772
793
642
739
653
707
644
627
519
664
530
623
630
522
745
776
628
659
671
763
738
713
527
653
605
682
723
523
614
510
660
632
538
730
713
777
512
708
679
592
573
563
537
690
645
691
534
689
678
524
761
575
566
507
561
554
648
700
695
564
590
770
521
621
667
600
786
737
799
535
723
685
540
644
545
783
547
584
530
531
788
793
173
146
118
169
100
193
187
171
112
138
134
107
152
176
159
118
119
114
141
150
147
177
198
159
138
168
163
176
192
177
197
132
175
136
124
143
127
196
199
117
116
173
159
101
171
108
142
174
171
104
115
145
146
138
174
172
183
162
188
158
130
130
119
141
134
112
182
131
142
122
184
187
155
168
121
117
199
171
136
127
170
174
159
118
171
141
128
185
199
198
180
176
163
135
103
145
128
134
132
192
129
135
189
102
104
175
117
124
113
199
107
160
166
160
154
133
113
101
171
126
107
140
167
176
198
153
107
131
104
177
158
120
147
126
194
163
103
109
192
144
122
174
190
183
128
191
188
125
196
108
121
155
126
174
118
132
160
122
192
164
114
145
193
157
102
106
125
178
171
189
190
139
157
109
120
135
149
190
174
199
197
191
125
146
162
130
183
129
140
144
164
137
161
150
162
114
122
105
168
102
186
105
163
173
191
165
153
197
186
170
168
118
140
124
131
161
197
117
156
118
194
167
198
165
153
171
157
148
132
109
189
135
134
135
152
198
111
118
109
158
114
136
196
163
183
137
126
172
130
170
167
187
103
155
159
155
123
199
159
119
194
158
198
185
188
183
156
164
131
131
137
190
195
170
178
199
153
160
182
157
171
175
186
192
112
155
106
172
162
161
170
145
106
166
175
120
146
180
116
148
112
108
146
106
134
111
200
155
105
141
105
155
122
144
161
116
194
179
145
177
182
163
134
125
153
178
161
115
120
195
139
145
191
143
108
127
158
197
109
111
136
174
194
110
193
188
113
164
111
134
152
136
134
127
156
195
101
118
155
166
127
144
184
148
119
159
116
118
120
122
174
192
165
117
107
179
107
104
113
167
168
189
115
150
130
169
123
101
143
116
114
160
110
165
171
147
145
149
164
197
165
107
174
129
182
157
179
124
115
107
104
197
158
124
113
159
113
134
101
108
109
172
109
119
148
192
167
104
112
175
190
119
164
174
178
194
102
139
115
168
161
172
180
189
159
101
170
183
137
149
117
105
138
196
154
177
150
153
106
140
172
127
173
157
186
135
113
141
182
199
178
117
163
193
166
103
106
140
121
186
155
150
164
125
148
163
153
182
116
131
128
161
139
182
122
167
160
131
162
172
788
528
664
644
563
678
617
783
641
563
728
704
799
591
550
727
518
535
610
505
741
598
777
769
584
776
773
508
522
609
723
662
513
757
630
593
648
739
555
711
538
639
594
740
720
741
599
746
655
557
629
653
770
550
772
717
605
524
510
767
500
590
610
723
633
795
570
629
518
508
546
566
533
577
726
735
628
659
800
594
513
619
772
511
631
681
515
550
739
785
607
745
777
739
711
744
733
534
501
757
747
630
516
563
530
642
790
797
581
787
525
657
577
597
660
500
758
550
595
575
594
601
520
699
670
780
656
746
645
713
743
722
575
530
633
660
577
727
664
593
765
743
715
515
617
706
532
692
518
669
545
590
765
694
536
767
616
780
699
514
783
734
684
697
624
679
797
784
564
773
585
554
510
586
579
704
718
791
750
724
650
721
514
577
607
598
752
654
699
633
700
589
648
780
528
642
603
630
573
743
736
524
530
656
594
554
775
673
565
747
772
595
683
791
701
704
654
605
768
731
538
570
789
754
593
583
518
578
791
631
669
551
716
728
775
742
630
655
559
750
742
639
773
729
790
745
675
568
686
503
616
716
567
613
530
700
515
755
771
679
662
551
642
609
664
642
642
542
698
532
654
630
614
521
635
686
761
666
779
508
700
503
727
783
695
718
665
745
604
721
770
572
553
659
731
501
725
710
505
659
714
503
571
511
676
510
791
566
600
758
592
664
648
674
544
525
752
657
543
600
537
770
543
656
713
521
524
666
622
738
651
734
685
788
787
548
652
736
584
606
749
650
531
652
577
656
734
789
602
689
681
540
742
785
787
716
564
736
608
566
584
707
578
612
574
623
696
503
620
613
631
686
730
655
635
635
604
633
577
784
572
505
530
717
695
700
623
601
682
504
586
634
614
775
604
784
621
639
594
581
755
539
512
725
529
724
622
748
773
605
665
733
551
601
761
665
585
600
558
761
662
779
678
683
749
638
671
797
520
577
787
504
638
643
540
570
671
714
594
715
544
506
565
735
596
741
659
506
783
620
577
621
568
567
624
642
797
799
725
659
705
662
800
522
507
780
580
623
519
537
532
763
645
760
671
537
708
626
542
664
506
713
532
556
740
558
667
784
735
655
526
596
777
642
642
662
588
606
537
677
184
188
159
136
186
136
113
148
159
153
163
117
155
197
174
121
179
160
110
193
155
135
148
186
122
174
153
180
176
114
158
185
104
144
125
144
132
106
185
164
199
130
170
120
192
199
148
102
150
107
159
165
161
137
171
134
164
156
116
130
182
157
129
174
184
170
116
105
177
200
139
113
143
190
158
111
146
117
179
179
109
121
102
122
130
157
200
136
166
158
199
172
179
118
141
189
126
141
165
116
129
104
182
181
195
108
150
184
152
163
188
174
159
148
177
164
166
182
102
104
161
175
132
169
149
131
185
179
147
178
145
124
115
103
164
191
140
123
133
141
182
166
168
120
123
145
102
180
119
138
143
148
124
118
104
133
174
131
120
146
186
137
149
113
126
141
193
164
128
131
172
105
154
174
134
141
157
157
112
124
131
111
128
166
138
155
100
179
148
178
173
191
141
187
169
174
158
105
147
138
154
196
183
109
180
171
146
153
192
188
189
126
188
168
195
117
193
172
151
172
128
189
154
147
152
140
102
172
184
197
132
165
106
135
191
129
141
167
135
190
117
172
163
186
191
155
148
144
142
114
181
180
141
187
130
149
165
167
158
167
115
155
150
199
198
149
102
149
132
110
164
165
197
122
141
199
135
145
187
194
107
158
200
116
154
125
163
174
186
125
151
165
107
192
162
199
110
186
110
121
110
176
110
130
106
118
142
150
139
156
169
168
115
189
162
175
107
177
125
168
163
176
114
125
139
188
148
174
154
195
109
161
158
149
101
183
137
144
109
136
106
196
120
196
175
125
130
125
158
119
160
175
118
119
162
158
110
147
118
193
101
126
164
194
109
125
153
105
146
114
113
129
102
118
127
118
158
193
113
137
103
132
166
175
173
110
103
159
125
113
160
190
198
142
156
189
157
192
178
157
151
183
126
171
155
177
128
108
116
137
141
128
172
141
116
152
132
199
197
162
181
142
200
126
129
193
138
184
153
102
126
170
194
158
187
173
126
198
197
173
107
157
195
180
138
178
168
134
148
163
112
120
190
180
157
125
136
125
192
132
199
173
102
147
165
168
129
177
153
124
191
180
170
184
167
123
174
125
128
109
184
184
165
139
195
111
186
118
117
189
156
141
143
180
107
169
164
184
168
165
604
505
573
600
528
728
714
560
563
710
514
511
517
537
516
622
681
519
734
525
623
784
590
523
584
722
666
724
550
575
597
529
717
705
727
772
617
555
530
662
728
781
552
593
741
790
617
549
795
760
725
623
514
757
613
692
595
516
761
717
691
707
637
684
527
754
713
679
509
599
672
549
678
615
724
547
633
551
603
509
614
565
681
747
728
605
779
660
580
750
632
670
697
516
636
528
501
648
686
787
730
716
598
677
629
680
619
655
722
643
695
782
530
582
578
771
523
679
581
573
731
538
647
561
739
729
676
790
765
524
795
665
590
756
566
564
531
600
721
687
558
756
536
778
598
640
751
795
779
580
729
653
773
584
559
752
720
633
707
617
528
650
775
776
544
760
774
783
719
747
760
540
678
682
604
666
622
658
616
796
583
717
716
510
550
505
646
539
765
510
529
653
757
734
723
552
677
556
718
732
703
558
688
616
644
604
568
610
557
609
688
720
522
516
668
789
761
758
502
575
560
676
742
534
698
787
697
570
640
713
798
682
673
692
578
704
687
567
654
725
699
624
635
513
618
644
734
613
575
650
633
798
762
663
708
619
679
543
510
692
763
586
615
727
732
701
506
607
758
548
795
588
546
614
752
639
683
591
662
730
658
698
570
667
735
605
628
502
588
752
552
781
653
686
742
633
614
627
648
637
686
696
617
785
665
613
646
548
546
762
557
584
567
544
544
780
510
616
664
570
521
621
794
600
521
587
728
649
729
595
519
591
697
729
509
714
645
562
764
680
667
695
643
629
635
742
631
704
788
694
618
783
786
734
768
689
542
644
610
568
728
677
541
694
778
799
648
597
529
754
798
585
646
707
726
504
785
740
774
730
769
565
707
580
646
681
760
736
611
761
620
691
657
678
681
695
519
678
667
665
642
748
776
794
775
591
755
768
758
797
787
734
742
769
522
791
553
578
660
664
766
668
763
625
676
784
549
755
571
578
609
784
757
517
776
727
587
528
548
778
662
583
733
713
695
503
602
730
742
695
546
521
757
714
571
769
511
761
766
624
585
755
689
537
744
626
536
528
711
631
513
563
727
771
697
655
551
796
673
788
631
631
750
529
622
791
677
727
754
736
665
724
742
512
698
586
598
544
709
697
176
161
114
155
191
151
163
122
166
178
165
168
103
146
111
194
155
126
186
141
157
180
101
137
111
113
178
184
141
147
187
119
159
120
191
188
129
124
158
148
174
189
121
146
147
149
146
191
124
129
138
161
166
158
109
161
185
178
117
103
149
195
188
112
125
186
194
120
137
195
177
183
100
118
114
175
176
191
110
192
133
133
138
133
116
194
154
116
183
147
127
176
151
115
100
138
137
159
135
122
159
103
177
115
194
144
192
147
185
107
165
130
156
165
189
122
131
189
132
178
107
126
194
185
112
154
171
120
124
121
111
172
193
129
166
114
110
178
199
150
148
173
161
151
152
179
188
195
130
112
130
153
156
166
155
138
105
192
144
179
146
191
151
147
198
122
191
100
167
177
186
195
198
105
121
128
198
147
137
102
133
141
130
164
184
166
101
106
172
165
114
161
135
120
123
133
156
104
186
178
125
141
197
185
104
178
109
199
129
115
149
141
164
196
106
108
124
198
148
184
141
101
115
104
151
128
153
161
186
153
132
136
111
199
137
148
189
113
198
115
198
127
183
199
102
109
120
127
151
157
161
170
120
123
115
144
125
165
187
114
175
115
199
187
113
176
134
161
130
129
124
181
126
197
124
156
136
112
193
135
167
111
128
117
132
139
112
109
196
190
156
179
175
136
189
137
109
165
126
121
122
184
184
113
139
117
157
137
140
120
193
134
152
195
167
161
102
118
193
142
153
150
167
172
183
194
172
153
103
176
140
172
139
119
135
181
160
183
199
169
173
156
173
158
158
141
113
194
169
198
166
129
190
156
117
175
104
160
161
174
148
113
110
189
193
109
176
127
170
162
148
187
133
186
178
196
114
161
120
162
113
138
155
151
109
157
154
157
138
118
122
175
148
107
183
135
155
164
192
183
187
180
188
123
176
125
139
189
141
158
162
195
153
120
159
139
165
118
164
115
145
190
135
164
182
194
107
110
192
153
174
142
102
117
183
175
160
195
150
112
164
152
133
135
144
172
129
120
178
104
168
117
172
101
103
153
114
178
173
116
150
118
115
174
180
103
129
185
193
199
146
182
189
114
140
110
117
144
131
158
148
197
106
180
141
166
168
137
162
187
128
197
183
179
153
180
159
179
106
100
755
622
715
738
525
631
665
756
548
612
665
539
720
724
507
603
666
743
666
676
627
697
669
515
502
667
627
746
508
687
673
604
709
646
652
660
630
649
570
676
698
575
520
779
682
683
785
743
753
529
772
662
717
587
660
674
560
737
752
680
534
564
757
507
561
541
507
690
528
593
550
672
784
565
736
621
647
705
729
685
715
511
713
728
644
522
541
668
732
551
674
677
526
785
551
781
647
769
782
783
676
525
755
646
604
629
791
692
506
583
630
781
570
527
656
640
697
637
791
681
724
773
566
705
702
577
595
738
680
501
731
646
742
592
737
601
595
629
710
684
702
650
767
690
578
766
723
660
515
518
605
636
567
663
616
722
695
773
642
590
658
669
601
716
683
674
715
783
717
664
509
599
690
697
708
653
541
539
739
788
660
719
543
702
748
627
712
617
773
715
547
533
554
502
726
795
544
787
739
751
766
748
673
657
637
710
627
664
713
592
588
756
645
573
508
579
570
604
675
768
524
682
661
670
508
622
642
672
607
713
605
603
598
579
574
733
643
510
535
748
611
740
503
607
555
714
695
704
561
670
794
670
531
576
607
644
694
789
659
769
515
625
612
658
645
560
583
554
514
794
625
524
579
612
610
597
720
616
659
500
617
649
553
506
634
526
593
597
704
749
519
575
718
798
701
663
751
638
722
597
649
688
688
713
563
657
687
518
674
756
517
753
743
779
554
790
542
734
770
636
546
699
717
518
576
588
661
641
552
645
759
526
735
536
535
701
760
583
564
568
534
684
785
599
775
796
619
630
776
654
559
596
675
648
664
632
579
732
703
516
615
616
677
670
544
624
511
573
600
675
639
741
584
764
574
668
594
674
615
586
668
594
674
760
540
752
736
534
507
522
571
544
729
704
711
698
707
772
575
582
680
660
517
771
529
672
619
688
579
542
552
708
611
740
619
693
575
547
732
764
689
626
536
728
650
515
768
583
752
518
656
577
687
710
660
787
516
558
654
718
692
792
694
651
531
584
756
797
770
760
540
546
550
574
716
751
526
743
521
616
501
587
604
784
523
599
688
700
780
757
789
756
783
740
591
703
581
528
769
598
639
548
506
778
708
537
797
791
692
553
624
574
765
581
590
620
507
539
792
716
182
152
192
189
167
174
102
190
142
106
170
120
142
158
139
198
138
103
143
165
158
115
116
132
148
131
190
104
118
113
163
132
113
123
191
193
142
143
122
106
146
181
149
107
165
172
138
187
106
144
133
136
124
125
129
186
187
184
121
163
198
111
194
182
115
133
186
109
107
170
157
112
129
107
150
123
144
148
197
116
118
138
178
185
102
168
183
167
111
127
113
153
192
114
184
141
102
163
157
125
186
179
164
125
159
153
117
115
161
139
164
124
126
161
193
111
120
103
184
142
114
195
170
163
199
137
178
120
151
170
149
125
153
175
147
128
121
119
130
176
174
193
139
133
159
190
119
107
111
167
114
195
185
171
149
170
161
103
121
131
105
181
176
192
102
141
147
197
198
108
130
188
138
117
135
157
199
127
176
197
177
159
105
113
110
188
178
119
155
111
123
165
171
196
176
142
193
193
155
127
108
127
134
173
175
123
125
131
199
118
110
143
165
140
158
120
134
127
183
123
120
185
167
127
192
163
188
105
190
115
173
162
148
157
125
183
138
122
145
171
127
196
105
176
131
192
143
146
147
107
186
117
165
151
197
138
103
107
138
168
160
150
158
143
143
179
194
130
196
197
175
120
112
161
136
157
143
159
133
133
168
152
187
168
108
124
180
107
121
187
170
109
159
132
153
143
115
169
154
128
112
148
198
121
112
118
183
137
199
150
188
139
122
125
139
139
198
162
193
176
115
143
114
163
128
157
162
169
153
139
158
164
163
118
197
169
168
103
167
162
130
102
102
168
139
148
190
182
197
190
142
152
122
129
167
152
189
195
126
148
196
168
197
130
112
171
148
148
169
177
158
191
160
133
116
145
183
187
174
168
115
134
115
112
160
182
137
183
187
198
106
112
165
127
197
109
178
111
188
119
156
153
151
115
193
121
133
195
145
145
158
174
155
104
197
174
191
141
100
169
136
195
139
175
119
188
191
183
175
158
145
148
180
139
188
110
114
145
147
103
151
116
139
189
120
162
177
140
140
175
112
180
140
175
174
167
152
184
174
119
102
135
146
109
146
165
175
195
180
156
128
179
136
145
101
140
141
173
132
184
130
123
101
109
117
119
180
184
134
190
140
190
198
161
144
181
130
194
111
164
601
668
768
516
751
774
553
649
518
765
658
733
789
656
760
731
779
695
559
627
684
633
666
784
569
602
531
632
793
754
595
729
773
655
612
648
511
720
552
777
518
624
677
559
762
592
716
644
673
648
643
637
687
565
662
757
705
660
539
707
650
524
719
531
579
552
645
670
520
765
695
701
723
582
587
536
649
749
723
750
526
503
628
509
585
772
637
541
547
765
656
761
799
794
619
540
581
676
669
664
574
595
762
509
623
595
517
687
789
690
782
566
589
559
778
795
562
645
782
770
580
707
658
542
657
715
683
530
689
520
553
568
722
525
668
763
626
630
573
633
789
568
518
710
667
707
663
680
782
606
684
580
569
653
537
629
584
673
556
666
596
773
695
573
538
548
589
568
797
648
741
670
760
510
782
557
756
772
556
717
726
758
791
693
653
623
693
614
570
795
764
588
611
575
512
593
672
698
577
553
763
538
540
521
682
720
627
739
583
645
763
548
774
795
587
627
688
797
747
687
580
656
593
638
562
727
785
791
741
614
707
651
595
731
714
709
724
624
630
504
680
559
785
606
525
675
771
505
604
743
669
662
507
796
792
633
528
541
694
548
609
642
511
617
594
528
697
797
756
603
509
751
611
553
617
543
714
718
657
536
776
603
529
740
580
729
674
510
709
521
548
615
704
751
777
773
742
688
774
766
549
781
689
797
745
644
575
800
544
777
724
750
643
775
680
787
559
774
747
630
635
756
636
636
501
511
572
645
785
670
664
624
645
560
588
524
568
646
766
682
758
709
600
683
708
699
577
758
751
681
595
759
542
710
507
657
536
707
576
513
757
515
689
782
685
553
552
589
750
620
752
662
558
752
500
529
655
578
531
578
594
745
659
558
753
687
642
581
593
776
781
764
531
618
575
791
720
690
583
631
738
545
774
678
586
568
639
754
761
752
749
537
639
502
554
631
718
621
605
514
561
558
505
676
781
533
785
607
600
556
783
570
646
734
682
626
698
799
658
622
595
643
634
663
689
581
638
604
777
622
512
699
791
642
727
529
508
619
775
659
677
798
662
723
577
677
740
743
662
745
796
722
572
703
783
592
508
666
743
780
643
534
701
706
770
532
741
703
800
724
758
531
661
781
773
522
527
620
602
561
182
173
125
138
112
106
144
137
149
196
163
134
194
176
198
173
141
179
105
112
108
195
130
180
186
191
162
199
111
190
124
149
117
158
168
160
160
172
106
121
176
182
169
177
183
137
122
160
184
149
180
180
171
122
155
167
142
113
121
173
102
176
148
166
151
158
132
104
124
129
121
135
109
172
174
118
143
196
160
110
199
172
157
111
164
193
108
130
123
118
156
176
142
134
123
145
149
168
111
159
110
171
197
197
168
134
108
123
171
159
163
190
101
130
151
159
157
181
165
148
156
190
197
147
192
167
134
129
161
150
156
105
175
111
183
173
115
159
107
170
194
168
102
191
169
158
109
184
122
197
122
195
143
181
188
138
154
192
198
158
148
188
131
118
189
176
173
159
178
155
119
196
148
124
121
134
197
193
177
137
169
195
165
119
154
192
155
149
111
132
180
163
118
103
123
159
168
125
102
136
101
129
102
109
168
144
198
166
147
159
196
115
159
164
155
169
138
133
155
146
199
180
159
105
183
142
193
159
103
177
136
157
106
157
177
153
128
193
139
190
151
197
191
119
191
172
166
177
131
156
157
112
110
183
157
144
118
194
155
190
132
116
117
147
173
169
176
174
155
134
156
147
150
136
133
148
164
131
189
161
148
188
120
180
143
142
171
179
177
102
103
196
115
126
115
107
130
166
121
195
111
197
170
158
127
170
143
118
173
183
142
176
106
106
190
106
101
173
105
178
171
116
171
121
195
196
142
149
190
123
193
162
140
140
134
124
193
147
171
103
138
128
157
146
122
140
119
181
104
147
129
190
131
156
131
151
182
164
107
166
198
118
150
134
138
119
178
158
179
142
106
110
121
194
101
153
172
149
157
168
196
125
122
128
167
154
136
121
120
197
149
144
148
102
129
199
164
104
102
168
152
139
161
160
173
197
168
126
158
153
105
102
140
113
118
152
182
108
141
151
110
136
146
127
179
133
108
104
170
148
106
180
153
124
114
184
141
196
171
174
128
162
185
200
181
146
109
123
103
107
142
187
178
149
129
192
140
131
147
132
139
190
187
197
159
194
167
134
168
110
161
142
173
171
113
114
123
136
122
121
127
122
121
118
113
190
162
138
167
176
181
183
161
123
180
175
180
105
135
164
646
728
670
661
706
569
796
531
613
533
653
705
763
698
605
504
779
591
571
555
641
575
660
782
771
595
733
629
749
653
754
536
614
645
661
572
548
704
766
781
508
712
507
772
748
545
654
746
727
687
636
516
624
721
732
638
737
746
641
673
580
736
761
795
542
674
683
568
640
754
550
759
553
720
548
506
758
612
789
679
788
744
531
728
718
740
757
634
619
672
792
778
776
770
711
520
645
617
514
525
712
594
643
760
782
694
684
776
624
754
699
621
615
593
587
581
791
736
705
637
681
732
672
734
552
627
630
680
650
788
561
661
561
614
522
608
583
794
624
633
764
500
529
527
739
750
774
533
572
731
578
620
508
589
622
522
535
532
633
638
692
568
690
536
694
776
715
796
656
737
579
648
638
548
503
783
537
759
505
610
651
637
639
693
626
690
656
724
581
730
621
695
767
741
596
549
706
775
582
525
762
787
559
732
784
782
585
765
718
799
705
539
663
677
696
693
775
779
606
665
664
662
757
780
768
511
622
674
626
689
717
567
614
611
776
533
536
680
746
751
705
781
716
517
583
748
793
677
576
583
561
546
625
583
726
536
626
647
681
554
631
511
571
686
756
577
649
641
793
623
680
613
648
525
773
786
714
713
771
631
735
643
664
709
587
511
702
782
693
723
587
676
720
763
651
563
678
618
623
633
730
741
538
536
745
718
785
743
602
769
782
667
623
668
790
730
666
643
760
503
784
537
774
530
565
791
532
625
535
593
734
666
697
634
690
582
686
529
547
670
583
632
524
799
538
762
785
519
509
800
533
599
546
566
513
534
694
732
560
569
601
791
577
686
561
644
745
799
667
690
563
546
751
622
526
558
724
702
672
589
564
746
612
518
568
624
585
789
777
652
609
678
633
617
570
774
772
700
587
592
725
642
628
501
681
595
585
742
614
676
708
566
515
546
610
747
646
516
582
753
733
726
555
681
785
537
592
679
741
736
737
747
581
765
607
531
512
534
532
732
712
558
641
565
640
685
584
791
620
708
525
765
522
698
663
535
660
681
639
515
688
642
645
613
564
636
788
680
529
657
525
747
588
795
530
575
748
787
648
561
753
581
674
624
756
515
523
622
791
715
696
780
668
657
649
568
576
659
597
604
171
157
133
115
119
169
169
152
101
111
161
114
175
164
170
167
114
149
162
139
162
161
120
139
178
123
161
166
149
132
150
117
120
195
147
149
154
154
190
189
192
138
174
101
137
133
118
103
188
113
197
159
160
174
110
103
190
160
165
161
179
180
156
123
131
139
178
197
181
111
154
110
159
197
151
132
134
198
153
101
170
149
193
165
188
119
108
132
145
126
164
193
114
164
134
104
126
178
200
140
129
135
174
139
105
193
181
187
185
192
138
179
131
117
137
126
146
168
195
128
157
125
186
145
119
124
153
180
138
177
179
121
147
189
103
184
121
151
192
152
180
123
143
198
127
105
191
179
122
132
159
145
164
167
197
157
128
189
133
142
181
120
126
183
151
165
132
155
131
125
171
134
157
125
136
190
183
108
141
190
119
189
131
154
136
152
179
184
133
157
140
145
125
148
178
155
147
189
131
184
183
169
138
177
117
138
121
183
116
181
124
141
182
122
161
198
199
133
108
130
122
169
117
190
129
124
133
165
104
107
126
182
127
169
164
189
102
104
181
157
144
147
104
142
117
142
164
180
133
114
182
162
134
102
145
175
164
111
148
155
136
195
104
131
183
144
139
153
110
138
199
109
144
193
200
101
183
120
165
178
101
198
142
107
150
135
109
124
121
118
194
117
153
161
168
195
108
162
170
158
181
156
129
134
170
136
138
117
152
108
117
156
115
172
170
198
163
183
137
159
141
115
133
126
174
121
136
105
131
136
175
102
166
138
124
119
190
122
132
106
186
199
153
140
116
111
200
200
167
185
156
179
153
119
195
106
159
182
170
135
159
183
102
193
158
176
196
156
115
108
125
113
117
144
103
143
167
160
119
104
183
144
175
159
163
152
191
127
127
170
193
127
129
175
174
198
103
175
184
115
135
108
149
182
171
124
124
124
126
152
196
154
182
112
186
120
171
118
196
107
111
187
127
168
195
200
183
137
143
150
155
190
160
110
120
117
154
162
151
155
172
190
139
166
194
170
137
165
184
154
118
179
126
155
105
123
163
114
104
186
192
131
150
200
127
168
112
115
147
199
160
153
117
119
179
177
113
129
194
181
126
141
114
186
136
168
182
197
102
145
163
139
156
198
135
105
149
147
127
124
576
665
700
677
545
532
537
778
629
647
581
529
757
736
523
617
736
596
784
585
658
634
507
698
624
641
715
774
771
637
796
506
638
718
738
533
570
580
749
724
625
570
718
642
634
780
761
663
737
635
610
598
540
740
588
698
540
505
744
793
519
798
538
621
529
654
677
508
649
598
522
685
663
523
512
784
548
686
565
515
528
638
792
786
687
562
511
712
718
756
565
520
541
516
558
699
793
724
584
504
548
797
622
512
673
678
629
595
749
556
571
740
663
614
521
614
555
548
643
624
792
675
758
574
775
520
584
526
543
688
500
566
694
725
524
600
650
535
653
778
703
569
582
574
604
606
763
736
687
742
776
639
765
526
502
565
596
648
656
685
742
595
724
631
500
538
537
591
687
689
728
752
585
689
518
593
622
554
580
727
679
540
693
509
534
741
733
661
564
528
730
692
571
597
786
730
753
659
631
514
566
682
637
697
731
736
653
561
603
666
568
741
636
553
749
693
756
753
598
674
678
769
624
723
674
583
751
505
533
754
784
752
699
549
731
734
758
764
747
632
747
508
759
572
741
718
754
544
628
676
674
563
549
529
734
630
743
699
570
565
744
661
794
730
535
516
782
795
765
570
624
745
690
683
708
544
514
711
669
706
574
539
626
587
724
557
741
596
740
572
745
605
650
593
647
538
554
535
588
558
702
519
517
578
778
795
766
800
750
552
524
690
571
708
781
537
683
647
560
548
650
623
742
546
517
555
639
707
537
527
560
713
556
715
780
708
632
562
641
695
766
781
527
689
517
661
774
712
799
520
516
609
647
695
676
542
705
549
699
662
780
766
606
737
755
624
701
557
659
583
631
517
752
609
746
530
625
510
730
662
602
574
799
692
551
555
689
556
593
587
748
784
523
581
601
722
724
783
674
539
695
502
709
622
746
584
712
754
767
779
526
531
552
798
716
735
592
578
705
738
737
706
644
727
522
682
643
557
598
746
517
646
666
739
693
536
664
694
567
784
794
538
798
625
731
540
763
737
601
642
693
761
609
680
781
690
639
760
609
717
631
622
506
776
647
673
539
679
772
779
532
582
541
796
588
603
571
790
629
700
599
610
722
621
637
647
778
785
654
579
608
577
750
646
527
690
544
708
689
638
