120
188
186
107
172
109
179
140
167
183
174
135
193
109
141
190
170
190
162
197
183
118
113
187
148
126
142
126
111
108
175
157
123
128
171
111
165
110
179
142
171
140
135
126
191
173
188
168
174
147
182
182
196
170
147
187
185
129
160
156
102
154
121
145
178
194
169
104
133
142
195
117
117
192
130
187
169
155
110
141
131
179
138
168
137
149
168
176
180
144
161
171
103
103
195
185
126
197
157
112
148
153
187
163
113
154
134
105
147
164
193
140
106
127
125
198
150
191
147
154
159
122
190
166
163
125
123
115
163
102
176
159
104
159
105
141
167
187
158
161
177
173
160
170
125
127
139
126
199
179
160
161
174
137
186
108
166
100
172
153
195
141
117
191
142
101
128
120
108
128
148
117
103
193
119
127
113
179
165
175
179
138
174
134
193
143
103
148
174
138
137
190
132
184
159
136
165
183
156
170
184
150
178
126
103
106
109
160
171
181
179
128
112
124
140
145
127
181
149
168
164
190
129
189
188
160
146
191
136
130
138
111
182
136
139
110
177
115
194
121
180
149
106
181
187
183
200
111
118
181
191
145
171
182
140
122
128
187
182
185
121
114
111
122
104
124
109
187
102
181
105
199
189
145
195
177
109
109
164
107
104
180
136
113
149
179
163
127
189
190
176
174
127
119
126
127
159
151
123
198
144
104
141
130
189
107
181
133
193
174
167
129
103
105
179
153
192
200
178
164
175
174
142
177
188
183
161
115
141
115
101
115
101
108
181
163
140
101
191
162
153
140
142
102
132
145
116
191
161
157
196
134
107
185
128
139
123
113
125
161
130
135
159
173
138
135
124
177
155
161
109
145
112
184
200
190
142
115
169
150
152
102
166
146
171
162
116
177
146
107
193
114
117
126
173
178
178
128
190
110
124
148
159
108
104
124
182
185
161
198
139
152
176
189
112
194
102
151
157
193
175
121
169
112
148
196
115
138
169
150
114
137
121
197
124
194
153
132
105
180
176
119
181
135
168
152
168
177
171
100
111
175
145
175
110
128
164
161
113
109
119
141
185
140
122
173
104
134
127
134
181
118
106
160
163
165
175
145
138
169
184
140
119
193
178
189
141
163
101
164
100
117
135
147
123
148
181
150
197
123
755
561
748
525
747
615
714
526
574
794
572
653
664
679
735
713
578
620
732
787
710
720
635
575
787
710
536
572
719
665
556
599
761
707
746
603
632
526
665
633
577
551
679
795
690
738
589
546
789
707
766
580
671
646
606
563
669
546
599
567
753
641
796
696
586
517
552
788
724
521
591
792
607
699
685
649
779
624
767
514
553
666
723
795
746
547
560
683
672
675
665
723
729
604
698
595
783
582
545
633
506
653
503
784
737
747
563
699
619
544
693
643
688
533
540
688
786
626
569
739
612
627
652
637
536
592
711
774
516
752
522
643
735
793
684
695
670
590
681
734
713
568
646
579
581
596
754
543
628
663
524
606
572
790
789
582
551
766
551
509
546
747
693
668
727
676
764
656
522
665
618
605
522
567
554
688
770
759
779
547
681
765
769
592
601
671
663
548
509
641
741
739
752
610
609
648
693
554
716
556
511
787
693
559
610
622
703
690
502
761
722
525
595
616
566
516
600
695
542
707
580
717
557
794
672
603
563
789
569
593
764
742
593
767
513
703
766
664
619
676
589
717
736
605
629
588
643
653
756
529
584
707
608
669
721
732
512
593
751
712
758
572
704
514
662
551
542
604
770
654
588
712
617
769
622
775
521
718
574
504
694
693
623
533
576
625
692
668
788
797
634
739
566
759
554
728
653
535
507
686
687
736
633
570
551
612
702
550
521
719
655
777
567
734
611
683
766
695
785
556
710
516
776
648
725
674
539
516
581
591
725
709
757
657
727
617
742
570
651
547
676
620
652
695
560
546
503
595
718
650
710
686
584
530
789
603
682
795
712
779
777
664
658
519
547
607
721
694
680
676
533
658
783
577
591
751
799
685
678
569
615
778
719
555
535
750
696
510
597
559
652
534
730
501
658
598
713
764
635
745
777
798
736
676
799
512
634
517
663
629
646
713
670
533
779
775
635
554
667
630
651
607
523
768
531
611
749
759
737
781
744
574
527
597
743
683
721
573
556
662
613
525
774
636
755
555
610
502
732
740
652
700
660
561
678
630
506
792
637
772
634
794
736
751
607
753
795
786
590
708
695
723
589
688
695
797
652
770
606
635
670
582
626
686
778
543
671
687
773
541
664
753
664
522
518
595
755
739
507
624
126
179
193
155
196
110
176
182
116
138
133
191
123
189
117
196
133
153
195
159
155
165
108
162
161
188
181
107
111
163
116
188
127
164
183
180
168
169
116
110
179
170
114
168
147
164
163
129
184
174
109
140
181
123
133
175
151
187
115
183
174
100
179
159
171
103
164
161
142
154
158
113
199
115
161
132
162
190
169
161
178
173
175
157
121
113
190
117
183
195
111
187
175
161
160
114
150
121
170
168
105
185
108
109
114
101
158
186
106
176
105
135
196
154
179
141
159
178
131
194
172
185
101
187
158
190
107
137
112
152
188
168
191
197
131
102
122
176
167
156
162
131
140
176
134
184
104
133
156
172
109
167
184
123
178
184
176
191
106
175
124
165
116
170
111
154
197
132
139
124
147
132
102
135
192
145
162
190
124
199
155
134
163
136
115
103
130
189
109
183
107
169
126
188
101
170
185
165
112
119
172
117
179
131
190
194
149
108
167
108
108
200
142
137
173
112
161
179
161
126
147
191
144
129
118
144
134
104
170
118
123
129
124
109
194
120
136
142
164
193
163
160
138
101
143
105
142
164
134
196
170
189
157
174
199
157
126
190
173
136
159
119
186
137
200
180
194
139
135
138
130
117
101
128
106
172
120
176
116
116
133
148
147
159
194
180
146
129
123
107
114
181
123
183
164
132
152
129
145
126
103
100
137
156
143
135
190
151
174
188
163
131
187
168
142
162
155
105
191
170
187
152
197
140
187
119
115
164
197
142
114
101
156
171
171
152
164
156
176
175
192
151
120
104
173
160
151
119
169
179
112
134
146
139
131
139
118
101
127
173
139
179
108
167
130
114
172
149
168
142
140
176
165
150
101
144
177
195
108
106
125
141
106
149
134
138
153
132
153
152
165
110
141
192
143
143
160
167
140
124
194
101
146
142
163
172
193
102
148
196
126
150
155
190
109
173
185
188
187
163
191
120
119
147
189
108
177
127
101
177
125
186
165
156
130
164
190
194
128
138
190
121
199
193
170
176
116
180
183
176
173
139
122
185
150
107
111
106
145
189
149
180
167
109
167
100
108
182
175
195
123
164
123
184
126
198
168
157
173
160
128
102
141
183
172
164
181
173
139
151
162
147
125
183
174
130
149
161
131
101
727
727
791
574
598
782
645
502
662
557
739
517
681
793
713
717
566
628
634
596
661
700
764
533
693
721
651
686
561
553
593
557
772
757
542
560
795
507
743
674
564
714
678
629
530
629
674
704
738
585
650
631
543
582
514
760
740
543
619
545
763
561
664
542
522
616
600
606
780
687
759
689
629
747
739
618
783
656
668
640
655
714
564
513
760
584
782
574
575
544
780
762
735
769
763
678
643
590
503
504
672
789
725
777
577
541
718
699
612
726
577
755
551
661
575
686
557
773
745
648
501
775
507
697
571
536
623
658
790
641
716
741
673
776
641
792
511
557
778
790
669
671
781
743
716
768
615
571
763
779
707
574
567
740
554
598
562
616
656
595
708
781
625
650
580
611
697
770
588
739
752
607
649
501
638
726
757
599
786
608
559
756
695
672
592
723
600
682
529
503
642
661
731
794
716
687
693
683
590
596
515
647
700
512
656
793
575
670
732
634
611
608
778
509
722
630
588
631
596
592
567
643
616
776
787
730
503
639
575
795
629
759
597
512
641
674
780
729
773
691
636
617
574
628
578
581
684
656
701
760
732
668
517
693
680
565
707
715
675
503
518
564
594
697
717
544
752
524
668
594
749
793
608
662
745
719
716
512
675
643
726
549
747
703
731
615
518
786
638
719
767
592
508
611
596
788
626
675
624
538
717
513
779
593
600
534
796
784
533
540
773
597
753
671
768
569
557
570
659
526
693
735
582
614
695
510
729
760
772
648
503
525
728
665
561
520
698
535
655
796
523
666
765
735
602
505
651
702
756
798
726
537
687
512
646
702
634
702
645
658
560
776
771
645
571
723
551
768
748
781
625
578
709
760
506
618
728
683
519
788
573
771
730
733
512
596
553
615
763
525
672
795
595
760
678
502
683
752
546
612
632
553
755
564
718
717
641
651
777
631
628
766
778
547
700
759
751
606
537
648
666
706
615
725
797
647
620
526
708
794
664
710
564
667
757
627
638
782
768
783
760
771
576
640
655
671
681
617
739
690
631
599
751
799
688
584
659
669
620
737
551
617
777
650
756
549
716
718
746
555
726
626
779
758
782
781
790
709
686
564
777
729
794
761
713
534
682
797
543
684
770
689
579
556
648
504
628
670
740
587
173
132
147
161
130
196
142
128
134
148
192
178
132
163
129
183
127
149
158
142
168
195
187
186
186
178
150
125
186
113
133
175
154
175
186
136
143
123
107
140
162
178
114
178
174
106
139
132
190
110
136
144
193
101
127
183
161
189
145
176
195
165
174
172
169
108
120
143
196
180
163
112
131
120
182
103
109
144
104
135
105
125
170
110
118
139
167
120
117
180
188
137
184
156
159
163
146
163
153
135
168
159
125
122
134
160
132
178
195
126
111
140
188
181
164
118
144
160
178
182
190
176
148
135
163
101
132
170
114
108
121
148
141
140
113
139
111
140
197
123
198
140
166
198
136
182
163
151
136
154
183
101
132
144
148
161
138
118
141
140
103
105
122
169
199
165
146
189
151
152
108
194
184
182
118
132
185
135
145
142
158
101
198
152
118
191
140
188
184
102
188
189
138
143
141
128
157
195
180
178
153
168
183
191
200
200
198
159
157
162
143
101
182
103
123
198
151
139
198
176
160
164
109
184
169
186
146
130
180
165
123
151
179
152
137
119
141
129
141
116
177
137
142
165
194
195
129
139
155
197
139
176
184
149
141
169
129
189
164
159
144
155
187
128
125
170
162
103
125
114
146
195
142
112
143
104
199
189
155
182
139
171
184
196
107
124
166
124
159
164
148
175
132
196
183
136
189
103
149
159
107
110
165
150
197
166
143
185
106
126
169
172
178
147
128
114
154
120
189
106
139
124
193
105
159
137
113
104
196
171
165
176
175
125
196
120
154
196
114
178
162
136
154
158
135
150
103
102
120
170
189
152
152
134
158
185
146
139
193
110
137
171
192
200
122
124
110
138
140
131
108
120
147
134
127
127
119
160
148
170
123
158
166
199
124
102
102
164
108
116
185
159
151
119
116
162
102
154
136
167
199
142
104
138
120
173
124
189
139
168
163
139
112
182
126
156
161
115
164
194
183
113
147
163
180
164
102
159
188
111
182
112
113
174
127
172
113
141
194
120
144
108
149
109
190
129
131
142
172
127
166
108
168
196
176
188
146
175
148
137
104
107
102
160
110
123
197
108
189
179
111
156
171
101
102
180
113
185
138
171
108
105
114
180
168
127
142
145
142
192
151
158
153
139
169
176
168
106
192
129
763
518
513
570
595
594
791
672
539
527
728
783
624
797
520
730
518
739
536
522
769
754
781
564
532
781
717
550
720
783
569
644
697
649
725
651
611
679
669
787
693
754
554
541
721
657
562
716
596
502
551
665
770
648
775
635
773
560
729
516
650
512
605
540
527
761
680
655
735
505
551
554
651
560
773
623
548
744
526
644
701
617
511
633
646
749
618
774
621
773
729
728
662
575
505
563
566
732
680
727
501
547
571
522
532
679
712
517
740
694
661
758
587
537
542
769
625
582
633
689
759
630
787
709
741
680
769
556
681
521
755
658
643
572
527
533
714
502
777
505
630
680
674
717
640
526
503
609
533
751
510
625
571
667
687
610
606
769
540
722
590
608
654
506
519
534
670
709
527
627
782
760
551
771
518
592
628
573
739
529
711
588
585
556
605
536
545
517
573
550
661
559
519
580
777
574
611
678
506
749
550
704
681
550
655
676
666
577
794
793
516
706
685
708
657
598
706
664
754
639
772
718
615
775
745
514
695
694
648
660
544
572
527
543
654
607
623
731
540
697
750
699
589
610
618
615
589
663
633
520
552
690
702
635
608
607
647
715
764
702
629
755
555
715
798
603
577
594
576
736
550
509
725
773
763
575
655
700
697
677
724
732
760
549
737
535
677
587
771
537
532
626
582
502
709
775
506
683
653
643
635
620
728
523
514
617
511
612
746
711
751
539
662
790
746
523
631
555
740
568
731
705
689
536
614
508
646
654
576
635
673
754
797
673
648
512
779
519
647
788
736
740
682
762
705
743
573
729
558
729
617
657
563
740
580
687
500
592
564
744
641
735
575
669
731
773
585
670
725
731
534
786
719
727
676
747
792
755
526
702
729
537
644
585
578
720
789
626
787
629
680
625
731
599
775
753
562
622
690
501
691
736
754
512
536
697
675
577
682
521
764
710
685
675
511
650
531
571
563
568
640
736
798
791
774
566
797
565
548
648
651
603
517
800
570
799
663
681
583
657
589
783
657
640
615
679
595
578
565
773
668
661
715
783
528
515
532
697
662
700
651
637
758
679
626
510
669
564
693
726
617
677
547
715
635
773
551
572
511
717
585
780
501
770
724
524
524
635
623
600
676
669
793
655
564
670
571
733
543
614
122
132
168
185
141
184
152
157
181
122
196
150
175
111
103
149
104
137
104
120
123
102
127
158
167
192
116
150
167
156
173
187
114
184
156
188
160
147
139
190
123
130
116
193
154
141
189
198
187
129
115
156
152
115
162
110
149
110
108
190
124
142
199
127
148
131
114
114
188
141
151
152
115
128
142
162
178
128
198
114
125
143
183
165
173
143
151
180
135
152
180
174
128
176
118
134
111
122
188
139
187
146
165
162
175
149
184
176
142
196
144
189
156
127
146
175
199
198
183
193
102
114
139
197
153
170
182
163
152
155
155
114
192
146
116
152
156
188
135
177
173
123
143
175
174
129
188
198
144
131
102
121
171
145
132
161
123
196
182
190
148
108
169
164
179
155
158
128
148
158
152
199
185
143
144
109
149
166
122
161
181
130
194
146
161
108
138
125
189
144
139
102
112
161
188
196
111
199
170
178
171
148
111
122
178
138
138
124
108
173
146
135
127
177
177
137
157
120
115
157
129
156
163
109
152
152
116
192
143
127
151
127
139
170
189
138
120
111
159
104
106
114
181
195
151
174
187
128
101
101
193
142
141
200
127
190
138
145
172
130
165
138
131
178
160
119
159
111
106
140
155
140
111
183
155
125
160
119
146
178
112
156
182
177
110
115
174
154
186
117
117
200
158
188
181
162
152
198
190
122
194
192
149
156
188
124
200
178
109
143
142
185
200
166
147
113
122
138
196
109
115
110
197
171
186
198
119
189
103
168
181
178
113
187
105
160
126
111
179
130
160
156
177
152
191
134
144
172
110
191
151
154
111
115
131
168
173
114
102
141
119
110
103
180
181
196
145
187
101
123
132
115
116
158
125
118
150
167
139
155
193
109
141
101
161
144
198
146
185
128
154
190
172
188
106
189
148
123
169
185
168
197
151
177
159
109
121
154
145
109
180
162
186
175
135
111
142
193
142
161
188
149
127
170
168
173
180
163
185
124
161
120
172
117
195
111
132
104
142
134
137
148
147
140
168
199
125
130
136
198
118
120
200
126
166
153
136
103
171
181
127
167
198
160
107
158
116
168
150
170
185
172
152
106
100
169
194
175
188
152
171
135
116
109
140
150
190
163
127
132
132
122
159
176
127
180
168
167
128
146
501
615
521
722
782
594
690
515
719
624
798
684
798
797
766
613
717
555
791
559
611
600
765
515
525
732
778
730
761
795
725
667
511
519
680
763
586
643
539
795
564
578
746
542
709
735
501
615
586
788
589
664
590
704
519
656
703
682
740
547
703
714
705
623
717
635
656
706
773
619
766
776
799
767
649
633
755
795
712
661
512
546
783
523
503
747
503
561
609
748
609
501
629
581
703
617
679
771
760
703
741
683
670
677
647
637
602
656
616
662
705
528
693
798
581
593
768
521
736
593
596
775
550
635
638
672
724
615
579
612
505
629
669
561
713
536
666
630
747
598
774
519
705
520
548
795
739
652
784
628
676
734
682
617
676
771
567
787
557
638
717
655
561
537
745
515
628
617
522
669
767
705
556
665
689
542
778
671
707
644
704
550
686
576
752
731
735
745
746
663
503
664
696
595
775
737
692
591
670
520
653
546
520
712
745
754
505
646
583
791
752
545
670
598
520
705
606
787
751
558
564
566
690
572
792
572
634
521
530
667
660
775
556
508
685
527
596
555
647
544
516
715
704
695
763
788
778
765
651
607
658
714
715
745
770
649
578
602
507
757
715
758
707
734
656
698
526
798
779
519
622
751
667
722
724
742
518
680
767
534
607
646
565
641
747
794
709
637
792
697
659
753
640
778
620
761
698
760
633
567
576
509
612
761
697
552
593
764
680
750
664
639
646
738
503
605
782
720
755
712
717
713
694
719
616
574
503
618
645
788
610
661
723
727
710
692
539
645
565
643
605
673
751
632
719
769
629
710
762
763
644
633
655
540
588
531
704
615
529
569
738
522
781
796
787
715
745
641
591
520
659
528
592
755
522
570
799
772
636
696
676
616
753
595
597
598
564
542
543
664
778
736
638
604
623
643
545
655
604
705
660
562
544
673
676
570
777
766
541
617
521
506
719
719
795
606
590
732
669
530
780
590
572
520
716
557
631
764
673
602
594
523
522
785
547
682
780
770
656
586
592
639
748
577
586
605
503
701
566
784
616
573
747
603
732
619
749
633
760
692
672
562
621
701
695
685
567
769
526
783
591
759
679
648
502
686
721
785
717
648
680
783
540
653
739
523
530
527
675
718
674
616
737
565
587
528
680
551
579
579
181
186
102
113
171
107
189
124
191
121
152
108
114
169
196
112
113
136
139
197
127
148
197
127
176
197
136
132
151
199
146
180
115
193
155
197
180
124
100
156
150
198
190
194
104
153
115
148
185
148
122
181
191
118
154
114
155
101
157
111
167
186
137
152
164
124
140
120
188
169
168
121
199
105
133
107
177
179
163
191
141
193
117
145
197
119
174
149
106
195
127
160
106
119
157
125
121
106
120
147
155
168
151
152
141
149
136
116
166
122
107
108
193
123
164
164
177
147
162
198
140
136
178
176
136
173
197
138
134
143
130
114
163
164
196
173
126
199
136
180
152
159
195
183
157
195
189
120
146
178
174
174
144
154
148
144
127
170
107
163
141
160
123
153
196
142
170
185
119
107
137
152
153
194
197
198
138
108
149
164
121
128
176
193
178
185
106
200
191
159
170
157
172
136
154
118
106
179
146
124
181
114
162
145
182
121
156
130
102
118
144
133
185
124
178
164
171
103
168
167
101
181
154
179
146
163
193
132
195
160
143
133
160
158
198
131
174
113
130
104
173
183
114
129
194
122
168
178
140
157
157
200
145
184
167
161
112
132
158
169
106
161
104
152
170
103
120
193
157
135
180
166
138
171
194
105
127
142
192
106
166
147
178
111
170
105
122
182
159
139
118
136
194
150
173
170
178
155
195
109
188
171
172
172
167
159
145
177
149
132
169
173
166
191
189
181
188
114
112
152
134
153
181
123
180
155
187
137
159
163
128
128
157
129
170
194
168
126
162
193
170
124
152
136
194
127
103
141
122
125
168
181
103
118
190
193
197
187
119
198
163
105
147
137
154
187
183
180
192
199
143
177
192
153
142
133
164
112
119
148
179
195
199
135
193
157
199
118
196
106
132
122
185
128
160
159
148
144
190
160
193
105
165
138
132
154
110
177
165
148
102
103
116
102
112
146
157
123
191
124
146
196
159
194
162
176
191
107
109
126
181
128
110
198
132
123
100
185
140
132
170
146
197
163
155
152
177
170
111
152
172
125
136
194
127
145
137
193
108
131
128
105
134
146
135
126
199
182
177
121
169
175
134
136
194
140
131
133
149
188
197
122
164
198
166
148
129
128
154
180
190
189
197
178
187
195
101
194
183
112
579
735
611
788
665
539
599
731
792
798
758
558
785
616
732
663
725
637
685
632
677
618
694
675
796
505
601
744
684
608
753
540
749
602
771
611
715
684
520
721
655
650
673
697
693
603
589
785
714
669
789
693
505
562
561
707
633
540
779
662
509
681
554
536
530
545
723
650
630
647
553
500
722
697
583
752
754
791
714
536
604
776
553
609
656
732
680
730
628
760
644
650
649
535
787
635
660
590
674
527
608
549
696
740
739
711
638
645
538
516
635
799
576
658
583
779
693
744
693
618
510
786
660
686
794
572
532
661
598
756
696
709
737
634
769
709
783
512
510
604
529
761
685
594
592
786
654
530
716
523
718
680
782
632
606
545
665
651
523
770
501
508
694
696
798
619
525
793
700
645
777
516
694
789
660
593
523
711
620
706
588
626
582
594
691
736
785
565
743
683
578
522
708
504
625
782
627
741
631
523
596
770
566
636
595
726
691
722
751
640
516
612
600
524
506
733
767
717
658
729
699
629
722
681
523
546
687
735
689
530
540
522
707
641
766
664
739
748
609
727
762
726
616
637
637
522
505
653
755
599
532
790
572
625
795
519
729
571
587
514
545
527
595
740
603
589
562
651
571
618
688
669
754
684
733
527
599
611
794
511
758
650
680
579
795
630
613
627
702
527
666
749
594
567
562
747
591
548
748
663
740
743
542
722
733
645
735
677
795
656
731
711
597
638
747
619
541
788
578
540
729
530
592
800
666
583
625
581
756
587
715
736
526
590
505
706
711
748
599
553
755
585
606
752
671
764
640
608
731
759
665
513
628
698
796
756
621
686
569
721
760
747
697
766
550
508
625
751
735
651
618
719
619
544
593
575
702
778
639
797
560
725
544
724
702
544
598
735
663
580
519
581
680
702
606
744
555
751
642
662
621
521
511
706
656
757
513
644
581
768
782
508
745
543
715
783
558
695
677
742
591
646
727
604
550
752
542
548
590
667
701
513
712
559
634
518
603
740
783
546
686
704
580
506
560
615
684
542
702
712
739
733
601
642
699
550
765
537
549
523
599
743
684
698
531
594
734
624
763
544
581
675
708
639
755
677
591
727
755
598
574
691
582
798
501
535
558
558
751
631
570
691
692
607
736
792
767
777
677
553
124
169
156
132
154
141
162
164
104
129
189
140
128
107
193
171
167
189
148
163
163
119
189
178
190
158
156
108
140
149
158
113
172
159
128
189
153
133
163
152
194
129
153
130
150
170
193
137
173
130
194
152
157
181
128
114
198
160
118
148
161
167
127
191
108
193
104
178
104
139
167
189
194
171
159
112
164
183
158
199
176
158
140
174
154
132
130
192
198
142
127
104
158
137
183
170
189
111
153
115
136
152
154
198
198
198
141
174
137
125
126
102
163
124
113
129
140
198
198
171
179
191
176
186
161
155
134
146
105
170
137
171
181
199
165
194
124
149
109
185
175
168
173
105
140
194
193
139
192
118
108
191
184
120
146
110
175
174
169
119
198
188
133
143
146
168
161
102
195
196
128
121
195
171
143
117
197
107
192
107
166
142
103
119
143
115
160
167
121
141
137
131
194
159
163
131
174
102
109
151
141
200
108
180
114
188
122
157
124
133
171
126
189
120
134
170
149
137
176
171
135
186
171
131
102
157
156
159
153
148
146
128
102
163
129
123
101
104
175
149
136
161
115
132
101
131
159
124
176
162
176
199
199
185
182
140
113
141
194
129
192
167
188
106
153
182
131
174
141
132
143
112
114
174
109
173
120
101
157
133
136
198
174
153
109
142
145
159
138
175
194
169
108
146
150
127
128
136
131
198
113
186
197
137
178
197
106
129
139
121
128
125
118
138
156
174
111
117
185
150
115
119
139
178
143
180
182
186
196
176
158
129
105
190
104
192
145
200
185
165
112
165
187
170
185
155
167
188
160
144
175
135
191
149
135
144
114
157
198
101
116
108
153
159
113
191
182
186
190
121
150
193
121
148
180
179
120
151
183
196
176
115
178
162
136
142
120
194
132
137
142
126
194
157
191
119
116
160
127
180
159
142
122
166
113
176
172
158
127
174
135
162
110
125
130
200
193
120
147
164
127
171
194
117
117
124
130
188
159
195
103
118
177
161
142
160
189
183
141
123
139
111
117
197
153
126
114
198
175
189
181
167
193
114
197
149
167
123
143
196
156
172
146
169
149
118
138
191
139
149
142
138
163
196
116
166
148
101
120
196
151
133
128
164
103
138
131
168
159
158
164
145
147
155
121
125
121
199
199
131
710
611
771
623
566
792
774
557
789
743
656
698
648
636
611
517
522
592
772
659
589
524
769
508
531
575
691
758
746
646
750
671
675
530
543
784
587
568
519
785
749
715
697
560
690
712
636
541
760
569
590
583
521
562
795
602
619
728
570
695
533
579
514
630
590
712
556
635
687
732
553
520
739
718
696
797
720
532
709
522
672
760
560
674
651
678
710
513
665
726
560
662
660
748
659
753
722
589
571
567
643
546
596
546
745
507
601
607
665
760
766
689
791
553
533
704
647
635
530
618
750
717
639
594
533
794
742
768
631
698
623
611
792
678
796
532
753
577
648
711
744
562
738
760
708
711
534
774
693
755
604
724
614
689
523
654
573
629
697
542
540
678
565
693
621
756
642
516
700
739
675
580
594
629
707
710
713
794
690
709
518
762
661
694
511
581
780
751
538
792
683
758
612
510
650
775
708
680
691
696
617
743
505
677
557
566
665
552
794
774
521
632
751
559
781
689
506
773
677
789
736
710
649
753
524
564
732
580
555
774
705
761
528
741
521
584
615
729
689
518
797
554
651
558
567
688
586
643
504
520
701
526
596
681
605
506
797
660
590
769
576
605
655
562
669
636
703
724
788
511
632
670
729
657
624
775
580
708
777
647
787
551
693
536
516
755
659
562
768
660
622
587
796
793
604
739
684
639
730
663
660
595
513
620
711
547
756
543
537
551
781
666
739
764
578
692
687
683
758
500
774
505
701
790
762
748
633
601
592
787
673
694
752
651
572
567
710
541
695
797
742
723
510
694
568
675
508
652
524
503
569
760
772
631
704
662
710
583
625
545
601
519
620
782
564
772
501
523
793
607
504
544
584
795
507
706
562
721
628
792
628
595
705
583
567
593
667
752
673
729
770
609
633
507
677
703
561
590
571
626
662
576
584
781
540
747
520
547
632
745
699
565
647
668
695
709
788
562
562
589
697
525
545
790
757
628
558
572
714
682
563
722
584
578
712
616
762
747
520
745
573
621
779
784
523
744
721
698
668
725
675
691
710
520
514
670
776
550
620
541
681
676
631
634
613
694
513
657
750
628
655
610
711
718
500
535
543
771
547
590
776
680
774
601
541
644
730
587
534
649
764
680
506
725
673
645
705
614
536
593
154
186
191
178
119
162
105
180
151
164
140
196
147
162
169
102
187
189
174
108
121
165
127
106
101
181
185
162
104
110
146
194
125
188
195
138
147
136
175
192
174
107
143
128
129
173
128
152
138
101
158
183
104
161
129
189
102
165
165
124
191
182
181
147
180
199
150
135
183
110
135
134
107
123
185
115
134
188
122
137
111
115
134
116
106
158
198
171
160
175
138
152
138
135
180
167
118
134
106
180
117
175
154
194
114
174
159
192
149
118
139
114
148
142
159
178
112
149
109
120
159
146
183
149
129
152
159
198
158
171
111
184
192
118
127
181
194
189
155
198
144
139
159
172
138
119
191
114
179
141
140
198
135
131
191
146
173
175
190
175
198
162
124
160
145
124
181
170
159
102
125
166
165
102
166
129
123
143
106
112
130
102
137
193
109
153
138
143
141
174
108
139
139
162
197
192
129
106
136
197
151
191
170
108
141
138
148
197
172
143
200
103
168
173
156
114
116
132
147
174
177
168
158
198
119
147
108
154
113
169
190
121
172
119
177
183
177
167
165
132
165
177
104
195
137
101
143
177
188
163
167
174
191
182
173
177
143
151
112
162
113
137
198
164
196
165
153
136
198
187
106
192
101
153
197
131
168
185
124
164
146
152
157
180
144
126
197
154
116
155
194
120
116
110
163
185
102
102
175
176
124
184
115
156
108
140
179
137
165
130
102
138
111
167
188
121
107
126
122
128
168
114
195
157
140
143
145
162
194
188
108
158
158
150
134
141
111
141
194
142
109
110
197
200
197
181
159
186
200
112
184
174
110
127
187
107
115
190
139
106
127
181
129
135
125
152
135
149
152
170
111
180
183
182
193
158
132
106
199
101
106
107
145
122
186
180
182
102
112
129
128
148
134
109
167
107
144
173
125
144
141
161
178
144
136
111
103
172
173
189
105
105
110
110
122
169
193
147
111
186
122
199
103
182
189
124
116
141
199
159
147
180
177
138
177
181
173
158
153
178
119
117
145
111
169
167
118
163
161
106
169
177
149
170
168
173
132
157
194
128
142
114
189
185
197
173
171
143
113
151
143
148
111
151
135
122
193
190
110
102
134
200
146
176
163
113
180
197
164
144
179
199
182
117
182
148
198
102
144
182
747
763
640
636
679
796
564
619
753
710
648
679
754
641
509
521
580
657
800
619
553
720
535
705
774
617
764
535
764
725
650
695
701
678
734
752
539
704
576
682
517
597
746
576
749
770
693
716
515
741
782
630
744
673
763
747
602
742
707
588
577
654
794
706
793
621
529
568
670
667
759
576
660
632
568
513
754
797
652
590
608
736
522
767
522
667
637
751
737
617
603
646
716
786
767
704
708
688
703
533
607
676
649
679
682
689
530
621
566
503
630
780
682
717
796
728
661
711
680
628
707
647
621
564
642
766
760
686
712
560
723
685
770
544
528
723
506
555
672
633
763
675
723
797
719
613
574
741
753
517
797
549
528
754
654
583
760
676
756
547
660
567
706
584
681
615
725
617
508
622
661
789
720
594
706
778
659
719
661
550
642
578
549
516
772
663
588
535
578
723
515
763
635
630
741
634
691
789
584
742
616
581
751
733
580
790
504
569
577
717
533
572
679
517
580
745
760
761
778
537
647
750
597
502
700
570
752
593
631
635
769
650
741
553
613
522
613
765
591
690
663
687
676
688
526
523
685
594
597
605
612
561
797
590
691
702
757
523
509
753
703
523
641
765
707
659
551
730
768
541
574
705
695
742
571
645
558
690
693
745
555
737
624
646
763
547
529
641
621
567
718
735
793
677
651
658
506
711
581
768
655
672
573
518
736
686
537
671
543
595
575
605
756
578
797
698
689
717
649
693
514
786
637
773
619
604
592
638
603
516
549
664
669
717
581
679
680
672
520
715
687
551
665
594
788
568
523
549
632
575
668
745
555
711
530
772
600
684
676
512
635
712
642
642
694
506
659
792
506
571
512
559
721
768
539
517
767
692
534
661
760
758
656
759
583
586
799
502
577
728
723
543
628
758
800
588
627
535
589
658
620
720
652
723
534
708
674
579
680
558
670
719
655
579
528
706
719
731
623
567
679
561
617
584
583
733
589
767
586
524
570
761
768
693
695
520
778
732
792
717
563
755
698
572
607
724
697
503
747
546
795
622
520
732
732
769
543
707
725
772
593
676
717
735
571
577
524
694
646
531
689
683
546
569
763
679
769
780
541
656
748
674
500
557
551
743
745
698
760
741
658
696
629
713
655
664
557
612
534
757
189
195
119
156
117
185
139
188
165
183
101
158
200
151
170
101
165
133
109
188
183
183
155
131
135
193
133
159
158
125
161
124
153
115
163
102
105
149
137
176
143
147
118
111
160
117
164
128
142
178
133
142
167
141
152
185
107
169
169
196
186
181
123
188
166
187
147
157
137
161
160
108
170
106
151
155
118
163
180
151
158
193
185
197
174
153
150
196
196
163
126
128
152
165
184
162
114
158
142
132
162
111
137
106
143
111
183
183
128
132
182
101
182
189
149
151
189
116
161
154
157
165
186
153
191
196
102
137
200
140
169
152
102
197
191
181
145
175
125
169
169
102
104
184
164
118
121
139
153
118
174
155
106
181
149
152
150
161
191
195
191
150
141
126
176
176
157
151
177
149
119
138
105
106
163
114
110
112
191
112
156
115
156
181
174
166
123
133
157
100
182
100
152
158
170
168
149
166
185
128
153
182
166
170
186
147
102
117
197
143
128
103
149
100
116
166
152
116
139
164
190
135
121
192
132
111
138
102
192
166
166
150
144
186
180
145
149
118
140
190
114
107
142
135
183
102
109
167
117
160
188
194
198
127
151
131
139
105
105
193
173
121
197
136
131
138
127
195
140
199
124
197
199
110
140
103
139
162
198
199
175
134
198
175
149
110
111
174
184
175
150
187
105
105
123
113
114
145
167
120
123
118
184
131
137
121
147
190
105
119
164
164
105
160
139
133
120
199
148
119
107
110
147
159
133
124
182
184
124
186
164
132
181
138
120
164
120
171
124
156
101
144
190
141
149
144
133
136
161
148
123
199
142
161
197
192
165
182
185
162
123
151
135
171
111
181
199
174
136
178
119
126
197
194
141
185
175
103
154
125
124
140
131
198
176
128
150
192
173
129
172
179
109
168
117
171
180
186
103
167
100
144
153
139
185
187
172
171
191
154
127
194
113
140
185
102
106
115
107
182
192
139
121
120
180
164
130
198
142
199
112
133
163
102
170
188
113
160
166
195
106
177
134
122
166
199
103
165
154
113
100
194
103
159
173
156
126
188
148
178
109
111
126
167
143
184
117
181
154
181
195
184
125
179
199
183
137
108
146
102
196
175
133
149
178
153
126
177
175
188
139
106
107
144
169
139
187
119
132
173
524
520
669
757
548
775
669
737
547
569
748
622
511
733
704
666
595
715
701
643
516
526
664
658
708
549
796
705
676
621
705
754
791
680
642
544
589
728
763
692
647
757
759
709
616
765
533
502
540
578
752
704
557
695
572
502
782
527
567
553
788
628
765
777
522
650
706
556
722
658
644
652
776
546
501
594
661
640
551
771
643
703
681
639
771
580
718
592
516
683
674
618
555
527
765
629
650
612
561
763
767
509
639
607
757
610
670
738
794
576
680
746
534
758
793
726
604
557
776
562
641
686
756
800
756
717
575
519
612
704
707
686
632
588
740
582
692
627
652
597
517
794
679
537
597
668
563
620
764
615
523
721
730
717
737
682
658
794
641
782
533
680
793
617
768
690
531
650
769
771
542
519
634
693
695
606
525
521
544
505
577
636
729
526
556
503
735
506
704
708
730
670
683
537
507
550
767
664
682
655
760
680
512
787
614
611
757
666
760
699
742
512
521
788
638
702
598
589
602
605
787
793
502
507
622
664
584
681
570
526
676
758
799
731
780
666
633
503
591
737
601
589
544
696
765
560
660
640
650
587
508
547
639
549
576
593
646
585
575
729
587
687
699
549
727
755
641
745
563
693
628
642
623
637
674
746
510
599
719
759
538
543
680
751
725
731
715
778
555
516
665
602
590
638
681
719
551
662
603
554
645
762
558
698
566
601
544
758
647
597
659
502
525
594
681
503
678
657
602
505
620
716
714
602
725
708
675
669
701
622
651
646
583
670
794
791
738
552
783
733
561
714
608
581
553
510
793
508
795
608
635
557
776
576
719
775
649
707
680
765
719
576
546
564
776
612
510
779
767
590
525
748
722
707
583
748
611
589
696
576
748
698
547
703
722
754
641
669
524
584
640
659
562
614
670
533
627
551
699
524
533
670
624
680
539
529
788
585
589
547
753
626
509
781
695
637
557
570
774
597
597
565
752
761
641
632
786
642
628
623
733
699
634
793
547
610
704
695
799
731
510
693
733
592
554
711
554
689
568
656
717
580
521
687
744
701
580
666
556
572
542
735
583
709
534
661
564
748
681
502
714
691
604
767
796
568
586
595
777
517
527
514
606
503
563
517
689
558
633
567
688
618
507
667
527
703
777
714
504
728
168
180
155
132
165
123
155
179
155
153
157
124
156
170
135
199
102
153
189
129
183
142
174
181
121
199
193
149
155
181
122
174
129
142
108
158
122
112
139
146
113
141
178
113
138
135
112
111
195
163
103
132
144
134
117
151
105
106
110
198
149
179
106
131
130
144
142
190
149
116
168
155
140
135
154
185
190
168
192
121
132
187
125
193
140
127
151
126
161
146
118
121
184
178
193
133
167
164
156
155
114
107
168
175
111
103
122
150
157
200
120
127
178
133
165
164
142
155
146
118
199
180
166
165
199
122
193
171
150
120
189
127
172
160
149
102
184
181
174
150
175
144
153
144
143
145
158
146
160
175
143
176
114
113
169
107
157
179
170
105
192
123
171
147
133
184
137
189
180
148
162
166
196
156
143
181
141
139
161
167
198
122
181
192
144
160
199
145
130
189
118
173
174
108
117
135
155
142
113
159
120
113
180
123
160
143
133
113
151
154
194
175
195
119
138
139
165
126
106
184
119
130
160
134
153
149
146
152
117
131
164
155
103
152
185
135
120
200
115
150
123
122
154
182
116
124
150
130
200
121
175
123
157
172
185
103
171
153
143
181
162
122
177
105
166
168
179
194
172
136
199
145
195
145
197
115
174
163
147
104
106
159
108
146
168
122
122
109
186
120
102
156
101
193
101
151
146
112
165
135
185
145
180
154
182
169
196
112
145
160
196
138
183
107
150
112
137
196
197
117
102
101
130
185
193
187
171
160
181
127
141
194
156
184
130
166
176
102
143
162
157
164
107
174
119
193
122
137
108
128
105
101
200
146
125
122
197
193
160
196
125
142
168
195
149
114
189
196
172
146
161
122
153
119
158
196
109
100
183
163
140
180
149
164
120
104
168
111
150
176
184
112
139
195
199
139
116
116
105
115
159
188
163
195
102
150
177
113
139
112
134
169
190
195
100
125
143
175
139
156
109
153
160
136
146
170
119
161
116
126
192
116
187
154
119
166
180
180
179
141
100
119
182
100
186
136
130
147
124
135
130
193
198
200
182
103
124
134
189
160
129
187
142
192
153
111
156
180
187
164
177
105
117
117
188
165
144
145
109
145
197
185
165
168
114
160
184
145
111
155
165
192
158
145
107
106
176
125
182
146
752
638
570
620
682
649
610
723
530
789
660
701
710
736
755
732
646
686
706
760
597
592
799
667
549
631
783
750
638
742
628
668
542
554
767
726
716
535
726
762
713
573
633
540
627
592
664
700
701
721
685
532
578
581
649
752
556
516
519
535
707
667
698
755
659
555
785
794
615
733
693
586
758
779
753
567
612
575
626
778
581
514
777
775
706
693
632
664
591
795
573
735
605
749
725
556
616
761
747
502
580
737
637
661
715
556
798
662
609
577
634
764
771
656
779
770
552
645
718
508
748
766
709
730
693
756
524
646
668
644
601
699
756
767
575
616
529
754
652
700
729
617
632
508
771
525
561
622
715
533
665
774
743
774
579
659
620
728
593
520
707
656
596
514
521
505
797
599
627
631
582
726
575
612
730
587
730
732
685
606
734
536
789
743
788
607
752
588
612
630
583
651
503
580
771
528
518
553
654
683
717
511
554
793
690
519
600
751
749
542
775
581
721
701
527
790
799
609
651
612
798
637
742
688
503
790
800
775
607
671
743
617
652
682
732
516
741
502
533
691
575
644
605
667
734
798
537
778
670
638
563
736
606
529
593
780
684
706
738
596
694
628
557
611
792
569
601
565
660
724
565
539
586
648
637
778
571
528
787
788
741
758
630
578
726
540
729
610
581
552
677
508
699
733
563
563
532
728
537
546
731
706
637
686
747
788
619
700
602
724
509
528
782
796
534
670
530
625
718
621
603
738
634
643
555
527
626
610
655
594
542
635
606
537
555
633
553
626
617
639
562
773
639
628
654
695
708
559
547
800
736
779
532
713
528
647
580
526
649
693
598
621
701
667
714
764
535
630
729
669
644
502
549
645
520
544
675
545
783
720
720
604
791
559
611
632
549
708
552
638
678
733
619
796
777
732
791
619
628
782
742
611
740
677
739
757
784
525
632
567
510
755
764
594
629
555
506
734
614
779
647
569
573
797
691
534
597
535
582
752
665
610
507
647
752
795
661
666
503
658
702
620
606
564
602
656
599
514
520
530
522
587
722
717
696
685
672
667
587
637
507
732
611
538
553
678
667
703
567
579
519
716
744
714
757
773
508
768
515
535
716
774
674
509
631
570
773
583
761
613
517
640
794
556
660
681
574
700
623
661
165
193
184
194
133
191
162
120
165
127
147
172
134
192
122
108
155
199
154
160
138
177
113
128
120
197
151
195
109
101
172
136
143
194
170
197
106
117
139
173
170
180
139
172
162
163
163
111
179
115
189
152
133
133
190
102
158
182
173
162
145
195
129
101
120
106
103
188
184
143
108
108
195
107
187
178
143
150
121
100
131
102
165
108
182
193
106
135
103
152
108
122
141
110
139
146
188
193
199
142
158
194
149
169
111
166
197
105
168
138
154
120
121
172
119
183
107
124
125
183
115
116
119
145
134
125
162
198
118
168
185
138
181
175
107
166
141
138
195
111
185
162
186
188
161
103
191
116
165
102
166
156
189
195
177
163
190
154
129
199
122
169
184
108
143
105
155
115
148
126
115
184
166
100
111
191
135
179
118
157
119
143
120
165
110
188
159
198
159
192
143
170
142
135
195
104
105
185
102
118
148
199
102
131
122
176
167
172
121
125
158
103
126
124
194
126
181
171
108
197
106
171
188
190
106
179
125
128
124
110
152
111
159
138
161
132
140
128
114
182
130
144
148
147
126
152
104
123
180
128
196
182
137
127
117
185
191
147
186
180
165
147
113
128
111
188
151
168
104
195
126
183
186
143
178
187
160
148
183
143
126
142
106
184
131
121
194
191
113
160
105
196
106
134
113
197
146
164
131
115
103
189
116
109
146
142
123
117
133
131
132
187
200
176
155
142
176
140
150
101
110
186
172
115
153
192
138
108
113
117
151
172
161
167
110
151
181
161
165
173
129
147
167
121
190
108
111
116
154
150
103
102
174
104
133
110
111
148
125
119
120
178
191
113
169
155
137
182
112
122
115
182
193
174
188
100
106
150
131
182
181
128
133
131
183
144
117
110
135
124
176
107
150
198
156
161
105
162
116
133
195
120
131
101
164
139
146
172
153
145
168
129
152
171
151
143
189
134
111
179
144
179
158
190
129
160
116
129
106
194
140
180
151
154
192
197
105
194
129
169
163
126
164
199
168
161
169
160
147
180
187
188
189
167
161
157
109
180
182
170
120
194
184
170
117
162
171
181
153
137
104
145
169
137
187
177
163
188
185
183
122
108
143
120
151
123
141
193
131
189
185
120
149
157
179
168
156
170
188
151
687
623
785
721
675
612
794
634
665
647
779
774
781
701
531
678
635
721
558
502
735
735
554
670
633
569
773
607
637
603
643
587
501
698
789
621
542
764
717
711
642
555
547
584
727
603
687
647
727
560
787
518
603
658
681
792
783
786
670
753
723
664
653
693
525
559
725
532
533
640
605
758
573
752
517
561
563
626
598
571
631
712
569
738
673
592
798
574
736
687
503
573
593
659
660
682
532
739
504
793
509
751
591
784
557
616
654
663
720
794
557
546
636
783
563
532
640
728
522
579
692
622
578
563
545
526
551
638
653
662
688
703
652
523
754
725
722
708
699
697
785
650
505
653
553
656
673
615
573
688
738
502
683
798
621
557
756
515
631
693
733
743
755
722
799
758
534
782
563
682
563
681
742
740
660
644
746
534
634
636
671
738
750
688
644
597
597
524
673
758
516
609
633
700
548
651
601
609
584
559
691
667
566
723
740
664
770
643
694
639
640
697
645
561
578
697
726
696
510
668
561
793
729
777
793
773
744
638
641
783
721
762
681
511
505
589
757
712
668
730
560
622
767
590
674
711
790
693
631
625
601
763
607
671
585
726
751
681
690
661
551
541
500
732
732
524
559
782
618
602
538
646
783
636
539
656
658
524
595
679
786
614
625
614
699
610
761
796
754
568
625
645
785
542
578
613
605
770
743
765
593
792
732
529
695
777
651
662
654
666
611
541
546
612
717
706
580
513
540
726
709
798
657
685
612
753
507
574
698
557
645
583
684
727
762
619
743
551
607
797
609
514
648
561
518
766
616
640
715
637
643
502
653
756
542
709
738
743
797
649
550
758
676
766
740
712
598
564
726
665
518
710
528
673
715
648
572
502
511
657
585
661
746
566
659
535
667
743
523
507
512
634
516
606
741
652
665
786
549
785
648
626
540
697
501
730
512
771
711
632
795
579
792
563
652
656
762
666
542
543
693
509
606
592
579
778
513
563
506
643
708
570
642
752
713
637
679
535
518
637
762
752
760
689
735
505
502
637
653
749
744
652
696
751
599
619
735
581
526
739
571
609
784
531
627
512
518
617
768
607
752
552
583
754
518
554
742
643
585
752
659
768
691
721
745
679
776
799
533
713
622
605
588
759
714
562
755
593
763
662
108
160
182
191
151
124
133
150
136
181
100
100
142
106
144
195
118
105
119
118
128
169
107
136
109
158
149
112
121
122
173
124
107
197
128
103
106
167
136
105
196
183
148
156
143
100
125
142
111
116
125
131
178
161
173
189
110
114
184
128
179
149
136
125
124
189
126
135
163
101
123
109
105
149
104
180
122
136
119
136
166
198
132
194
112
163
147
169
154
151
129
175
182
124
149
115
155
169
171
161
157
131
185
182
199
102
195
153
199
188
175
163
120
142
114
189
101
135
179
192
163
142
129
145
147
180
157
185
141
148
114
150
120
137
193
191
138
110
179
194
196
160
191
180
179
187
197
171
183
110
172
137
170
101
112
188
124
124
143
109
142
164
109
182
129
117
119
131
159
190
127
150
111
126
132
109
122
172
122
150
200
102
187
124
157
146
167
152
121
130
134
156
120
134
141
117
176
145
134
184
136
188
178
172
190
193
148
169
187
127
113
127
137
167
196
191
179
137
177
166
193
129
170
168
109
101
180
138
198
109
180
192
127
193
129
143
186
123
109
178
108
139
177
141
190
184
145
186
158
172
155
188
192
174
132
150
194
121
198
142
177
130
171
134
101
145
176
150
151
103
109
184
195
116
131
183
179
149
195
101
139
178
153
130
188
118
177
168
132
189
136
145
139
118
164
174
166
127
124
142
154
163
192
101
179
120
106
126
103
154
138
149
111
158
177
130
102
129
130
174
127
103
158
196
153
127
155
191
104
124
151
128
132
147
189
103
111
102
200
174
199
181
165
105
181
147
110
110
199
125
143
119
173
119
115
160
181
120
136
124
186
176
122
112
176
141
163
125
132
148
185
169
183
169
116
113
159
107
170
172
191
121
194
151
183
121
176
121
177
161
105
168
104
136
158
174
143
186
161
132
125
144
153
102
140
149
142
185
103
160
158
169
152
192
195
140
141
166
133
133
150
118
126
128
184
139
193
145
169
193
162
185
118
126
102
133
125
154
169
122
113
173
163
166
138
101
161
189
144
166
164
155
126
133
128
163
195
119
159
154
180
192
151
144
139
111
117
169
188
185
127
195
118
127
132
190
198
156
154
139
120
173
112
171
188
143
152
150
176
158
123
165
135
149
196
149
157
159
147
198
780
634
610
631
577
667
667
698
591
728
579
599
678
780
703
507
503
633
762
621
632
716
669
676
607
626
593
788
641
576
779
687
769
790
677
762
662
735
519
615
648
633
765
566
761
518
630
682
782
717
710
546
540
657
696
562
653
554
680
733
757
594
548
528
579
732
564
576
557
647
684
619
540
724
611
645
778
705
658
559
628
537
782
775
714
776
635
786
672
676
716
747
697
560
601
547
671
688
724
540
765
506
785
799
724
790
512
721
792
631
756
775
785
640
619
528
670
691
621
754
502
557
572
521
698
651
550
746
784
616
775
771
751
659
551
621
614
641
620
550
711
788
542
609
671
516
597
760
591
706
612
674
745
606
604
733
537
596
707
548
579
505
597
526
666
743
683
697
553
718
794
717
518
608
709
773
682
717
663
693
793
586
726
544
772
612
724
569
683
536
680
635
598
645
540
683
701
523
525
547
792
515
507
693
598
658
574
593
507
673
619
599
543
697
618
524
587
680
606
550
589
674
509
626
525
528
782
795
761
619
742
665
795
693
574
582
645
601
566
753
573
749
795
603
505
724
721
542
671
542
507
544
605
780
677
557
562
521
681
797
725
769
533
711
788
535
507
706
677
557
588
719
770
619
521
540
724
611
523
562
673
714
640
764
701
674
733
621
681
726
625
595
769
563
605
642
626
710
585
511
597
513
759
531
633
659
589
752
681
648
589
677
706
511
751
725
664
561
743
585
654
568
702
691
530
562
659
558
600
641
616
713
615
546
679
580
642
585
579
584
598
576
538
641
509
591
786
597
728
584
527
619
654
723
619
570
703
712
562
563
754
581
642
724
748
612
653
590
687
546
619
646
727
508
736
763
575
794
714
655
590
755
513
520
633
668
666
783
509
736
730
549
769
629
770
660
698
757
666
611
532
750
731
739
559
629
725
622
706
579
780
561
633
585
563
766
610
675
704
665
737
706
541
729
751
708
798
636
625
596
587
778
670
797
701
588
761
536
619
725
783
773
511
643
601
581
555
756
580
740
702
679
551
578
785
626
519
563
544
721
762
561
766
632
579
568
550
730
563
774
725
750
724
592
778
669
700
636
625
516
736
531
723
731
509
509
641
719
730
527
604
634
524
724
585
627
546
657
509
769
181
117
128
106
181
156
143
137
157
185
188
114
158
158
140
126
106
105
124
109
127
145
195
138
117
114
140
169
183
102
138
109
110
150
134
177
114
105
120
160
136
165
104
123
129
147
197
191
145
133
154
116
138
172
158
130
157
177
189
126
144
157
126
164
180
159
163
158
168
162
180
190
115
171
133
151
157
170
199
105
129
137
123
115
104
115
130
110
111
186
107
114
151
132
149
154
111
154
147
180
122
114
128
173
135
135
116
187
159
120
131
105
168
173
191
192
182
191
107
162
177
175
114
157
149
135
198
199
118
170
188
156
111
173
124
181
171
159
176
140
120
147
181
145
122
154
102
200
140
133
146
160
131
122
188
108
130
105
118
150
129
122
131
199
100
174
163
130
110
126
190
179
162
127
174
111
170
192
101
154
132
120
142
164
116
157
144
183
113
175
122
114
101
157
111
167
169
149
173
151
179
141
136
107
147
138
115
120
118
133
195
180
196
186
125
146
129
129
173
141
155
153
116
169
131
153
165
151
171
137
122
118
153
158
136
194
124
184
100
142
184
116
180
128
132
146
125
115
197
177
144
115
133
144
157
107
156
123
133
100
139
196
194
122
183
199
196
141
134
180
109
118
191
143
193
168
155
194
133
131
111
197
121
124
187
166
181
125
159
127
119
105
179
162
195
182
137
114
148
138
122
181
106
113
160
183
158
101
165
101
195
135
145
125
193
154
147
108
150
194
119
193
176
154
151
114
121
183
142
198
144
126
127
164
161
152
130
190
137
114
135
178
136
190
175
122
128
156
128
132
141
141
104
190
158
165
151
194
147
151
114
152
156
108
184
148
109
109
112
185
103
164
144
113
117
197
155
101
136
114
111
184
184
140
180
144
144
141
196
121
177
150
147
107
143
158
148
158
151
199
184
142
112
189
176
189
160
134
109
176
194
170
176
190
140
143
186
140
175
193
141
197
121
101
185
176
166
191
195
185
111
129
145
170
135
164
172
191
164
179
127
133
167
156
175
129
137
163
143
146
161
113
196
186
191
190
196
146
120
154
163
130
132
178
182
166
197
182
133
137
144
150
163
143
162
145
167
156
177
150
169
161
109
191
187
132
195
177
182
172
112
167
157
132
192
172
158
196
118
108
515
742
724
721
643
759
549
670
764
780
578
636
541
502
741
559
790
629
683
501
534
502
677
726
698
725
579
569
760
677
708
793
642
541
724
583
566
608
756
619
505
747
682
605
639
524
702
618
577
691
560
729
749
704
755
537
525
766
600
632
508
524
581
718
689
700
634
758
629
670
708
646
658
578
676
593
700
657
716
577
583
657
755
726
759
628
516
540
502
736
710
695
503
695
540
623
797
516
564
568
775
564
617
609
671
757
741
645
513
686
582
544
699
514
659
797
513
545
613
730
788
630
656
796
653
727
688
575
513
758
732
533
572
748
723
503
600
654
737
519
530
507
733
611
579
554
504
737
722
532
778
633
626
541
781
563
586
565
619
631
765
597
563
689
699
606
792
540
777
507
584
521
566
506
744
702
725
723
586
547
652
625
601
723
754
650
648
527
696
679
600
540
625
574
589
590
718
651
669
734
596
684
550
756
512
644
503
521
617
501
719
768
522
673
528
719
716
795
644
529
619
559
574
518
786
696
728
635
778
759
543
506
795
674
703
551
572
792
505
708
511
559
565
547
722
797
672
621
588
611
577
800
785
673
544
726
513
554
537
635
717
749
749
735
639
530
703
574
543
608
529
508
699
700
700
723
657
631
571
707
654
529
735
589
541
579
772
563
533
548
763
684
724
765
615
596
549
622
632
659
619
747
521
607
539
617
588
744
599
702
650
668
691
709
594
760
654
753
609
687
641
721
764
788
691
714
550
604
541
596
751
616
742
500
573
596
745
576
682
662
574
542
549
561
510
550
563
700
550
701
586
649
742
784
629
763
695
688
719
662
786
742
578
711
550
561
506
683
756
590
719
544
778
798
775
741
603
746
766
723
720
798
644
743
664
594
746
770
775
689
601
714
507
582
751
641
724
702
575
530
624
788
537
619
567
764
618
697
610
556
753
751
648
782
580
753
648
696
520
662
714
739
704
609
645
619
611
667
548
691
604
674
504
606
636
564
791
768
690
560
528
794
532
532
527
527
710
747
745
675
659
720
523
629
571
736
660
647
529
669
711
736
699
745
645
731
697
712
519
768
576
705
557
722
532
632
773
614
502
510
657
717
720
638
723
750
794
710
538
730
521
688
763
537
554
761
702
693
608
736
122
175
125
100
156
113
192
121
196
136
122
123
125
162
141
191
120
185
148
148
122
166
129
173
186
171
191
126
159
103
163
138
131
159
139
194
129
196
195
173
182
114
159
121
134
136
173
158
143
166
155
154
129
177
133
183
159
129
178
160
166
124
193
110
106
156
103
185
180
132
174
120
162
121
149
145
195
126
189
179
161
110
146
185
188
195
106
161
136
177
103
187
126
188
154
120
121
134
159
172
192
179
155
115
152
179
193
158
173
120
101
188
154
144
154
197
161
182
174
136
133
156
106
150
153
106
165
162
121
139
162
158
122
125
113
124
116
111
103
130
116
173
119
171
147
103
139
186
155
183
116
156
173
160
164
163
148
166
161
178
117
132
184
147
158
132
102
129
128
105
163
137
175
191
150
119
107
129
190
189
151
117
144
185
168
128
200
150
153
175
107
154
196
148
188
135
171
185
151
110
150
156
198
194
157
105
184
113
123
156
158
158
133
182
129
139
117
188
117
143
182
179
149
110
123
121
119
173
108
159
176
142
152
171
104
117
163
133
121
131
191
198
164
191
195
113
174
103
153
194
175
173
172
137
146
157
116
122
147
133
125
159
184
115
141
157
147
177
198
127
163
113
108
161
147
127
172
120
155
139
180
167
156
167
156
104
111
185
112
193
173
130
136
178
138
122
184
167
153
152
175
135
153
150
165
171
140
189
115
156
197
150
157
114
132
165
191
124
139
136
157
163
182
165
146
115
108
129
102
115
123
152
162
184
101
179
114
117
135
117
119
124
158
187
124
164
188
146
164
182
164
132
191
160
170
154
109
169
143
177
143
199
169
180
137
166
139
159
146
121
157
137
175
136
187
181
189
174
111
150
177
173
125
121
126
132
118
130
161
113
128
151
191
138
190
150
126
117
163
145
155
197
176
133
194
186
126
183
103
130
190
120
173
105
129
119
159
187
177
136
188
103
190
151
181
179
122
151
142
153
122
195
149
160
112
188
176
119
109
129
119
166
173
128
103
172
175
150
197
156
169
141
105
171
141
159
196
156
128
188
197
187
179
108
140
167
191
118
107
191
152
150
155
102
194
189
102
140
196
167
106
198
122
152
155
186
185
190
163
162
137
165
113
198
168
124
156
153
159
165
625
661
604
533
530
622
594
662
501
608
763
710
694
537
739
716
676
535
714
775
678
505
575
794
751
583
714
620
789
566
539
655
716
688
508
528
705
697
711
532
697
768
715
793
712
569
567
740
607
557
524
500
681
689
641
507
685
679
672
687
651
766
610
524
722
613
736
510
730
699
692
562
637
800
702
564
793
508
772
635
638
530
737
792
724
730
626
798
627
771
635
726
787
706
751
602
568
532
770
767
618
648
537
638
725
521
688
633
743
733
772
613
585
544
526
703
738
738
758
594
687
716
751
621
758
512
727
612
734
790
800
722
657
661
507
657
659
794
561
709
561
681
784
796
531
730
758
719
515
789
682
541
627
525
577
547
753
718
575
656
520
527
666
585
580
626
563
577
779
529
639
591
726
658
776
549
787
542
541
605
787
516
754
608
791
672
623
636
532
697
507
648
749
735
595
780
707
686
677
613
626
645
763
683
509
513
687
518
575
626
620
563
526
777
756
665
707
620
565
712
709
589
707
689
513
655
526
605
655
712
714
717
535
642
618
513
625
536
596
541
518
735
600
657
509
521
606
586
517
607
777
611
621
514
560
624
586
549
638
686
660
684
734
702
577
608
730
555
566
553
590
647
517
721
620
502
618
747
739
542
605
572
769
613
558
787
709
670
763
689
567
513
716
752
611
718
645
788
717
520
793
716
727
543
650
641
781
681
527
538
686
529
684
773
654
796
648
580
647
556
592
648
720
664
720
537
773
674
629
548
682
576
748
631
545
744
609
674
509
657
621
592
751
653
676
796
639
665
681
698
632
552
658
770
795
628
783
529
569
627
588
580
518
790
575
781
775
609
630
615
754
748
760
526
576
567
794
549
620
789
797
544
646
731
503
775
525
777
592
554
654
599
638
541
735
738
635
792
639
800
533
648
745
564
503
662
726
639
795
565
734
631
522
609
514
782
566
635
642
576
740
774
663
591
557
691
538
783
636
669
648
788
569
788
641
607
685
581
563
564
691
578
792
635
534
658
753
579
759
685
597
734
575
517
513
617
631
663
778
595
577
685
789
778
579
554
536
508
507
753
507
776
763
593
794
662
722
721
537
570
664
635
554
731
726
605
608
643
757
735
755
722
682
722
725
519
776
684
775
767
