102
152
114
188
198
114
177
125
180
171
159
197
138
149
132
187
112
101
159
106
138
180
119
139
120
188
168
106
113
146
192
189
150
111
168
148
169
200
118
113
139
130
195
155
104
168
118
147
128
152
137
138
141
132
129
122
156
151
107
102
197
173
116
170
190
154
103
127
125
165
134
190
185
132
187
198
127
182
143
183
113
142
122
182
178
190
162
154
182
126
197
164
175
111
102
172
147
180
191
191
199
183
131
189
109
112
180
179
163
192
145
153
103
182
126
120
107
191
123
121
138
132
143
116
175
122
195
137
145
118
123
141
181
155
191
134
163
157
196
194
125
160
180
169
179
125
172
151
168
143
101
131
102
128
158
108
119
168
125
137
115
112
139
122
141
192
165
162
171
139
151
190
190
101
109
164
199
160
137
152
116
141
183
116
118
171
117
140
122
162
187
112
102
144
166
111
162
188
151
117
155
194
126
197
135
116
120
168
190
164
152
129
123
166
190
184
138
174
143
128
164
104
167
187
171
100
108
127
128
181
177
117
151
179
176
128
149
164
120
112
171
170
113
116
163
117
146
192
199
140
165
187
117
126
144
140
150
151
159
191
147
115
110
141
137
136
104
122
141
192
114
180
119
152
103
116
184
136
154
180
142
145
197
176
141
182
163
180
164
130
153
154
125
175
163
144
131
187
188
176
120
186
163
187
194
197
145
102
165
128
122
151
175
125
188
138
115
175
177
184
150
106
112
161
118
177
159
125
114
136
182
105
106
173
151
103
143
114
178
188
126
128
106
117
172
124
145
188
126
111
166
137
145
131
174
131
137
113
152
137
168
138
118
182
152
173
173
108
114
158
102
135
139
191
160
195
171
118
119
145
121
190
187
130
123
110
122
180
133
146
197
117
185
135
197
191
101
135
118
122
188
194
101
145
130
140
107
181
154
112
119
171
138
142
149
187
138
186
111
183
137
181
188
116
185
121
136
175
165
193
146
123
108
148
125
147
123
150
115
133
157
169
185
179
114
142
154
172
123
151
190
167
152
187
167
136
126
190
193
133
195
193
174
141
110
196
180
187
169
105
166
132
196
191
142
177
139
129
105
193
156
198
109
176
124
190
104
184
172
195
145
127
190
135
109
194
110
123
189
174
782
542
571
683
528
797
662
528
701
629
742
526
567
544
652
676
538
606
551
747
785
558
699
705
575
513
702
543
603
687
728
788
703
536
660
566
593
762
562
560
629
634
688
619
701
651
556
764
702
586
595
531
634
762
644
631
519
687
774
702
728
642
636
778
614
625
776
557
716
557
621
540
750
617
764
685
794
520
582
727
727
712
743
555
523
559
761
776
739
758
734
512
519
649
795
555
566
538
785
604
511
778
606
731
595
781
668
779
606
730
508
606
537
701
592
521
522
535
588
662
718
794
537
641
744
528
505
524
543
684
605
718
703
678
573
646
568
509
662
715
706
758
759
770
741
558
520
628
628
784
501
514
703
717
644
696
557
573
706
768
539
543
514
506
722
515
624
608
587
661
747
794
800
669
641
712
550
688
554
737
696
534
703
605
794
788
768
629
766
731
508
698
564
770
677
710
653
713
725
796
562
621
715
695
653
617
539
520
721
586
654
562
568
677
647
683
600
569
538
626
779
657
719
681
703
735
550
531
697
519
794
618
526
556
511
685
523
657
534
748
700
622
659
782
616
536
721
591
624
748
672
708
515
787
710
600
519
628
767
513
662
739
748
771
580
785
716
784
654
737
620
686
688
770
686
679
710
660
799
531
649
503
526
684
766
605
604
773
721
696
713
733
767
623
765
753
533
528
514
569
789
551
735
778
547
655
537
588
762
712
615
607
695
503
617
732
763
743
720
678
746
788
601
748
713
556
519
575
769
571
723
541
741
732
543
643
798
691
707
622
587
531
722
707
659
550
722
551
607
684
564
549
593
736
587
540
669
536
609
582
600
640
699
664
569
536
668
554
588
782
527
696
778
614
772
603
664
706
568
597
757
760
532
506
501
679
649
720
774
689
558
719
722
517
666
539
568
783
669
520
791
748
652
602
510
674
621
787
779
609
559
745
638
634
625
736
523
657
666
519
617
500
578
724
557
732
797
657
718
713
789
796
593
619
779
662
611
795
632
636
581
665
702
747
627
533
551
669
747
754
672
545
737
738
779
669
703
771
600
634
773
647
504
699
766
612
676
607
547
534
667
721
717
773
768
607
561
783
566
752
690
501
715
791
689
685
544
666
750
617
688
521
644
750
579
645
523
689
793
544
163
143
139
165
191
196
135
163
121
157
153
160
122
123
128
131
177
179
111
126
102
131
178
190
146
199
133
163
109
184
151
198
170
195
120
142
160
124
144
193
179
138
118
174
148
184
180
144
121
159
150
174
142
157
169
165
190
183
151
132
145
178
104
162
139
107
118
184
153
117
152
148
166
182
155
196
171
121
143
156
119
187
133
148
108
185
166
132
119
130
189
159
155
173
108
136
180
172
122
184
105
197
119
155
125
162
134
129
161
194
190
141
165
105
190
141
125
111
143
198
182
125
176
166
195
173
176
162
189
134
149
136
184
111
190
186
169
139
116
114
197
152
133
160
140
169
145
145
137
194
110
113
160
139
193
174
161
150
182
123
193
149
136
173
159
167
168
178
134
193
169
191
122
186
186
180
102
187
199
186
158
178
115
129
170
174
170
195
132
128
182
171
190
146
114
168
125
123
111
122
118
144
131
178
174
194
141
110
105
158
167
139
112
193
182
124
125
179
114
105
163
121
183
126
118
183
192
180
107
166
160
135
110
200
176
143
139
167
132
171
187
138
163
139
124
134
197
144
126
178
178
179
122
167
124
153
151
108
157
162
128
149
113
160
188
123
111
151
185
130
189
189
199
165
156
155
144
169
105
168
155
168
121
194
141
114
160
170
110
113
164
192
159
180
139
189
114
122
168
183
181
154
117
136
187
147
103
199
179
152
108
149
112
175
199
146
184
172
134
136
172
121
158
103
180
114
112
122
143
194
116
191
177
196
125
137
108
104
146
158
118
114
146
200
155
141
189
129
155
170
137
132
195
197
195
130
164
154
168
134
166
132
118
108
198
144
195
189
111
167
166
110
111
156
186
152
158
109
174
151
121
141
148
117
151
139
106
104
106
186
167
108
124
130
152
104
171
148
101
193
169
185
171
117
154
151
187
192
108
125
149
127
122
132
102
131
145
169
196
178
184
191
110
160
149
184
147
159
153
144
190
185
198
197
117
117
149
109
200
129
185
150
134
123
135
199
100
200
184
144
161
189
154
185
120
112
150
120
117
194
102
113
145
149
119
198
168
141
198
137
112
122
159
178
159
156
145
124
116
124
161
130
110
200
100
176
117
106
196
128
185
102
168
107
104
100
190
172
166
124
629
615
660
770
719
620
722
710
577
617
726
684
789
515
761
679
738
550
765
738
750
672
678
709
581
668
726
502
722
758
616
709
714
794
777
505
547
631
747
643
601
585
765
763
626
698
782
659
783
632
509
573
729
587
623
770
652
540
607
584
552
759
775
585
536
583
579
606
542
707
673
665
767
744
670
793
507
505
681
689
561
546
720
794
524
673
761
557
549
513
577
504
670
667
696
589
696
662
555
565
513
727
675
618
502
596
696
760
659
502
650
546
736
665
607
512
748
516
781
571
578
672
764
651
768
619
698
777
658
516
719
734
609
561
713
691
574
756
581
770
754
736
733
716
562
649
681
706
604
780
712
742
795
548
653
669
587
736
788
672
721
550
626
718
565
780
629
681
675
754
743
606
510
511
607
696
561
786
733
672
611
754
690
776
517
720
594
613
511
741
672
693
508
553
797
526
610
626
694
678
739
632
748
772
601
503
539
661
718
765
557
502
615
520
634
634
680
508
505
549
706
574
540
606
561
700
596
792
779
518
563
754
747
682
664
596
607
670
585
592
767
697
681
560
521
527
533
572
530
579
602
553
798
589
519
541
679
676
657
515
731
748
741
615
556
795
665
525
587
669
790
550
763
596
667
562
794
627
709
606
740
603
755
731
720
558
713
582
527
764
687
531
544
544
686
755
547
591
558
766
794
581
762
735
720
666
538
535
605
746
557
628
626
538
623
775
549
797
539
735
590
628
588
593
542
661
533
708
710
711
720
508
653
504
618
734
545
653
743
734
624
690
509
580
580
737
516
557
781
598
696
643
750
605
700
658
717
704
644
585
528
659
790
552
667
748
791
639
506
677
672
784
545
547
620
722
774
628
511
625
630
689
660
684
657
615
605
575
778
523
513
584
536
797
687
541
732
714
778
578
792
761
652
742
750
747
721
543
687
786
567
770
694
619
663
724
531
550
653
698
766
763
600
559
708
766
598
569
532
612
649
725
721
709
547
716
552
506
507
609
645
668
745
776
761
545
746
741
618
686
729
641
547
705
616
749
759
647
753
667
791
756
789
795
589
659
570
574
641
749
670
526
678
688
757
502
602
531
737
795
504
789
542
670
582
596
521
723
714
600
788
503
684
568
681
800
728
668
517
555
196
114
121
102
152
183
156
175
109
147
171
178
193
147
124
108
124
196
179
125
112
122
128
174
197
116
137
115
106
174
167
171
191
102
129
125
164
161
196
125
143
183
115
103
144
186
160
145
167
149
189
194
125
189
107
145
144
193
140
159
138
152
145
181
196
145
125
112
130
148
184
181
104
109
194
137
104
139
160
173
195
188
108
151
111
153
173
175
114
110
139
133
119
133
198
164
103
126
166
129
131
105
136
188
197
109
181
144
136
200
139
185
122
118
130
175
192
178
199
190
197
138
136
192
118
101
163
185
174
191
147
123
131
108
130
106
131
146
128
118
143
193
155
122
131
137
136
184
129
171
155
138
151
117
105
113
157
143
105
171
155
162
173
107
162
168
102
154
196
200
195
103
121
107
191
151
156
152
197
113
126
130
143
113
186
106
184
110
199
146
161
168
188
128
130
123
195
142
189
184
178
125
192
136
127
120
189
162
131
143
170
140
101
152
104
138
175
152
122
182
159
140
199
178
140
134
125
154
130
162
182
164
150
148
173
194
149
198
141
110
150
137
183
181
126
101
148
190
196
160
141
196
104
175
110
197
120
108
160
156
142
185
106
135
135
103
126
112
190
136
162
163
194
108
137
115
187
144
145
161
179
181
132
130
123
159
169
133
154
161
170
171
161
146
146
149
200
115
184
145
178
197
169
196
169
156
186
157
189
187
185
124
106
113
102
178
132
186
185
199
106
165
161
181
154
140
160
102
189
136
132
155
187
151
105
128
117
154
137
127
190
162
159
128
179
173
175
147
109
196
166
137
116
182
123
158
148
190
187
188
116
194
139
111
181
192
149
128
126
173
133
144
185
175
199
145
100
176
101
193
105
130
141
108
175
165
118
114
158
102
124
102
172
167
120
109
114
145
159
189
150
136
146
174
130
181
193
192
141
178
182
174
105
177
171
170
188
125
131
152
165
145
157
197
104
183
142
184
123
147
145
126
173
112
145
197
142
114
196
188
155
123
171
127
198
167
110
192
190
168
130
178
107
109
146
111
121
199
156
178
118
173
106
117
178
162
113
104
173
184
102
128
134
131
120
162
132
144
177
126
182
144
165
153
145
187
114
163
164
169
150
164
133
142
128
136
146
165
146
148
641
652
744
741
641
736
568
598
706
669
566
510
503
741
781
511
610
539
764
626
521
746
694
629
553
755
503
610
550
511
719
633
503
635
778
738
702
550
616
759
563
677
634
780
775
738
725
744
713
524
679
737
746
683
560
609
606
506
516
706
723
672
627
723
597
747
722
746
625
721
629
747
784
788
715
724
726
797
584
647
591
501
721
527
505
539
692
576
782
755
697
504
791
575
630
573
530
642
693
516
587
515
693
635
793
699
680
787
716
652
544
525
651
595
518
756
698
754
704
658
648
758
789
731
593
742
654
718
723
605
566
510
694
570
655
574
680
662
598
800
619
758
522
734
787
591
711
678
742
583
573
672
537
584
663
580
529
620
649
731
611
614
649
708
525
648
653
682
623
714
655
673
769
661
612
761
563
715
772
636
734
523
529
661
539
513
667
582
681
700
729
774
592
743
677
635
559
747
700
740
507
616
725
543
604
714
794
728
661
672
668
728
569
547
674
739
611
663
559
651
579
510
513
758
521
563
548
625
540
624
516
598
684
695
764
684
606
766
599
787
799
767
698
688
797
745
548
709
550
780
544
770
782
745
709
670
649
649
613
645
527
791
745
754
618
596
582
549
789
655
504
500
743
704
756
684
564
786
682
637
626
643
576
538
671
754
513
677
612
513
606
736
536
554
702
644
778
526
616
557
709
797
762
608
571
749
757
716
620
666
792
543
669
646
654
631
626
720
625
725
789
629
644
718
578
528
587
789
528
539
764
656
590
707
682
787
602
540
546
757
575
783
643
528
660
540
640
625
642
584
739
777
629
759
749
503
725
683
696
632
580
785
657
792
546
620
793
613
604
598
703
661
574
769
661
744
693
738
527
750
789
503
710
753
654
779
727
676
652
773
659
687
600
752
561
592
561
557
658
607
793
549
666
776
535
683
776
658
535
605
521
583
757
601
608
728
789
703
570
709
722
726
761
659
681
629
781
578
656
539
675
532
646
653
553
738
507
621
635
673
600
718
694
653
664
748
719
566
626
569
510
717
552
798
759
617
502
581
500
590
557
721
644
674
547
521
559
564
574
558
706
601
698
513
531
615
553
587
750
506
519
590
725
599
609
703
756
617
696
580
704
576
593
729
542
542
519
769
542
788
105
143
185
198
148
160
168
124
112
143
196
168
103
109
166
141
180
173
127
171
200
137
150
144
170
141
130
147
123
135
157
137
193
131
198
142
179
129
198
171
120
172
118
153
194
140
152
176
182
121
145
195
133
149
170
154
164
106
101
132
141
198
159
144
105
175
161
130
189
163
123
197
132
192
110
119
134
157
123
164
137
161
157
113
162
111
109
104
197
139
127
144
148
140
173
120
104
143
106
165
163
197
193
185
116
155
115
127
134
112
159
126
195
134
104
177
168
147
103
142
150
149
163
147
199
199
133
166
146
103
193
140
112
180
178
172
169
132
163
159
175
190
166
160
122
120
127
176
129
101
134
124
119
171
134
142
104
108
123
166
156
129
158
158
130
153
133
121
122
164
151
120
159
120
122
158
108
114
114
100
106
140
134
132
164
171
146
192
199
177
159
145
126
151
108
155
183
179
199
178
184
138
163
167
183
180
159
101
162
169
161
170
139
192
135
103
114
124
128
114
114
188
153
136
107
151
129
172
150
181
108
139
173
110
149
193
108
106
195
165
117
104
169
171
146
113
166
183
118
120
188
113
187
118
121
101
158
101
126
154
151
139
103
109
114
133
131
116
191
180
103
178
104
119
153
103
141
151
101
104
156
152
153
133
115
150
176
169
149
140
155
174
152
104
138
196
157
166
189
135
153
154
146
113
167
101
189
158
158
103
187
123
104
151
111
182
168
139
138
176
162
117
123
125
169
130
125
194
100
151
155
196
138
156
167
111
126
113
143
183
106
142
123
153
190
162
135
120
113
118
161
177
128
172
170
142
199
133
109
107
110
112
116
112
109
196
131
134
163
134
103
161
131
115
123
156
148
140
176
195
156
178
192
192
196
156
104
199
118
106
116
182
127
159
169
185
185
197
148
148
184
162
175
171
134
101
172
114
157
144
154
170
109
118
179
128
131
193
173
171
139
191
111
128
135
185
104
147
127
149
199
172
115
111
115
164
165
188
179
115
109
123
186
159
168
106
198
102
108
124
133
157
158
135
167
196
142
173
161
121
185
182
146
161
174
160
128
134
192
109
150
155
176
111
184
131
159
169
108
118
189
148
176
151
157
135
127
183
140
120
189
167
124
160
103
109
105
185
161
112
547
708
751
680
572
741
561
589
660
540
608
702
534
748
585
579
714
797
667
739
511
717
639
564
719
716
590
674
527
620
576
630
797
511
793
590
698
711
616
576
581
590
620
544
618
782
568
637
564
745
674
762
609
624
575
691
581
714
587
567
661
616
620
665
561
765
671
783
714
563
542
524
532
516
639
727
582
506
763
549
655
566
608
781
551
763
624
583
609
742
556
686
686
630
780
756
533
665
580
590
614
527
784
796
772
800
675
572
510
634
784
561
640
684
555
719
692
727
538
668
724
707
570
721
536
506
717
513
772
715
726
525
787
516
564
789
657
605
584
559
640
645
647
554
522
578
683
627
501
601
752
564
522
660
710
502
693
513
596
773
563
556
504
581
509
605
684
782
791
658
597
660
754
514
622
637
560
547
698
635
539
773
592
587
668
652
581
652
624
732
557
650
613
693
748
672
705
750
503
558
605
734
622
558
592
580
566
795
562
758
573
655
617
713
734
680
552
508
607
705
762
621
576
676
671
668
727
508
637
532
686
732
540
606
627
669
702
785
705
712
728
620
553
786
712
696
655
689
764
734
593
554
609
663
791
556
620
515
660
770
637
712
784
761
552
511
507
749
503
595
682
728
557
662
781
642
685
792
727
706
736
695
644
638
593
762
598
508
510
702
567
531
718
759
585
504
800
625
559
534
624
785
531
543
797
701
599
666
580
623
733
600
767
586
673
562
782
678
657
799
664
512
588
642
744
759
659
692
609
548
562
622
774
742
604
637
761
579
649
509
714
555
706
551
564
687
800
586
739
704
507
677
663
533
630
591
679
792
563
733
569
532
646
597
618
599
612
648
702
735
771
634
649
772
692
800
710
581
616
780
661
792
757
501
660
530
502
706
739
605
640
539
663
790
716
542
639
724
684
735
616
772
624
668
745
734
557
683
775
718
797
797
697
744
738
706
599
765
539
603
525
669
519
649
689
638
667
729
604
597
629
765
516
521
723
728
520
660
648
629
761
525
540
554
697
765
753
705
696
603
570
786
748
518
791
781
688
664
778
774
600
506
550
578
675
518
760
711
733
716
746
727
711
670
770
599
683
686
683
735
505
746
778
656
652
577
606
649
762
720
649
733
719
725
522
609
564
605
586
747
127
137
188
126
114
118
139
193
117
181
172
109
188
137
181
136
150
162
178
116
120
158
182
119
189
198
104
153
125
168
138
151
151
163
143
163
150
196
169
192
179
113
178
140
160
180
173
148
142
116
189
167
178
108
196
101
157
133
183
156
106
105
185
183
197
141
106
177
188
128
144
199
175
184
169
157
153
137
103
183
139
199
167
104
150
178
150
134
119
196
141
129
126
160
125
131
110
157
185
153
154
193
119
199
124
109
155
192
146
158
191
198
115
135
119
149
199
155
185
176
154
141
198
179
197
127
185
113
141
154
132
146
117
141
189
162
168
169
141
182
103
123
175
116
171
126
192
185
155
109
113
185
122
166
132
159
118
171
186
168
187
199
130
186
160
103
131
122
119
148
112
118
112
187
185
189
141
102
184
173
185
101
144
161
159
177
107
172
105
133
177
125
146
175
124
127
118
134
124
123
138
199
150
194
171
165
155
144
142
110
178
123
112
128
188
193
175
130
140
161
121
116
150
100
150
101
162
183
110
146
150
153
192
125
197
152
185
159
107
158
126
115
195
164
116
115
107
174
150
138
179
150
192
107
141
101
131
142
146
169
117
138
142
170
173
151
150
174
117
179
128
150
101
178
178
134
154
192
151
122
117
141
118
188
178
192
137
101
163
114
141
188
147
103
113
191
131
131
128
154
108
160
143
184
169
179
194
161
128
165
190
130
176
198
160
126
133
174
171
124
148
194
140
134
121
144
150
160
154
150
199
163
189
150
185
125
151
181
196
190
142
193
188
146
153
125
187
109
180
111
154
175
126
158
175
184
189
121
134
115
181
121
169
190
117
188
183
170
125
158
184
179
169
158
145
193
127
165
193
126
196
173
151
142
126
106
187
127
170
122
105
184
116
174
182
140
123
160
113
124
107
143
194
104
188
138
187
130
195
180
136
147
106
186
162
161
196
151
103
179
140
152
122
147
189
114
147
167
155
155
168
118
143
107
173
148
195
168
115
113
161
107
127
186
197
117
161
110
189
107
121
152
174
105
149
102
115
196
175
104
164
131
150
190
129
110
189
111
177
120
116
153
194
120
131
120
117
156
138
128
147
160
181
161
118
131
103
118
144
185
107
111
104
137
140
110
189
124
107
172
726
715
554
790
513
719
650
715
531
553
710
642
590
571
541
668
573
780
610
656
679
500
720
691
742
617
569
513
598
572
512
664
503
689
553
715
700
650
598
708
611
562
584
589
650
626
783
623
604
705
635
669
709
624
604
742
526
597
552
616
781
685
747
540
514
654
721
564
657
610
657
720
713
534
726
759
626
516
501
689
745
645
767
661
543
708
679
520
793
611
736
612
651
765
761
501
547
717
745
647
684
568
609
504
598
774
757
550
571
584
747
577
550
510
605
547
633
600
739
773
686
753
604
505
787
535
622
737
603
700
578
571
623
594
670
515
581
510
726
520
521
780
758
593
607
522
588
783
700
682
500
670
795
540
743
596
715
510
551
730
624
529
685
698
742
559
709
692
729
692
644
762
503
725
683
656
764
611
799
793
604
749
681
604
644
562
503
681
707
769
607
574
511
590
530
503
650
663
569
592
664
619
508
677
684
797
553
649
530
505
696
592
600
551
543
716
558
694
673
628
735
713
753
675
734
662
683
582
731
621
557
719
543
657
558
633
635
580
635
776
509
535
790
611
787
688
573
795
762
793
745
576
518
697
676
622
616
529
790
711
795
734
749
647
530
526
779
693
608
774
574
775
706
515
561
506
659
790
638
547
748
517
654
742
717
576
771
709
792
799
540
780
796
547
667
664
712
733
573
570
540
599
535
603
502
536
644
553
510
701
609
511
551
789
740
732
666
703
598
517
776
799
625
782
525
717
594
690
727
552
711
570
622
534
770
730
766
781
793
798
529
708
664
721
750
688
782
571
757
520
672
563
681
652
699
549
586
776
723
652
661
769
753
625
580
504
779
503
558
726
725
680
515
633
529
656
678
513
608
558
603
593
509
793
781
560
646
768
708
656
594
634
707
734
510
634
549
548
730
653
677
753
703
567
673
582
748
748
748
731
523
595
667
567
580
725
787
704
753
789
750
566
619
765
785
739
625
706
562
601
520
536
781
600
558
644
586
761
767
752
717
600
638
794
524
626
533
589
509
721
620
594
545
597
523
510
797
535
620
773
790
612
519
744
510
799
642
704
780
625
683
756
642
754
572
717
756
727
695
711
770
592
758
791
767
598
501
596
622
761
585
536
738
544
572
747
791
725
792
613
148
192
129
184
183
115
109
102
169
102
109
152
196
150
197
133
123
105
164
193
156
106
192
137
195
198
150
164
113
161
122
147
134
133
130
181
148
189
106
144
148
164
162
169
131
152
153
151
194
183
157
136
158
107
182
121
184
143
160
124
148
123
159
158
142
131
182
156
162
187
189
154
153
161
127
190
190
117
142
154
174
188
147
134
169
130
178
155
188
179
148
138
197
168
133
198
165
155
153
174
136
174
111
174
174
164
169
181
131
150
190
132
198
146
166
157
111
185
103
128
187
120
187
129
176
109
105
199
181
173
127
140
146
174
164
123
105
173
102
161
171
125
190
154
184
120
124
121
150
172
108
132
165
103
196
173
179
191
103
135
193
187
147
101
124
181
190
102
149
104
149
184
198
155
166
120
152
154
153
118
183
185
155
192
158
127
193
115
138
151
124
114
101
164
167
157
170
193
153
152
162
172
166
189
105
127
111
178
157
124
119
153
110
172
101
182
139
117
145
180
185
156
168
112
114
147
115
103
161
141
132
175
118
158
135
186
145
116
198
157
113
192
180
193
121
107
160
137
164
169
143
166
181
143
114
116
185
187
107
159
118
146
169
114
183
159
164
127
193
121
132
145
120
135
118
141
104
116
176
196
123
139
177
126
174
182
193
142
166
125
173
126
169
104
200
125
129
190
174
142
135
142
136
175
176
143
177
188
146
163
166
189
125
134
106
131
158
152
187
139
181
168
176
182
117
184
163
184
113
199
121
108
184
146
195
153
137
154
169
128
200
161
192
170
130
113
180
170
190
174
184
160
168
176
123
171
116
173
196
134
152
153
159
191
172
168
155
125
123
171
134
172
176
176
194
195
130
198
112
172
121
167
143
194
199
159
187
161
189
192
113
144
186
166
199
161
122
136
195
191
183
113
184
171
182
130
123
108
115
115
192
180
112
156
147
158
137
135
158
155
162
181
153
121
164
190
114
146
139
124
112
133
118
163
142
157
103
118
196
117
168
159
174
133
115
159
146
178
177
161
125
150
197
119
159
159
158
128
170
138
193
126
113
189
172
103
179
182
108
145
166
169
129
176
186
116
138
178
122
174
168
123
183
171
191
106
168
132
185
195
176
132
117
190
118
183
149
125
192
119
618
611
549
652
617
538
527
690
631
575
590
775
589
789
783
739
645
514
571
562
622
736
588
617
624
745
712
633
751
664
607
529
545
549
574
524
503
590
643
771
562
694
630
681
690
673
686
532
598
569
629
673
577
688
737
619
739
783
603
504
635
644
607
767
737
532
591
567
634
731
658
593
525
643
774
511
643
707
684
761
724
590
784
738
646
724
698
676
617
699
651
596
671
542
636
691
709
724
618
572
618
641
640
594
559
646
642
592
777
712
507
647
776
697
602
643
731
732
765
635
756
721
691
513
792
584
756
680
586
519
667
636
792
583
765
672
754
699
510
590
661
745
606
758
740
564
642
515
619
568
639
544
707
799
763
584
776
600
630
647
718
687
538
768
739
534
654
656
711
662
717
604
674
737
510
759
709
629
679
687
595
671
684
721
520
674
701
533
567
521
586
528
661
592
750
795
558
713
758
785
569
697
620
622
711
658
658
613
503
681
693
608
738
628
677
763
607
684
614
585
573
543
531
660
560
596
717
742
580
667
750
628
652
774
620
796
758
506
634
665
575
502
535
568
504
623
591
710
738
754
707
542
674
695
744
709
682
660
731
573
514
589
704
633
697
552
722
538
709
686
531
591
536
754
751
552
535
604
661
692
636
754
779
718
646
672
733
518
500
564
527
792
689
524
567
768
750
658
609
538
679
659
755
778
677
703
652
542
632
556
798
743
757
618
760
626
529
509
780
639
725
534
590
585
781
531
510
510
743
800
741
690
784
629
676
791
561
604
762
624
596
558
756
685
674
528
704
559
573
715
767
692
543
522
721
576
778
732
786
530
607
603
534
612
583
531
500
606
720
756
714
725
769
635
767
685
604
542
555
682
773
735
746
614
675
539
622
762
568
756
615
663
732
745
646
700
501
639
793
617
799
567
521
506
538
643
795
578
621
599
785
583
512
562
540
754
523
520
735
558
787
711
750
744
708
655
509
758
662
659
585
743
789
557
573
707
648
560
649
660
683
508
547
660
718
787
646
565
735
679
635
773
790
734
669
549
519
720
745
609
606
791
781
703
600
758
559
619
553
502
777
554
720
681
603
624
793
683
598
561
656
716
620
713
515
525
614
742
601
620
652
793
574
667
545
698
583
524
594
516
110
184
145
117
117
168
172
139
112
115
159
177
150
190
145
150
193
199
147
140
155
142
161
128
115
108
179
183
108
176
109
192
150
175
165
102
145
101
138
166
194
125
151
117
163
178
157
157
169
199
168
133
158
121
122
140
185
160
150
176
169
114
129
120
146
164
105
165
190
186
178
161
140
177
148
126
170
115
191
159
195
137
106
122
132
136
103
150
110
123
152
107
106
188
176
143
150
174
130
102
176
148
154
178
176
118
111
197
132
135
130
164
176
165
156
166
180
135
183
108
166
157
178
115
116
114
137
175
106
124
136
148
147
122
196
146
102
147
191
128
104
174
146
122
175
161
147
175
167
144
136
126
197
193
142
146
108
134
128
190
150
162
156
147
186
185
181
169
196
187
138
170
102
103
165
106
135
167
189
150
113
181
160
190
182
165
113
139
187
100
153
106
195
109
191
159
145
131
148
118
187
166
100
141
120
191
180
126
192
145
186
117
108
196
184
191
174
160
126
158
150
198
153
158
194
193
148
143
166
198
189
128
137
108
153
181
126
170
152
188
175
142
129
166
128
181
199
119
134
162
138
111
152
180
111
117
164
152
180
155
182
194
131
175
140
150
100
135
196
151
142
102
113
120
140
115
122
140
152
185
175
120
191
100
148
126
177
168
140
194
157
183
182
130
145
119
129
132
194
162
179
113
107
166
191
104
112
107
123
121
197
130
182
200
110
159
172
171
120
147
174
170
193
156
169
120
101
109
185
195
116
139
109
186
169
109
146
138
100
140
185
103
116
141
165
153
105
162
161
148
181
186
198
146
130
185
125
104
182
125
132
112
127
150
108
182
146
147
175
117
152
119
191
106
167
142
168
163
128
157
176
120
120
128
129
104
105
125
164
126
186
171
184
108
150
151
113
188
172
185
192
115
167
189
151
147
119
151
198
179
198
174
140
173
157
161
166
187
196
119
150
112
121
194
105
176
173
138
161
128
148
161
193
169
150
184
127
183
109
121
136
180
146
114
176
158
180
116
193
133
156
160
179
135
138
198
149
131
144
104
149
146
176
143
156
180
112
181
186
159
199
184
116
102
180
149
146
139
190
151
134
156
113
131
181
145
149
194
143
181
167
128
177
126
106
160
129
114
127
169
586
741
524
581
724
791
616
609
580
593
665
583
503
548
722
685
717
685
599
631
630
512
543
524
655
619
785
617
758
647
585
687
644
728
781
756
723
605
592
594
758
714
527
516
600
570
538
748
794
556
580
561
703
602
739
757
565
597
760
543
534
569
538
634
590
790
581
570
511
731
696
665
781
650
765
542
710
658
544
563
680
707
571
617
571
721
596
638
606
629
617
674
679
599
604
580
539
789
590
501
756
543
755
790
676
742
766
759
655
616
711
673
591
708
606
700
643
715
674
755
764
573
623
570
618
732
517
682
690
656
794
605
502
781
530
769
592
749
620
609
664
570
533
753
635
568
767
780
613
653
611
725
648
512
757
585
709
515
576
795
515
566
562
537
720
613
654
797
631
559
551
751
576
537
576
747
631
576
602
616
596
503
681
587
625
682
642
641
573
732
563
730
722
761
737
791
652
798
660
665
588
592
524
589
652
665
593
676
563
561
517
642
631
563
769
773
636
788
621
546
513
551
672
624
517
711
548
694
505
653
720
586
685
588
646
750
794
632
616
518
742
795
765
622
509
577
635
595
771
799
757
617
757
788
705
629
587
639
734
716
696
557
603
784
577
656
629
713
621
618
759
788
525
694
502
557
527
776
754
683
751
618
663
602
756
558
732
792
601
552
614
708
681
660
591
613
775
503
519
797
702
767
677
667
610
539
543
718
798
778
629
642
587
547
552
737
686
530
639
621
626
795
513
732
779
643
524
519
549
541
624
503
680
767
587
731
773
541
515
793
546
730
531
584
744
674
552
774
600
693
542
581
552
691
729
790
504
510
501
594
734
722
660
634
651
690
696
694
709
589
639
520
659
787
526
687
571
583
691
516
687
543
600
580
629
536
731
681
519
770
543
711
687
711
763
613
771
571
768
577
552
771
533
654
546
678
566
655
612
564
779
580
593
599
607
709
678
554
684
699
691
712
623
691
748
501
601
560
749
691
777
677
687
749
567
675
721
513
585
624
705
681
556
633
741
529
671
553
595
789
512
748
674
535
520
681
737
781
773
528
797
505
611
516
589
587
537
603
620
730
512
617
641
696
711
617
778
661
624
760
555
629
686
709
537
620
702
630
686
663
757
737
609
738
532
598
692
552
673
568
127
184
170
129
183
176
198
172
180
171
150
137
110
155
152
170
116
151
167
196
185
145
127
147
114
136
109
189
179
172
192
130
193
198
121
138
177
139
188
111
133
129
129
151
128
130
158
159
157
195
189
114
133
178
150
100
182
147
197
195
164
190
118
194
188
158
191
144
110
197
118
171
186
156
188
121
156
160
137
190
178
143
103
120
136
106
183
142
158
177
139
122
115
174
196
142
157
189
153
134
105
140
138
158
151
198
136
158
129
160
200
143
143
102
183
193
139
131
101
166
104
194
129
128
174
198
154
193
109
167
170
130
189
140
185
193
167
139
164
194
160
168
164
175
117
190
156
132
147
156
115
191
140
181
112
118
180
189
157
186
161
149
118
114
186
117
148
149
193
117
121
113
111
160
157
101
200
151
104
154
167
147
117
147
200
193
136
197
174
102
194
193
129
127
189
107
179
105
183
195
144
163
144
153
147
191
190
152
125
179
171
121
191
125
194
133
156
114
178
151
172
132
183
192
174
188
195
140
189
192
165
158
169
172
157
151
195
138
131
101
110
181
105
133
127
152
115
158
130
137
168
148
186
178
148
178
134
117
167
144
108
101
195
167
134
179
169
125
191
186
155
141
158
104
144
112
193
128
151
138
110
161
128
168
113
193
122
167
181
182
170
176
196
101
180
121
180
136
103
106
166
129
149
135
149
169
166
173
188
159
156
119
163
163
131
145
169
108
158
114
101
104
123
146
107
174
122
130
172
181
175
114
156
118
118
150
115
125
173
140
144
185
154
193
110
120
139
147
145
175
159
174
179
180
122
192
124
107
183
139
138
167
191
183
130
193
162
106
198
135
147
104
148
186
170
124
120
185
111
122
137
189
180
126
193
190
111
118
112
111
151
116
110
185
184
180
172
100
116
114
175
122
194
128
188
166
143
109
101
168
158
172
148
117
103
146
103
114
141
197
153
164
112
136
182
103
103
125
163
197
142
118
139
114
189
178
177
104
111
143
168
108
128
197
118
144
196
123
195
108
168
196
197
166
167
126
123
123
134
125
164
132
161
153
196
134
178
193
146
119
122
121
152
157
188
144
136
198
196
174
170
168
160
144
175
178
163
170
194
189
150
103
128
150
172
198
190
140
135
100
649
756
541
759
501
517
682
505
583
597
574
585
711
578
677
712
578
503
581
631
786
569
536
760
511
717
508
792
736
797
727
528
725
641
677
656
589
533
525
653
545
502
675
607
610
699
580
592
591
671
605
757
646
573
537
545
666
595
716
792
585
614
602
591
719
622
786
663
765
555
575
775
550
619
784
784
746
649
571
626
726
616
608
525
612
529
578
697
746
775
582
556
599
633
544
533
536
508
792
600
687
703
798
531
667
632
567
786
779
501
521
570
606
520
742
720
517
671
688
565
658
757
680
629
680
684
656
677
708
505
536
672
665
711
729
767
671
598
526
613
744
511
558
542
706
506
512
773
682
571
725
609
748
638
685
681
653
640
527
592
579
776
757
556
681
783
654
754
580
527
557
727
513
696
736
691
708
782
625
641
712
718
595
642
746
799
543
696
677
542
777
581
636
560
584
516
712
522
519
595
608
725
556
791
750
691
730
765
611
759
589
588
530
735
691
772
551
719
785
750
697
539
744
601
732
626
705
537
796
781
597
772
747
640
521
549
769
681
504
523
648
615
549
748
701
699
669
721
771
756
562
617
578
763
716
793
652
510
599
540
527
762
715
772
781
570
622
706
545
596
654
688
587
767
745
766
799
594
533
626
759
513
779
573
798
756
685
780
688
758
725
699
527
643
564
527
736
587
587
670
538
726
737
657
608
767
695
569
541
690
716
607
586
584
686
538
664
709
608
629
576
553
793
665
583
778
672
687
737
560
558
651
612
501
628
563
660
790
546
602
595
532
727
762
791
703
631
662
799
546
550
726
514
717
648
540
792
745
800
574
631
520
559
504
694
737
526
515
537
788
770
648
574
693
587
639
571
784
638
752
664
662
626
717
586
532
595
588
672
628
785
526
789
790
661
662
692
691
710
638
554
702
764
570
662
562
757
691
705
619
511
557
762
618
519
584
592
577
526
712
553
672
696
720
602
586
636
535
555
743
588
584
542
750
677
590
584
512
726
519
712
615
630
759
714
551
558
591
698
556
748
577
550
661
699
616
597
663
764
593
655
710
658
552
797
560
733
586
714
562
534
772
501
615
503
642
585
567
541
523
519
513
606
580
539
599
775
618
743
607
505
742
745
595
585
636
799
691
514
776
154
178
194
174
117
130
121
132
171
124
197
151
186
144
126
153
163
195
167
147
148
140
111
138
187
167
180
118
153
135
105
142
179
184
176
134
128
179
141
125
119
103
199
168
194
154
190
126
175
111
188
193
104
157
147
180
188
118
189
139
169
136
189
188
189
174
198
176
106
107
117
146
108
146
137
139
188
186
128
191
124
144
127
139
141
122
106
200
108
146
189
135
183
183
112
190
159
157
133
142
149
180
129
184
166
159
199
200
155
102
124
172
142
159
160
169
179
126
197
135
153
181
137
140
179
101
125
148
105
118
118
175
114
199
185
199
176
171
197
138
114
106
182
146
119
185
100
185
127
106
173
106
187
130
150
197
114
197
166
105
191
175
110
146
176
174
112
200
179
169
108
166
107
127
105
108
144
134
155
163
168
130
178
157
107
187
168
153
195
144
168
164
137
181
144
103
150
110
177
151
195
171
152
169
195
161
143
180
113
122
198
135
156
104
199
133
167
196
174
162
105
164
177
167
173
135
185
141
160
143
141
114
109
116
136
159
149
121
132
190
174
101
176
169
102
142
129
179
160
136
199
180
110
193
109
181
128
170
172
170
184
120
159
146
149
116
137
154
111
170
101
145
130
188
167
135
116
147
197
142
102
151
174
183
131
160
129
173
140
199
115
188
175
139
149
102
152
111
114
188
120
134
130
167
178
143
182
103
174
107
178
180
114
193
169
158
155
199
125
181
177
147
112
118
103
187
171
113
158
117
141
181
166
186
132
158
148
160
160
114
102
151
157
158
170
196
108
160
170
161
160
129
141
187
154
136
149
109
155
137
126
107
172
104
123
128
142
128
194
164
128
131
181
179
122
120
166
178
151
164
179
145
155
148
199
165
170
160
186
179
149
118
185
195
192
119
104
124
106
116
143
167
188
126
193
108
145
193
199
101
114
153
156
174
162
155
177
102
147
147
164
120
164
137
146
181
150
128
155
150
144
170
193
179
175
179
140
133
197
158
152
182
160
152
145
115
179
183
115
127
191
107
183
178
148
156
106
180
119
183
175
141
166
131
125
171
125
115
128
131
166
116
173
108
195
170
111
192
105
168
175
179
191
198
119
115
148
133
199
123
153
148
139
199
171
166
139
165
182
146
743
601
557
612
743
645
526
625
601
642
682
786
605
594
614
746
723
695
580
505
774
503
684
618
543
731
760
506
586
727
610
575
545
695
663
788
676
749
538
601
761
785
705
696
552
671
723
698
570
687
772
632
749
701
696
588
519
785
559
788
742
524
612
599
587
601
557
745
708
665
747
597
647
508
637
605
584
744
549
595
667
693
724
748
570
547
778
581
664
741
515
518
639
539
743
517
692
655
724
739
659
628
760
748
638
557
749
691
532
671
509
558
779
556
759
660
639
560
561
768
555
793
766
526
666
767
554
553
541
753
632
514
642
605
743
617
569
615
555
594
704
655
510
669
752
536
636
687
583
683
571
754
691
709
741
703
659
694
628
624
797
543
655
644
560
632
522
570
574
665
666
564
755
522
787
560
698
734
716
771
695
756
588
584
745
678
757
506
583
665
595
689
679
585
616
718
659
581
649
782
688
762
777
715
683
789
607
573
775
714
561
657
650
547
634
675
580
598
745
709
654
616
503
735
757
735
669
567
777
599
737
689
716
636
583
728
600
557
546
573
795
514
726
688
742
645
717
549
794
630
525
623
579
593
733
620
660
543
766
519
642
797
537
593
529
730
510
662
513
759
703
757
506
684
782
559
691
655
638
605
648
517
556
712
715
546
757
521
734
545
724
774
779
765
709
599
577
726
772
643
516
616
546
589
704
762
778
569
675
720
658
681
724
747
505
757
645
748
515
507
516
740
747
531
643
701
742
744
655
756
564
768
520
753
647
796
642
508
728
798
627
788
766
610
504
680
698
580
558
575
629
523
514
743
584
596
685
573
641
771
545
678
794
515
591
737
614
797
526
676
741
703
742
746
725
609
547
799
710
744
658
556
557
592
692
584
675
588
695
577
618
605
642
508
796
741
597
579
631
687
753
765
610
758
622
673
536
599
684
653
509
528
800
655
783
524
625
590
617
701
790
584
562
529
528
578
685
700
692
671
660
606
619
591
734
597
799
517
514
629
736
718
571
703
506
562
642
719
779
682
607
718
769
568
564
776
707
662
716
758
621
685
769
671
517
563
699
528
629
617
611
789
515
563
605
759
516
680
769
562
638
562
624
566
609
652
537
713
618
552
667
718
661
783
756
684
734
580
695
643
147
174
177
178
108
124
110
127
136
199
161
195
161
155
158
196
137
185
192
149
161
124
116
109
126
162
100
130
122
199
128
181
158
148
174
173
120
194
178
135
158
183
159
185
196
180
195
182
111
187
193
105
102
104
122
129
165
171
136
157
170
200
168
118
169
143
147
157
198
152
118
124
192
193
195
136
135
162
136
140
166
138
111
185
106
103
189
118
101
104
104
119
115
136
184
116
101
195
160
136
149
185
191
194
187
160
178
151
166
176
154
160
191
113
122
168
166
175
156
142
158
132
187
174
127
115
182
172
165
177
194
182
182
102
193
128
197
122
176
135
195
178
134
111
139
129
154
138
159
183
184
148
101
107
182
113
119
115
113
154
154
148
161
179
123
101
186
159
138
117
127
176
196
121
103
175
189
163
103
161
120
128
153
175
167
149
196
116
101
167
129
103
152
138
172
134
159
143
180
134
153
124
148
171
129
131
120
128
121
117
174
166
141
156
116
101
112
131
140
128
131
103
198
191
103
150
104
194
123
160
120
112
149
150
191
167
176
173
136
122
134
154
177
153
148
146
142
127
135
159
123
156
181
175
158
165
101
116
146
188
103
135
161
183
167
143
179
168
133
143
135
129
109
134
110
146
110
143
134
142
112
125
166
109
112
128
175
139
158
140
148
159
123
101
101
119
143
198
103
143
157
162
140
182
143
119
189
194
170
122
156
200
103
108
192
131
169
183
109
141
155
146
181
164
176
149
176
175
128
168
123
185
157
139
147
101
147
116
167
109
101
180
156
175
174
158
103
178
129
163
152
163
190
186
102
168
180
161
187
119
115
198
193
146
114
167
177
142
166
113
194
156
178
129
122
174
189
139
199
121
122
113
111
176
117
155
165
199
133
110
171
137
106
123
164
103
104
104
196
150
177
184
110
163
102
192
173
137
153
159
107
125
185
133
102
109
137
151
103
132
102
169
188
118
106
101
118
143
132
191
138
157
154
179
125
149
187
187
198
187
146
166
113
122
177
101
120
169
195
198
100
144
153
160
168
121
163
195
148
145
102
158
139
174
194
118
104
198
105
173
138
190
134
132
190
159
118
184
147
196
112
134
175
165
139
146
194
179
152
128
165
161
126
127
143
103
145
196
155
178
524
502
605
534
776
547
503
740
584
727
524
795
731
568
751
610
800
756
561
793
771
686
709
714
524
790
692
624
689
632
522
692
642
800
505
611
547
525
623
640
579
754
755
654
670
570
741
683
720
566
690
611
753
508
658
544
646
640
562
545
567
793
799
502
614
610
752
724
533
614
566
546
675
665
539
701
690
719
673
699
800
705
769
778
601
560
660
643
732
663
628
665
784
528
682
548
682
585
683
772
658
630
570
618
640
786
505
714
509
681
663
743
750
541
626
619
737
544
786
605
537
676
625
688
762
737
544
664
630
760
613
534
654
790
682
532
533
594
707
738
521
764
692
521
539
613
707
646
634
743
665
502
601
578
720
709
537
749
605
536
596
749
740
534
556
746
769
769
625
616
789
762
742
703
666
742
678
568
716
622
620
635
603
695
609
559
794
684
756
720
572
646
545
619
645
669
547
746
739
556
600
556
622
544
519
540
501
737
795
677
791
762
724
500
661
748
555
664
765
623
537
654
639
734
786
597
799
770
503
657
610
639
775
552
700
618
741
549
615
628
615
612
676
501
514
738
746
501
522
616
744
541
650
721
693
523
590
528
643
524
589
559
584
792
777
779
519
724
726
624
743
766
692
677
503
754
660
698
594
670
571
584
769
596
771
756
799
520
667
799
767
775
527
518
639
625
759
629
542
675
529
554
553
755
652
649
645
517
697
500
723
735
506
766
766
790
588
596
614
760
722
650
671
763
516
564
608
785
707
667
575
555
505
585
692
566
788
665
503
536
632
655
519
519
765
785
793
532
562
625
500
627
726
707
675
601
723
670
734
663
755
707
787
557
526
557
621
577
723
690
590
641
503
595
505
797
578
727
591
619
767
677
707
684
550
676
784
754
789
652
515
579
605
557
538
614
678
545
561
788
678
547
732
504
648
574
502
783
696
695
776
750
702
522
583
690
579
719
522
686
644
511
706
615
756
582
599
655
598
712
714
753
784
640
606
595
538
623
625
755
583
728
620
626
771
653
651
570
629
640
508
767
519
676
732
608
674
588
618
632
629
611
605
670
721
689
793
509
628
700
563
721
514
548
741
774
738
630
716
673
702
533
571
715
513
768
773
639
562
740
668
702
640
630
699
782
541
548
633
555
154
197
129
107
191
192
192
159
111
122
153
168
185
153
174
149
167
138
197
126
185
135
123
118
138
150
182
149
120
153
132
174
179
166
179
138
173
153
170
177
179
138
108
154
162
198
159
110
149
155
104
153
145
109
132
117
113
195
185
125
141
123
194
102
153
198
149
103
132
169
106
127
131
130
141
174
170
127
110
116
167
184
178
151
129
120
119
131
129
170
168
176
163
123
100
178
199
164
128
187
135
139
110
194
189
113
151
123
198
112
137
150
174
198
157
117
188
149
111
122
137
181
147
174
143
126
180
108
124
137
170
119
139
161
176
159
144
140
140
164
116
153
148
142
107
151
181
111
150
159
196
135
199
177
153
163
128
180
149
171
100
188
181
185
101
127
193
104
185
173
118
120
189
127
193
185
134
166
105
143
131
179
184
167
152
178
112
137
156
100
173
194
183
176
105
147
135
172
145
159
129
170
110
115
192
180
115
154
160
163
108
189
179
134
170
173
105
153
102
189
168
176
176
192
129
100
115
175
114
147
193
187
133
189
190
141
161
185
194
143
185
108
148
130
130
184
183
177
194
136
178
140
116
165
181
149
161
102
182
138
199
197
135
154
105
149
139
178
104
103
127
111
168
110
140
192
114
128
114
151
146
130
162
180
164
100
117
149
145
105
199
145
164
163
181
101
191
144
132
157
109
176
103
108
140
169
162
100
153
188
126
127
165
132
164
139
126
107
118
179
171
142
100
164
127
138
163
177
171
149
178
199
159
130
144
186
105
138
101
173
198
132
122
117
146
166
165
126
176
194
114
135
136
132
197
168
108
103
177
161
192
124
170
197
103
185
151
188
179
114
153
111
183
134
158
160
198
176
197
190
181
119
121
135
145
103
110
170
134
138
138
132
199
197
177
105
156
105
104
160
196
191
137
186
190
173
174
110
163
145
199
128
162
187
154
170
112
104
183
195
153
133
178
135
127
136
196
148
157
113
179
119
125
115
134
114
197
106
133
102
188
118
193
160
184
118
115
159
156
154
114
144
139
182
167
132
189
105
106
156
122
192
168
107
149
150
177
102
116
110
119
178
151
104
160
124
171
167
101
147
183
178
142
161
116
186
150
185
155
114
162
156
149
123
164
148
160
192
124
124
704
605
679
739
509
563
780
540
725
567
524
764
702
583
766
704
755
782
707
766
525
640
740
795
643
509
603
573
755
661
564
580
733
725
583
730
734
563
797
593
766
589
676
648
756
616
553
531
710
544
776
651
650
723
649
774
581
554
525
737
643
500
598
714
568
658
677
569
747
624
698
548
766
757
734
699
739
728
760
720
503
541
765
730
747
697
749
510
550
733
773
562
618
536
564
701
667
682
777
651
658
558
694
505
712
689
509
522
674
517
653
533
733
636
780
538
764
736
509
624
592
648
631
778
515
578
695
680
702
623
773
711
583
743
523
542
522
606
740
507
777
535
525
505
536
576
737
699
624
577
578
685
742
647
703
579
729
605
615
662
636
648
767
656
625
521
625
607
674
759
727
795
758
780
599
524
528
613
659
515
583
754
699
791
699
699
733
547
658
739
797
683
622
510
649
721
791
755
575
605
656
795
629
631
755
760
672
635
721
697
541
572
691
603
742
609
672
770
629
550
700
660
610
543
574
686
696
748
756
547
692
532
691
581
544
782
519
542
657
518
746
713
723
734
645
722
569
727
528
651
568
695
522
614
692
616
753
631
610
557
648
520
563
759
522
770
514
778
599
657
706
648
790
500
517
724
696
589
534
650
666
650
543
579
621
689
668
726
575
644
775
581
657
776
793
796
737
641
618
565
770
596
603
729
669
747
733
670
779
532
618
774
719
748
568
615
611
552
714
646
775
540
772
789
614
505
786
705
520
553
761
675
639
783
612
761
629
568
642
661
556
767
699
573
727
631
745
607
693
734
640
564
585
733
637
512
644
752
721
777
534
604
563
695
564
569
550
751
569
654
767
640
631
758
780
704
773
661
700
605
611
533
605
532
738
679
634
617
555
788
594
677
628
572
764
652
759
568
674
646
596
659
591
558
565
774
510
664
717
511
526
702
647
509
762
777
574
736
581
533
714
507
651
796
536
724
704
641
676
728
602
619
500
565
616
766
702
694
781
600
643
741
692
754
691
577
651
760
768
561
738
544
609
793
525
697
606
651
753
792
583
643
547
742
607
536
686
607
657
618
706
558
683
744
512
739
716
656
578
796
556
653
646
599
777
741
582
543
687
768
563
507
656
617
573
667
707
550
747
570
195
155
158
132
118
132
167
173
116
183
119
140
161
183
120
133
143
182
138
148
195
146
174
179
191
174
177
112
112
152
198
149
110
125
196
130
121
174
159
119
121
180
153
125
116
191
192
118
183
168
125
135
138
163
122
118
102
157
198
116
186
129
172
146
140
184
179
134
167
131
175
177
125
172
141
150
136
103
183
162
187
105
145
177
138
180
153
145
180
118
154
190
139
114
149
158
176
169
121
179
147
159
183
176
136
105
195
185
150
135
189
160
129
172
161
187
186
129
150
139
140
115
125
196
110
182
111
182
185
149
120
110
168
123
102
153
155
124
114
174
120
120
129
154
164
156
198
107
175
191
175
112
112
175
179
126
136
122
156
172
172
148
131
107
173
151
136
118
149
152
180
112
159
163
115
150
159
176
116
197
144
159
116
108
110
102
178
102
123
186
146
112
120
195
181
111
112
100
179
172
105
192
173
112
157
165
183
122
152
157
119
163
173
125
142
157
163
146
137
188
167
104
173
131
145
129
142
175
178
150
179
109
182
114
107
196
152
107
187
182
136
159
169
178
183
166
161
133
102
152
171
124
159
180
150
123
151
164
129
111
197
124
109
157
189
114
121
118
140
191
114
172
155
134
160
134
194
117
162
121
121
123
103
113
106
160
158
175
185
144
199
140
107
130
178
160
126
116
194
109
113
109
131
174
132
198
105
173
188
141
184
147
199
163
172
199
173
180
123
198
158
194
136
156
111
100
170
112
103
126
104
194
187
101
122
115
119
103
189
114
196
196
135
106
107
174
188
183
139
111
131
190
126
159
112
186
193
177
183
118
163
131
165
120
177
151
145
163
106
149
174
103
118
153
127
128
195
168
159
112
139
126
125
183
133
129
132
164
115
166
123
194
105
111
143
104
169
131
113
185
115
120
193
161
111
189
149
182
159
158
186
119
193
112
168
157
109
142
128
169
173
106
167
108
144
168
175
110
154
154
180
154
108
172
195
105
152
177
166
107
175
184
117
165
127
120
171
145
169
139
105
172
193
107
139
178
168
156
128
127
183
195
143
134
180
183
107
191
133
120
125
149
119
185
147
157
176
154
106
166
199
159
168
186
145
102
132
197
161
142
134
159
174
190
115
166
141
130
180
170
630
681
520
753
781
691
781
608
635
765
606
570
660
615
786
737
625
530
520
679
681
689
523
665
771
767
702
660
654
544
593
713
782
608
770
750
562
723
566
639
588
661
773
711
716
723
756
696
640
793
594
638
678
587
549
559
576
630
580
610
752
786
620
627
536
746
591
673
526
507
731
619
709
670
753
626
579
748
558
657
554
639
797
734
560
693
517
713
501
619
793
620
545
650
652
730
598
788
575
799
795
545
667
565
567
588
626
630
626
698
738
508
661
503
796
695
638
540
653
506
698
564
776
570
533
662
696
760
524
555
671
593
563
789
768
520
557
699
712
681
662
544
575
707
573
543
563
513
501
691
539
524
522
746
590
581
691
719
502
613
578
763
784
768
711
584
652
734
767
785
650
742
533
707
709
563
795
539
733
626
777
705
549
514
611
691
738
755
501
619
645
740
535
651
680
638
560
685
544
648
518
554
625
751
660
796
796
690
577
694
643
648
650
520
754
776
613
607
729
723
765
770
539
679
783
574
727
588
666
784
520
774
579
701
517
505
591
663
763
711
513
795
516
733
723
652
754
622
765
500
778
660
512
544
721
740
651
568
617
663
767
738
795
798
674
633
728
744
564
753
783
681
504
634
676
594
794
601
526
524
608
672
589
537
561
714
617
711
695
651
698
557
730
728
713
678
527
760
540
793
669
539
565
760
599
685
741
686
585
675
515
554
777
752
707
757
788
555
531
770
583
676
639
744
789
668
566
643
763
645
708
532
570
654
573
550
771
683
734
611
633
559
773
791
533
685
666
513
527
589
781
661
579
737
680
666
779
600
504
777
736
516
586
754
741
763
590
795
772
600
557
785
547
787
738
586
623
602
794
721
739
624
587
618
564
722
581
703
702
512
530
584
556
564
644
663
643
745
684
635
764
593
727
585
790
570
655
571
751
773
605
553
668
612
735
715
640
650
696
720
788
596
611
512
623
666
796
767
725
782
748
615
629
748
786
749
594
636
620
537
681
792
522
726
593
544
618
744
695
544
579
513
751
581
767
515
731
667
662
533
576
641
523
794
524
572
507
665
790
692
649
605
694
657
569
654
690
530
762
532
640
555
551
673
776
708
581
666
775
798
723
744
776
704
523
570
500
514
503
502
198
115
165
182
159
188
157
149
189
156
169
109
177
171
101
154
122
191
183
136
161
157
127
141
195
154
124
190
105
187
131
120
122
156
112
140
156
151
170
110
174
136
130
193
169
133
171
127
135
197
140
118
153
136
122
168
193
157
124
124
150
108
126
108
114
139
181
173
136
183
161
104
178
175
159
114
174
190
128
106
140
171
138
149
115
158
109
123
120
172
195
168
152
186
145
173
114
134
165
185
177
192
167
160
157
196
115
143
124
118
197
152
125
164
183
158
112
140
170
199
145
108
114
191
138
109
122
173
101
196
113
199
166
109
163
179
166
154
108
112
184
141
127
123
157
117
161
154
170
125
169
199
160
137
161
127
183
138
195
137
170
136
127
192
176
197
112
154
164
187
123
117
107
128
101
175
161
155
124
141
136
161
145
149
116
143
154
121
158
152
164
124
117
199
114
127
183
135
141
184
178
137
133
144
171
166
120
120
157
169
114
112
149
139
157
101
132
133
137
104
161
181
151
184
135
162
123
173
122
176
158
149
170
148
102
173
157
196
140
170
171
156
121
106
103
196
160
134
107
144
158
177
129
162
161
186
148
107
124
192
152
125
199
114
107
184
191
165
169
152
154
113
178
190
134
195
183
130
141
126
103
182
127
118
184
114
166
134
102
195
134
114
136
141
149
126
127
134
169
113
175
160
195
178
193
150
166
146
143
191
163
133
185
186
112
132
136
198
158
100
168
147
110
196
137
136
123
159
118
144
104
157
112
108
135
132
134
185
138
126
173
137
195
128
154
104
184
101
139
199
127
195
176
169
135
197
134
145
174
196
154
111
171
172
183
196
162
145
128
110
198
136
142
153
118
200
110
114
147
159
121
122
103
187
128
189
104
170
172
190
106
185
128
102
168
140
159
198
163
150
163
198
110
118
135
121
179
181
187
153
135
185
104
117
188
150
158
111
138
168
132
160
135
180
173
178
178
147
130
105
168
176
151
162
188
192
102
186
156
102
178
112
163
171
145
186
109
199
133
164
128
154
181
176
134
148
190
144
192
164
117
131
157
188
140
157
158
108
153
157
170
124
147
111
159
115
194
179
182
156
159
200
193
194
181
175
104
173
137
116
121
107
174
144
152
113
181
135
149
116
529
683
751
595
761
623
708
635
540
609
770
513
559
600
599
772
648
669
766
727
529
676
536
632
664
719
646
723
797
564
533
799
584
617
565
591
692
650
712
730
539
764
676
500
795
767
682
656
718
685
502
589
615
795
616
577
785
521
685
615
677
793
650
587
618
691
592
662
711
523
557
711
681
730
536
631
662
749
785
640
557
643
611
709
507
765
580
755
746
784
621
639
577
583
564
550
601
751
628
774
725
733
520
741
542
641
590
618
743
740
628
675
753
613
780
720
753
697
528
797
537
680
726
781
718
513
741
761
662
621
531
649
588
704
730
695
625
515
733
520
605
529
584
767
739
595
668
771
682
654
515
692
633
579
509
680
533
619
631
615
700
699
739
543
653
608
640
795
578
716
709
665
736
542
599
671
725
655
586
550
591
753
794
529
666
666
604
730
619
744
758
674
617
756
692
633
675
799
796
752
505
567
678
726
786
527
800
554
631
701
522
607
561
735
685
673
531
709
722
595
594
720
596
729
690
556
711
785
501
731
506
776
753
752
738
682
707
590
524
694
682
660
599
549
798
756
542
769
706
559
690
696
593
558
585
545
549
752
512
587
543
500
750
578
719
722
535
586
612
769
745
764
592
519
715
598
638
585
648
648
586
734
637
575
738
757
536
567
606
746
532
643
745
501
623
661
641
720
643
515
547
787
515
618
708
682
560
636
615
706
639
799
625
662
578
584
587
538
739
781
673
618
520
596
623
711
569
509
600
722
519
638
779
657
605
640
795
624
777
565
733
556
605
702
666
700
753
772
701
543
689
653
702
642
712
657
767
798
593
700
569
666
770
515
657
606
520
688
676
507
761
609
583
784
645
534
601
644
525
628
723
782
773
529
668
659
560
795
544
594
662
590
512
738
639
781
638
671
612
719
666
723
528
560
733
506
737
647
790
704
546
724
504
698
518
650
793
518
625
554
691
547
639
749
798
542
747
734
716
523
757
666
598
777
598
728
723
535
728
743
601
539
582
724
751
651
729
780
734
624
540
560
653
765
678
761
722
689
500
711
509
634
664
569
539
607
516
726
537
746
697
588
591
751
725
644
609
753
538
798
605
638
742
643
526
642
682
619
626
789
681
649
515
732
693
634
611
705
682
669
