2086
1568
2471
2226
2243
2129
2399
2252
1893
1882
2444
2080
1518
1717
2055
2416
1798
2076
1686
1579
2361
1570
2325
2049
1822
2313
2123
1619
1818
1665
2430
1872
1836
1850
1898
1826
1866
1536
1780
2467
1698
1700
2407
2385
1985
2090
1565
2453
1556
2073
2227
2369
1650
1836
1633
2451
2213
1864
1554
2350
1630
2346
1590
1784
2163
1925
2131
1570
1779
2378
1694
2401
1536
2396
1690
2485
1628
1715
2059
2133
2406
1576
2274
2028
2387
2246
1995
1700
2148
1863
2083
1998
2371
1812
2466
1982
2113
2485
1610
2016
2070
2055
2161
2283
2513
2274
2205
1870
1884
2245
2426
2247
2254
1781
2198
2374
1982
2251
1797
2283
2244
1988
1930
2523
2519
1753
1894
1943
2418
2072
1542
1690
1897
2117
2179
2510
2015
2261
2489
1587
1964
1980
1990
2155
1533
1939
2220
1722
1548
1720
2224
2324
2009
2453
2246
1714
1854
1573
1590
1989
1886
1563
2071
1675
1799
2490
2177
859
854
786
712
921
847
720
729
905
948
926
884
858
753
834
748
901
738
872
699
883
792
857
704
812
818
816
898
925
898
934
859
943
778
813
848
928
793
894
923
920
922
975
745
725
890
885
778
858
917
819
872
730
801
832
807
835
757
872
829
914
738
926
929
877
911
819
1032
898
966
876
861
976
1022
781
971
953
926
847
961
987
767
759
827
898
837
980
920
999
854
791
958
793
914
814
959
775
895
919
859
883
856
988
971
791
966
953
1005
940
871
867
821
944
914
993
961
1026
996
1036
1086
1026
1084
879
922
926
1027
940
983
1021
866
986
1062
882
823
1056
1007
833
1014
1039
951
944
1076
916
811
1097
992
1047
867
821
827
937
1053
900
1061
1100
885
900
921
882
949
944
876
961
897
900
1034
1016
1086
1009
902
892
961
1122
1017
863
946
858
1122
1075
899
973
850
859
855
917
977
997
989
1037
884
897
1000
1078
1000
1039
913
1144
907
1027
1106
934
1049
956
1170
944
874
1095
1150
1120
937
938
1163
1116
982
996
1173
1122
1014
1059
1081
905
1144
981
931
1165
1047
1010
983
1167
1038
1039
903
968
1115
1094
1051
1182
1087
1177
1184
1036
1065
1187
1118
951
1155
975
1208
1027
1203
941
1173
1192
1116
1125
1160
1044
968
926
942
1071
1154
1026
1079
1092
1211
939
1009
1183
1136
1136
1234
961
1053
1097
1223
1152
1197
1022
1238
1110
1240
1233
1179
1038
1162
1235
1028
1015
1089
1205
1167
1231
1770
2108
1929
2147
2457
1797
2201
1820
2009
2278
2300
2364
2429
2142
1899
2508
1919
2077
1628
1665
1710
2300
2342
2065
2487
1793
2152
2264
1995
2278
1952
2084
2469
2388
1697
2494
1637
1606
1833
2168
2005
1861
2083
1622
2376
2237
2020
2382
2042
1637
2068
2562
1711
2312
2188
1769
1027
1026
1275
1192
1224
1130
1170
1115
1206
1258
1320
1267
1272
1065
1191
1064
1322
1219
1330
1041
1098
1249
1057
1180
1203
1176
1108
1191
1091
1295
1235
1159
1062
1134
1117
1086
1322
1134
1275
1210
1282
1117
1230
1234
1190
1289
1361
1202
1106
1150
1167
1082
1080
1143
1325
1290
1117
1173
1145
1211
1374
1092
1195
1176
1282
1372
1126
1325
1227
1342
1181
1220
1278
1139
1139
1116
1343
1297
1176
1266
1237
1184
1211
1363
1385
1266
1315
1367
1368
1165
1156
1179
1359
1212
1183
1234
1309
1395
1139
1150
1149
1319
1349
1243
1206
1241
1143
1253
1422
1317
1261
1228
1211
1417
1243
1269
1242
1143
1307
1359
1397
1151
1142
1257
1245
1379
1213
1255
1229
1224
1180
1264
1213
1415
1286
1235
1311
1236
1432
1280
1168
1323
1331
1283
1170
1308
1331
1187
1329
1360
1258
1200
1280
1415
1364
1222
1407
1350
1346
1288
1395
1330
1419
1357
1408
1359
1390
1266
1368
1426
1357
1249
1224
1375
1466
1225
1263
1330
1331
1227
1321
1275
1240
1271
1284
1423
1349
1464
1401
1262
1279
1289
1464
1509
1345
1216
1379
1457
1395
1215
1263
1509
1302
1420
1354
1370
1450
1465
1469
1359
1516
1269
1268
1356
1271
1273
1518
1442
1388
1300
1306
1321
1337
1370
1392
1361
1273
1274
1498
1311
1389
1475
1338
1434
1382
1456
1414
1283
1548
1452
1318
1295
1550
1519
1531
1424
1414
1292
1424
1339
1414
1384
1482
1393
1541
1388
1525
1493
1294
1357
1403
1366
1531
1521
1573
1298
1284
1369
1287
1474
1325
1365
1411
1324
1455
1346
1584
1545
1503
1483
1583
1343
1433
1331
1462
1307
1522
1575
1516
1461
1426
1458
1507
1592
1429
1584
1449
1489
1395
1372
1317
1522
1521
1470
1535
1503
1424
1465
1382
1423
1395
1572
1368
1369
1439
1506
1343
1569
1380
1400
1534
1479
1507
1371
1416
1513
1345
1483
1588
1602
1578
1389
1370
1545
1422
1420
1374
1428
1431
1503
1537
1607
1539
1652
1654
1440
1540
1509
1418
1630
1514
1405
1619
1424
1464
1390
1396
1662
1652
1413
1635
1435
1464
1555
1620
1409
1463
1443
1581
1430
1678
1432
1540
1650
1668
1566
1669
1444
1422
1427
1649
1650
1562
1627
1455
1522
1403
1575
1461
1641
1488
2438
1984
2312
2425
2112
2638
2504
2561
1908
2099
2625
2438
1959
2644
1886
1813
2327
2514
1865
2026
2212
1900
1766
1943
2484
2621
2493
2417
2207
2673
2311
2489
1921
2310
2549
2422
1916
2445
1967
2578
2030
2295
2003
2626
2525
2283
1897
2503
1779
2573
2621
2600
1871
2530
1919
2108
2136
2425
2294
2346
1941
2512
1852
2661
2324
1881
2245
2557
1709
2253
1741
2591
2260
2537
2336
1771
2176
2545
2061
1823
2486
2054
2588
2556
1850
2382
2564
2466
2525
2080
2147
2612
2627
2317
2393
2424
2006
2142
2398
2608
1732
1760
2259
1842
1729
2148
2008
1777
2331
1913
2281
2497
2296
2228
2439
1793
2354
2420
1893
1924
2662
2328
2002
2208
2022
2104
2550
2065
2555
1897
2569
1816
2446
1746
2179
2167
1850
2259
1774
2524
2054
2471
1767
2056
2214
2522
2314
1954
1998
2647
2527
2098
2253
1928
2184
2560
2188
1918
1957
2273
1843
2008
2374
2254
2398
1756
2172
1860
1996
2061
2379
1921
2125
1930
2311
1901
2045
2494
2068
2631
2478
1724
2310
2387
2325
2469
2155
2612
2145
2019
1930
2363
2697
2469
1948
2487
1848
1951
2137
2270
2416
2547
2063
1988
1673
1749
1659
1663
1703
1812
1855
1741
1753
1751
1752
1641
1889
1659
1769
1884
1878
1720
1738
1717
1756
1792
1795
1841
1810
1699
1637
1874
1847
1652
1744
1810
1912
1710
1794
1658
1926
1783
1791
1918
1742
1702
1715
1714
1931
1934
1910
1914
1746
1724
1771
1819
1665
1925
1667
1899
1681
1785
1754
1804
1858
1970
1689
1790
1778
1850
1789
1889
1768
1752
1800
1760
1914
1852
1791
1711
1909
1823
1909
1890
1809
1768
1891
1785
1992
1750
1982
1924
1763
1755
1881
1785
1782
1996
1931
1767
1882
1972
1850
1711
1930
1830
1914
1876
1717
1766
1880
1731
1918
2019
1745
1840
1961
1932
1743
1965
1831
1731
1776
1839
2015
2020
1920
1873
1991
2028
1962
1976
1945
1883
1998
1862
1837
1781
1756
1998
1866
1763
1877
1874
2002
2032
1912
1988
1944
1850
1953
1794
1894
1947
2048
1812
1875
2017
1943
1970
1812
1900
1851
1944
1901
1782
1988
2043
1800
1813
2023
1972
2029
1847
1818
1912
1821
1850
1869
2027
2018
2050
1933
1843
2005
2084
1828
2062
2063
1895
1995
2082
1872
2069
2099
2018
2020
1889
1927
2056
1937
1908
1944
1961
1996
1970
2078
1945
1939
2112
1915
1913
1958
1954
1834
1888
1881
1996
1968
1955
1877
1984
2096
2022
1840
2095
2131
1986
2079
1941
2059
1875
1995
2072
1868
2046
2109
2038
1904
1848
2015
1960
1868
1947
2118
2104
1856
2092
2063
2004
1984
2008
1896
1954
2020
2138
1982
2016
1949
2067
2009
2091
2165
1899
2113
1956
1926
1926
1893
2104
1897
2156
1974
2113
2090
1945
2093
2162
2065
1925
1903
2166
2041
1942
2039
2079
2067
2007
2090
2183
2153
2014
2158
1923
1914
2062
1947
2168
1941
1989
2022
1977
2192
1980
2208
2033
2189
2083
2187
2068
1998
2136
1997
1999
2154
1973
2058
1966
2013
1932
2135
2164
1958
2115
2086
2093
2020
2181
2096
2164
2221
1983
2199
2060
1963
2202
2069
2026
2096
2161
2124
2201
1949
1966
2098
2140
2174
1972
2128
2151
2128
2138
2207
2031
2026
1963
2254
2009
2130
2138
2242
2037
2170
2007
2259
2115
2112
2002
2039
2234
2142
2001
2209
2080
2268
2149
2281
2132
2115
2136
2033
2096
2219
2280
2034
2176
2169
2076
2269
2194
2008
2173
2077
2179
2249
2009
2288
2076
2020
2251
2294
2203
2196
2134
2671
2325
2280
2803
1853
2138
2537
2222
2120
2605
2662
2315
2078
1999
1817
2746
2508
2690
2302
1929
2550
2782
2357
2410
1944
2778
1948
2301
1863
2297
2348
2085
2748
1846
2692
2374
2024
2751
2658
2737
2683
2158
2215
2073
2252
1930
2226
2468
2236
2172
2005
2808
1873
1958
2335
2803
2072
2340
2646
1832
2123
2170
2773
2298
2177
2367
2682
1978
2662
1952
2513
2466
2805
1952
2163
1943
2067
2425
2175
1834
1976
2261
2372
2171
2198
2413
1832
1915
2739
1889
1826
2674
2461
2510
2258
2068
2723
2534
2494
2764
2779
1867
2403
2382
2434
2455
2420
1966
1903
2456
1980
2375
2452
2466
2653
2639
2743
1957
2464
2340
2471
2661
1895
2815
2213
2373
2382
2582
2249
1980
2133
2081
2115
2636
2735
2062
1968
2161
2669
2258
2554
2354
2481
2551
2013
2830
2557
2730
1871
2497
2180
2102
2442
2745
2713
2024
1975
2029
2785
1957
2695
2562
2011
2455
1951
2346
2548
2351
1874
2730
2273
2438
1965
2564
2273
2021
2289
2721
2238
2226
2828
2324
1858
2370
2307
2042
2505
2739
2596
2756
2127
2117
2288
2293
1989
2442
2688
1884
2795
2676
2821
2724
1945
2504
2751
2179
2543
2691
2763
2519
2208
2130
2177
1974
2527
2466
2565
2421
2518
1980
2532
1851
2150
2843
2676
2725
1866
2300
1886
1868
2126
2746
2284
2006
1867
2659
2211
2705
2788
2142
2749
2435
2470
2691
2682
2804
2558
2101
1872
2494
1975
1883
2770
1894
2643
2058
2459
1891
2317
1924
2794
2202
2501
1885
1954
2452
2411
2424
2815
2121
2466
2234
2407
2436
1901
1899
2559
2511
2591
2362
2670
2681
2453
1945
2706
2301
2856
2216
2619
2571
1919
2034
2059
1960
2527
2352
2315
2590
2111
2352
2165
2398
1880
2792
2021
2097
2460
1915
2328
2301
2680
2587
2340
2520
2588
2552
2621
2411
2408
2417
2619
2577
2595
2599
2354
2415
2396
2568
2379
2403
2389
2359
2537
2354
2454
2488
2632
2530
2500
2359
2551
2614
2538
2580
2471
2408
2417
2488
2582
2459
2511
2425
2498
2539
2594
2476
2612
2492
2448
2638
2660
2402
2486
2387
2474
2531
2552
2517
2469
2467
2568
2383
2498
2443
2520
2621
2491
2668
2392
2581
2588
2475
2572
2589
2478
2550
2671
2639
2412
2675
2411
2443
2476
2589
2558
2463
2535
2556
2659
2621
2443
2580
2706
2635
2622
2589
2488
2534
2713
2522
2677
2573
2494
2426
2722
2512
2604
2584
2722
2507
2679
2566
2517
2548
2512
2480
2441
2733
2574
2734
2693
2584
2589
2737
2671
2557
2665
2473
2621
2557
2504
2555
2581
2533
2713
2581
2601
2697
2745
2559
2750
2605
2597
2535
2612
2635
2719
2627
2492
2498
2606
2649
2493
2705
2754
2486
2712
2579
2565
2735
2582
2580
2536
2556
2608
2694
2617
2524
2628
2624
2548
2785
2792
2700
2542
2632
2796
2671
2635
2790
2707
2778
2525
2552
2694
2580
2738
2532
2562
2639
2377
2768
2274
2587
2820
2429
2610
2850
2276
1959
2589
2105
2864
1943
2641
2825
2452
1936
1908
2612
2443
2743
2678
2697
2848
2798
2243
2463
2673
2018
2314
2029
2537
2714
2056
2835
2103
2568
2042
2847
2665
2328
1980
2416
2080
2294
2787
2470
2139
2700
2576
2579
2662
2727
2632
2588
2774
2682
2596
2604
2854
2861
2675
2645
2670
2772
2597
2738
2803
2848
2774
2647
2761
2708
2632
2717
2677
2723
2870
2804
2597
2090
2635
2889
1920
2040
2194
2340
2802
2543
2413
2108
1986
2487
2084
2323
2785
2379
2413
2019
2383
2189
2899
2541
2664
2895
2389
2757
2842
2039
2230
2456
2883
2794
2660
2871
2888
2669
2294
2696
2274
2376
2223
2193
2416
2463
2420
2889
2572
1973
2485
2864
2396
2124
2713
2448
2118
2075
2643
2521
2629
1939
2849
2572
2166
2315
2463
2850
2412
2743
2797
2899
2755
2252
2673
2609
2629
2846
2715
2453
2301
2518
2718
2238
2034
2346
2388
2663
1942
2654
2078
2176
2631
2614
2424
1949
2727
2514
2176
2141
2689
2008
2849
2835
2460
2534
2623
2771
2152
2261
2343
2877
2787
2081
2150
2887
2144
2900
2144
2649
2916
2276
2681
2652
2338
2315
2680
2002
2418
2139
2392
2146
1991
2105
2352
2605
2067
2904
2839
2400
2067
2018
2696
2484
2904
2654
2270
2620
2002
2376
2724
2130
2057
2476
2808
2042
2782
2340
2204
2320
2521
2717
2500
2803
2151
2253
2157
2747
2670
1991
2316
2638
1956
2852
2925
2522
2429
2406
2688
2049
2176
2436
2080
2501
2404
2506
2391
2319
2787
2942
2105
2781
2923
2379
2339
2762
1994
2133
2443
2912
2274
2713
2643
2499
2166
2594
2914
2643
2746
2132
2932
2436
2191
2941
2155
2278
2083
2297
2925
2430
2233
2223
2691
2896
1992
2576
2218
2453
2125
2128
2178
1975
2742
2818
2326
2952
2103
2908
2822
2555
2221
2454
2158
2185
2209
2553
2309
2130
2373
2031
2841
2601
2301
2054
2380
2749
2222
2271
2432
2592
2785
2159
2419
2491
2783
2027
2548
2503
2144
2471
2024
2379
2077
2474
2204
2009
2724
2831
2891
2619
2247
2147
2620
2016
2889
2430
2762
2493
2872
2248
2252
2936
2094
2270
2316
2768
2097
2715
2574
2769
2921
2820
2449
2185
2230
2059
2802
2860
2685
2626
2365
2350
2273
2201
2518
2196
2319
2193
2541
2089
2615
2012
2760
2382
2142
2158
2905
2185
2018
2145
2371
2172
2478
2060
2335
2490
2182
2444
2112
2549
2661
2389
2898
2855
2403
2644
2364
2253
2344
2068
2445
2262
2599
2755
2723
2237
2737
2306
2950
2687
2408
2139
2649
2721
2604
2332
2376
2355
2257
2980
2905
2917
2657
2492
2651
2709
2993
2708
2758
2839
2388
2736
2749
2537
2409
2261
2616
2978
2126
2342
2158
2928
2286
2296
2332
2528
2166
2106
2530
2006
2195
2002
2009
2630
2342
2919
2354
2923
2581
2908
2110
3000
2218
2869
2662
2286
2932
2302
2370
2141
2015
2999
2967
2148
2128
2417
2016
2702
2115
2633
2444
2436
2692
2722
2037
2942
2330
2686
2542
3278
3042
3041
3255
3300
3208
3100
3051
3303
3061
3209
3313
3077
3097
3262
3284
3343
3127
3122
3090
3159
3112
3112
3105
3273
3149
3333
3309
3092
3296
3175
3337
3315
3077
3362
3073
3287
3143
3173
3343
3097
3353
3154
3347
3160
3312
3305
3358
3251
3139
3309
3294
3334
3313
3200
3271
3294
3218
3350
3149
3333
3167
3278
3352
3173
3178
3176
3348
3184
3282
3278
3345
3321
3249
3129
3130
3334
3169
3386
3297
3153
3255
3385
3217
3134
3120
3205
3219
3272
3157
3306
3314
3174
3187
3211
3161
3426
3332
3264
3194
3187
3283
3208
3430
3336
3166
3250
3294
3182
3370
3156
3216
3209
3367
3206
3285
3176
3322
3391
3320
3409
3190
3380
3441
3300
3414
3207
3301
3324
3312
3384
3269
3244
3344
3366
3305
3456
3421
3266
3336
3327
3302
3251
3437
3233
3342
3379
3292
3183
3312
3447
3348
3213
3408
3468
3386
3423
3361
3406
3276
3468
3455
3319
3397
3454
3311
3325
3340
3384
3378
3291
3488
3211
3485
3429
3361
3339
3462
3328
3213
3302
3377
3365
3410
3439
3312
3337
3267
3445
3341
3486
3497
3455
3405
3459
3315
3443
3430
3438
3380
3383
3360
3248
3482
3298
3265
3461
3535
3530
3422
3406
3284
3501
3354
3364
3419
3374
3277
3390
3496
3386
3439
3422
3360
3382
3365
3458
3507
3365
3541
3494
3467
3387
3484
3474
3307
3333
3315
3311
3466
3570
3408
3365
3402
3377
3445
3493
3280
3572
3479
3451
3528
3399
3301
3365
3568
3334
3467
3556
3339
3345
3523
3461
3511
3308
3532
3431
3492
3341
3380
3571
3523
3521
3585
3525
3317
3318
3410
3341
3607
3334
3578
3376
3459
3331
3491
3499
3470
3550
3545
3442
3595
3377
3608
3486
3433
3616
3478
3347
3333
3408
3350
3476
3449
3416
3632
3542
3521
3358
3419
3405
3480
3620
3527
3490
3501
3460
3462
3512
3548
3404
3352
3511
3407
3633
3572
3398
3369
3651
3431
3586
3600
3471
3581
3398
3651
3570
3455
3533
3540
3396
3653
3525
3605
3516
3401
3376
3668
3606
3394
3454
3673
3643
3413
3429
3610
3536
3638
3487
3541
3648
3667
3654
3475
3480
3447
3627
3554
3512
3530
3619
3438
3635
3680
3572
3556
3678
3443
3542
3632
3445
3423
3415
3680
3568
3575
3665
3456
3452
3627
3453
3496
3475
3623
3477
3484
3434
3442
3530
3622
3450
3569
3717
3582
3576
3451
3675
3627
2919
2933
2931
2722
2512
2460
2417
2298
2888
3075
2571
2788
2772
2161
2626
2592
2511
2612
2318
2804
2179
3080
3020
2546
2682
3052
3084
2734
2616
2799
2268
2970
2648
2471
2359
2777
2625
2473
2652
2741
3006
2357
3022
2889
2837
2424
2519
2178
2416
3001
2517
2371
2702
2172
2524
2466
2515
2937
2219
2374
2118
2775
2383
2292
3100
2982
2636
3031
3084
2175
3083
2676
2228
2954
3081
2421
2447
2878
2945
2340
2726
2975
2859
2990
2332
2685
2290
2845
2465
2496
2110
2403
3015
2157
2755
2284
2536
2736
2538
2169
2874
3029
2281
2510
2303
2914
3079
2227
2439
2481
2860
2889
2875
2416
2481
2767
2753
2353
2363
2684
2523
2994
2863
2456
2735
2885
2996
2893
2481
2803
2918
2388
3080
2247
2892
2648
2624
2168
2506
2164
3034
2728
2472
2861
2532
2280
2425
3107
3084
2993
2771
2680
2460
2576
2759
2198
3009
3077
2638
2690
2768
2620
2857
2632
2668
2895
3070
2635
2567
3115
2169
2407
2535
2858
2397
2755
2981
3093
2212
2193
2230
2243
2254
2644
2662
2814
3028
2503
2892
2304
2822
2913
2439
2129
2660
3068
2849
2281
2971
3003
2803
2865
2663
2235
2810
2651
2901
2169
2754
2626
2786
2457
2528
2233
2418
2598
2139
2387
3026
2329
2253
2186
2807
3043
2740
2237
2293
2742
2944
2670
2582
2193
2282
2192
2782
2388
2240
2583
2930
2764
2591
2226
2997
2577
2871
2566
2931
2313
2606
2681
2208
2938
2808
2280
2298
2929
2328
2306
2704
2311
2651
2168
2703
2278
2488
2812
2412
2564
2467
3023
2681
2844
2829
2226
2670
2957
3053
2630
2318
3048
2467
2695
2993
2996
2698
2512
2620
2335
2490
2780
2533
2529
3054
2861
2233
3108
2982
2370
2860
2389
2423
2226
2558
2828
2884
3132
2902
2945
2467
2721
2397
2549
2313
2316
2706
2728
2700
2588
2994
2196
2250
3140
2575
2553
2651
2375
2722
2950
3066
2605
2602
2184
2408
2273
3086
2371
2753
2617
3089
2186
2827
3138
2299
2222
2484
2299
2671
2702
3105
2628
2506
2436
2422
2821
2450
2817
2518
2614
3045
3148
2540
2875
2326
2694
2661
2700
2191
3052
2368
2228
2549
2709
2214
3044
2609
2300
2451
2336
2335
2361
3057
2348
2317
2908
2699
2426
3025
2589
2959
2634
2942
2897
2482
2849
3023
2266
2526
2607
2221
2266
2957
2906
2432
2882
2286
3134
2635
3080
2636
2947
2784
2327
3168
2960
2529
2268
2223
2580
2661
2570
2833
2772
3148
2174
2665
2479
2269
2784
2480
2936
2575
2244
3103
2294
3033
2668
2563
2358
2222
3903
3958
4138
4127
3968
4123
4078
4128
4060
4014
4054
4137
3979
3934
3996
3934
4188
4089
3967
4127
4111
4031
3987
4139
4138
4045
4077
4077
4130
4188
4184
3965
4150
4069
4121
4097
4066
4022
3978
4066
4195
3979
4160
4012
3957
3957
4099
4221
4104
3988
4197
4207
4102
4002
4185
4180
4122
4157
4051
4084
4109
4197
4093
3967
3989
3983
4219
4149
4045
4140
4022
4037
4220
4162
4106
4224
4216
4248
4038
4219
4052
3984
3970
3968
4002
4075
3987
3999
4263
4182
4250
4154
4138
4223
4108
4057
4052
4101
4224
4023
4068
3988
4115
4053
4120
4087
4032
4002
4063
4076
4047
4278
4120
4251
4226
4030
4110
4275
4255
4221
4076
4248
4223
4265
4126
4287
4028
4090
4054
4207
4138
4252
4308
4275
4150
4098
4120
4173
4037
4058
4129
4102
4073
4299
4195
4137
4274
4043
4268
4171
4221
4291
4204
4287
4282
4092
4169
4066
2594
3202
3041
3134
3081
3112
2220
2563
2487
2957
2357
2770
2304
3004
3091
3080
3162
2650
2246
2368
2521
3196
2914
2925
2294
2962
2564
3169
2533
3019
2883
3199
2594
2764
2893
2365
2509
3023
2588
3211
3047
3152
2619
2808
3139
2498
2973
3026
2688
2596
2249
2682
2828
3048
2617
3136
2863
2647
2641
2701
2443
3000
2792
2279
2778
2517
2647
2654
2693
2877
2807
2872
2319
2359
2240
2527
2536
3075
3061
2950
2572
2754
3076
2706
2521
2554
2259
2622
2350
2795
2776
2708
2669
2829
2669
2455
2767
2874
2343
3158
3074
2997
2589
3088
2637
2837
2703
2791
2617
3108
2656
2920
2367
2320
3110
2646
2471
2765
2414
2289
2716
2891
2624
3062
2688
2755
3205
3130
2950
2452
2633
2852
2388
2635
3067
2399
2345
2925
3043
3072
2650
2455
2951
2426
2855
2436
2819
2674
2745
2314
2359
3097
2786
2959
3116
2748
2922
2349
2840
2861
2258
3170
2314
3058
2314
2702
2616
2770
2333
2868
3187
2355
2652
2285
2903
2439
3167
3231
2876
2248
3054
2331
3002
2929
2452
2908
2265
3017
2393
2488
2776
3111
2247
3120
2801
2350
2880
2418
3130
3074
2258
2799
2249
3244
2811
2515
2844
2908
2421
3004
2799
2828
3106
2503
2405
2786
3194
2725
2514
2644
2973
2371
2638
3211
2841
2556
3001
2926
3192
2329
2685
2263
3177
2300
2982
3100
2597
3110
3036
2297
2337
2550
3071
3236
2314
2771
2779
3079
2686
2342
3121
2649
3110
2464
2970
2676
3153
3156
2627
2686
2396
2595
2854
2392
2646
3143
2515
2570
3100
2589
3021
3178
2909
2760
2507
2788
2460
2853
2635
2927
3067
2767
2303
2855
2624
3155
2596
3257
2974
3245
2487
2967
2759
2311
3035
2996
2282
2343
2845
2937
2815
3100
2825
2513
2705
2586
3058
2730
3015
2772
2929
3219
2283
3144
2406
2525
2693
2695
3190
2731
2823
2360
2920
2495
3218
2925
2298
2608
2654
2776
2703
2617
2887
3124
2715
2728
2400
3204
2972
2324
2521
2659
3217
2767
3125
3004
2338
3192
2587
2391
3164
2902
2341
2953
2841
3145
2579
2990
3138
2583
2478
3138
2944
2807
2422
2905
3045
2307
2428
3184
2969
2521
2438
2596
3215
2334
3204
2982
2779
3122
3256
2983
2493
2981
3114
2836
3067
3075
3210
2508
2859
2992
3014
2829
3252
2805
2757
2511
2909
2768
3270
2387
2333
2679
2958
2646
2978
2913
3194
3063
2883
3110
2686
2683
2545
2786
2620
2733
2657
2920
3080
2312
2846
3096
2840
3104
2941
2854
3085
2607
2814
2947
2784
2768
3138
3076
3184
2739
2443
2400
2577
2589
2620
2470
2812
3262
2337
2424
2968
2801
2666
2976
2992
2309
2831
2397
2352
2577
3143
2622
2901
2773
2962
3133
2796
2615
2831
2566
2522
2486
2904
2474
2488
2370
3067
3071
2875
2870
2372
2480
4689
4779
4689
4766
4590
4577
4768
4605
4526
4699
4641
4754
4814
4586
4754
4602
4675
4690
4697
4622
4718
4739
4729
4598
4592
4820
4680
4811
4732
4714
4649
4598
4813
4567
4777
4602
4721
4715
4820
4750
4800
4633
4711
4843
4834
4575
4725
4802
4645
4619
4812
4697
4674
4576
4796
4699
4761
4844
4598
4851
4723
4618
4652
4671
4585
4834
4612
4877
4744
4656
4623
4735
4834
4664
4779
4688
4639
4855
4700
4877
4829
4848
4871
4653
4746
4704
4646
4606
4822
4641
4756
4620
4784
4900
4806
4754
4827
4862
4799
4872
4733
4668
4874
4867
4889
4916
4767
4906
4731
4860
4731
4700
4856
4705
4875
4804
4857
4722
4658
4894
4688
4799
4922
4640
4749
4684
4744
4708
4805
4746
4781
4869
4851
4946
4869
4912
4930
4837
4671
4730
4690
4686
4846
4705
4916
4902
4721
4838
4737
4856
4945
4935
4885
4928
4714
4791
4755
4766
4956
4893
4839
4741
4748
4915
4686
4745
4942
4814
4940
4899
4717
4727
4748
4694
4912
4903
4979
4764
4892
4947
4832
4953
4822
4879
4887
4834
4854
4882
4762
4900
4871
4782
4830
4773
4790
4968
4890
4910
4715
4906
4890
4965
4740
4723
4799
4958
4952
4866
5005
4763
4897
4930
4826
4961
4966
4816
4833
4897
4987
4901
4924
4925
5010
4895
5025
4920
4753
4764
4914
4854
4748
4940
4836
4925
4866
4933
5044
5024
5042
4848
4911
4938
4832
4814
4816
4797
4934
4884
5044
4945
4948
4783
4825
4921
4822
4922
4879
4920
4915
4910
5024
4826
5076
3264
3183
3330
2708
2579
3265
3050
2623
2769
2606
3049
2849
3045
3182
2427
2963
2889
2995
2561
3062
3231
2480
3094
2421
2929
2635
2437
3002
2600
2446
3359
2920
2966
2765
3169
3289
2999
3033
3264
2956
3339
3273
2784
2597
3209
3339
2452
2992
3252
2580
2932
2914
2751
2781
2660
2734
2712
2850
3043
2604
2470
3315
2509
2572
3178
2895
3151
2547
2428
3063
2393
2447
2438
3168
3066
2509
2611
2902
2863
3030
2863
2688
3114
3135
2923
2683
3002
3293
2881
2553
2561
2718
2626
3273
5160
5035
5038
5020
5089
4972
5114
5067
5137
4908
4910
5160
5082
4969
4951
5019
5163
5019
5021
4994
4903
5001
5056
4957
4963
5011
4959
5004
5069
5066
5042
5186
5181
5015
5002
5148
5031
5196
5094
5160
4975
5185
5069
5215
4944
5042
4990
5143
5212
5133
4956
5105
5014
4981
5112
4940
5185
5212
5165
5194
5154
5147
4965
5095
4984
5073
5176
5153
5237
5107
5134
5185
5128
5231
5015
5178
5187
4999
5111
5168
5008
5215
5166
5006
5117
4974
5171
5197
5151
4970
5167
5050
4974
5226
5222
5126
5247
5257
5199
5039
5045
5161
5013
4991
5014
5145
5214
5002
5012
5227
5189
5150
5210
5108
5223
5284
5238
5076
5019
5015
5090
5181
5215
5218
5086
5166
5041
5268
5161
5272
5129
5071
5089
5173
5173
5138
5084
5225
5303
5053
5112
5065
5202
5227
5292
5139
5140
5300
5088
5113
5240
5046
5295
5237
5147
5317
5271
5070
5128
5244
5230
5129
5254
5241
5281
5225
5180
5043
5208
5297
5330
5154
5167
5126
5274
5197
5260
5214
5292
5105
5056
5292
5308
5319
5256
5228
5106
5152
5112
5125
5313
5115
5169
5078
5081
5224
5122
5314
5171
5301
5168
5115
5337
5183
5121
5085
5259
5317
5356
5316
5341
5161
5102
5380
5133
5345
5332
5089
5162
5203
5250
5132
5242
5339
5179
5225
5174
5397
5392
5239
5269
5290
5354
5239
5204
5203
5197
5384
5112
5401
5200
5224
5371
5166
5345
5338
5299
5283
5220
5413
5340
5193
5150
5332
5391
5306
5285
5277
5151
5309
5136
5198
5162
5397
5215
5148
5255
5284
5297
5319
5325
5428
5217
5211
5286
5308
5191
5171
5437
5260
5442
5217
5358
5302
5218
5439
5333
5319
5255
5342
5427
5230
5427
5200
5413
5174
5439
5196
5258
5280
5460
5303
5377
5360
5210
5220
5398
5216
5307
5424
5253
5307
5224
5294
5320
5460
5195
5300
5258
5349
5473
5329
5304
5411
5213
5250
5212
5387
5377
5336
5350
5291
5416
5452
5400
5436
5314
5310
5499
5452
5510
5335
5408
5311
5335
5344
5245
5319
5439
5489
5310
5397
5445
5470
5265
5440
5364
5431
5324
5459
5282
5352
5469
5245
5263
5537
5303
5401
5320
5363
5321
5456
5328
5367
5271
5273
5373
5444
5465
5474
5471
5519
5279
5472
5283
5497
5508
5334
5352
5324
5304
5299
5463
5414
5320
5381
5402
5539
5271
5304
5555
5517
5460
5300
5339
5356
5327
5391
5295
5558
5497
5290
5329
5487
5412
5546
5295
2547
3457
3084
2914
3087
2668
2530
2550
2982
3414
3241
2949
2832
2698
2947
3158
3415
2875
3228
2585
3079
2653
2929
3344
3315
2525
2558
2521
3001
2569
3434
2497
3289
3032
3031
3299
3238
3396
3244
2958
3375
2841
2841
3178
3152
2563
3335
3435
2968
3416
3107
2634
2816
3374
2825
2938
2479
2658
2557
2513
2487
2948
2800
3105
3195
3230
2474
2600
3138
2643
2970
3238
2974
2728
2621
2907
2863
3472
3234
3326
2818
3325
2731
3375
3232
3349
3443
2603
2745
2806
3178
2763
3117
3256
3050
3330
2941
3432
2855
3427
3049
3333
2849
3405
2503
2623
2983
3272
3080
2652
3084
2761
3198
2840
3377
3328
2650
2493
2964
2582
3385
2931
3294
2974
3411
3215
2671
3093
2525
2616
3169
2967
2552
2852
3226
3035
2691
2783
3360
2504
2947
2678
2726
2636
2629
3185
2906
3364
2920
2837
3226
3420
2715
2509
2930
3236
3412
3229
3463
2993
2677
2650
3403
2850
3357
3188
2610
2510
3386
2837
3407
2509
2626
2866
3491
3153
2656
2775
3366
2763
2592
3100
3331
2721
2582
2778
2975
2904
2572
3223
2516
2803
2807
2567
3425
3400
2750
3355
3355
3219
3223
2784
3496
3180
2857
2875
2768
2861
3007
2990
2930
2818
2913
2988
3217
3376
3299
2956
2807
2507
2717
3157
3444
2762
2772
2619
2999
2508
2818
2822
2739
2521
2514
2765
3054
2980
2820
2678
3323
2975
5678
5811
5746
5708
5720
5571
5700
5719
5599
5767
5616
5836
5548
5757
5796
5645
5741
5823
5821
5716
5626
5567
5820
5676
5641
5755
5746
5744
5805
5706
5680
5604
5745
5731
5647
5750
5864
5634
5865
5778
5715
5596
5635
5640
5585
5851
5850
5629
5871
5616
5648
5608
5807
5787
5611
5835
5659
5748
5642
5826
5704
5709
5700
5809
5705
5763
5857
5691
5861
5761
5625
5650
5767
5867
5716
5730
5753
5740
5840
5683
5645
5666
5862
5691
5882
5831
5879
5624
5876
5768
5646
5889
5851
5684
5770
5656
5828
5781
5641
5825
5756
5807
5782
5817
5886
5871
5732
5696
5903
5806
5910
5744
5930
5788
5813
5929
5941
5646
5886
5764
5855
5715
5846
5788
5733
5810
5805
5704
5930
5900
5710
5938
5737
5876
5851
5786
5754
5863
5735
5813
5892
5800
5763
5711
5673
5703
5752
5765
5774
5693
5813
5741
5955
5763
5882
5760
5710
5785
5938
5690
5791
5722
5968
5766
5829
5971
5706
5836
5958
5830
5734
5884
5788
6001
5912
5988
5748
5874
5713
5874
5726
5891
5717
5745
5981
5921
5722
5889
5891
5803
5990
5987
5782
5932
6002
5806
5756
5813
5975
5915
5821
5890
6010
5923
6016
5887
5836
5854
5988
5949
6038
5876
5827
5861
5917
5751
5947
5877
5798
5774
6032
5885
5914
5828
5985
5800
5830
5868
5769
5863
5975
5933
5947
5999
5961
5780
5774
5949
5807
6026
5819
5907
5979
6037
6072
5902
6015
5838
6019
5887
5931
6078
5872
5971
6025
5909
5828
5947
5877
5917
5975
6070
5832
5926
5881
5901
5869
5898
5958
6020
5853
5890
6053
5804
5963
5908
5810
6026
6001
6001
5816
5952
6048
6016
5986
5930
6069
5915
6079
5897
6015
5824
5955
6064
5880
6036
5942
5957
6056
6093
5842
5902
5931
5953
5856
5881
5952
5966
5870
5974
6062
5904
6090
6031
6121
5912
5968
5936
5857
5854
6042
5924
6091
6050
6108
6015
6041
5877
5955
5873
6071
6105
5872
5867
6115
5962
5891
6043
6093
5980
6005
5885
5915
5964
6125
5941
6026
6147
5991
5996
5972
6065
5920
5960
6016
5952
6013
6185
5901
6144
6093
6012
5984
5959
6128
5925
6166
6097
6167
6081
6141
5967
5933
6101
6090
6101
6095
6069
6020
5977
5999
5998
6163
5962
6045
6042
5959
5920
6048
6035
6141
6024
5992
6022
6094
6119
6122
6082
5936
6105
6091
5945
6057
6199
6085
6140
5961
5947
6215
6141
5940
5944
5973
5980
5968
6224
5945
6237
6217
6141
6201
6049
6100
5969
6071
6242
6250
5976
6103
6001
6249
6119
6249
6261
6015
6056
6234
6086
6120
6032
6183
6180
6073
6140
6201
5987
6248
6007
6217
6173
6004
6265
6078
6026
6167
6233
6033
6093
6146
5996
6077
6030
3118
2986
2892
2687
2870
3401
3221
2826
3438
2720
3314
2975
2860
3322
3184
2785
2621
2797
3026
3168
2976
3537
3022
2829
3429
3444
2965
3503
2909
3283
3375
2834
3253
2779
3383
2892
3446
2801
3601
3218
3338
3506
3360
3222
2914
3158
2770
2611
2710
3005
2889
2626
3461
2829
3574
2700
2784
2849
2640
3103
3559
2656
2747
3588
3357
2744
3049
2901
3597
3070
2789
3329
3369
3303
3019
2706
3370
3478
2937
2780
3555
2664
2712
3285
2862
2984
3607
3167
3277
3390
3194
3444
3198
3390
2743
3226
3405
2709
2935
3144
2815
3264
3454
2713
3084
2945
3487
2967
2682
2794
3577
3002
3520
2904
3599
2836
3341
3126
3023
3609
3039
2623
3104
3193
2996
3432
2707
3513
3312
3491
2906
3276
3537
2918
3027
3246
2801
2702
3575
3522
2672
2973
2741
3310
3084
3434
3088
2730
3158
3298
2938
3278
3087
3340
3205
3496
3099
2634
3498
2798
2719
3344
3356
3132
3607
3519
2909
3272
2865
3151
3267
3042
3299
2709
3504
2875
2725
3562
3471
2835
2825
3283
2675
2893
3332
3031
2670
2983
3191
2924
2818
3063
3268
2788
3223
3015
3520
3343
2991
2911
2851
2903
3045
2755
2817
3419
3606
3346
2931
3486
3037
3592
3451
2789
2752
3039
2786
2646
3464
3140
3075
2731
3155
2770
3148
2768
3489
3515
2784
3466
2756
3279
3368
2819
3404
3611
2817
3561
3082
3428
3234
2668
2696
3028
3361
3297
3360
3368
2840
3020
3450
2852
3552
2666
3280
3549
3361
3018
3074
3066
2838
2872
2884
3490
2793
2665
3113
2835
3305
3278
3524
3467
3269
2999
2662
3154
3010
3512
2909
2863
3259
3283
3162
2666
3212
3436
2901
3061
3363
3263
3138
3309
3406
3557
3267
3429
2810
3334
3183
2889
2952
3467
2751
2838
3285
3232
2663
3148
3140
3238
2888
2924
2897
2697
3529
3304
3220
3384
3544
3057
2842
2802
3560
2691
3161
3413
3394
2922
2782
3064
3585
3357
3028
3022
3052
3559
3054
3325
2680
3556
2863
2783
3476
3482
6369
6508
6390
6579
6462
6385
6625
6537
6436
6529
6418
6437
6545
6558
6550
6477
6540
6560
6383
6569
6361
6395
6539
6610
6442
6471
6527
6483
6504
6542
6588
6556
6652
6551
6370
6500
6640
6661
6526
6536
6423
6567
6607
6567
6585
6677
6524
6542
6605
6496
6499
6413
6461
6474
6421
6469
6617
6599
6529
6442
6511
6572
6523
6695
6429
6417
6523
6584
6468
6640
6437
6484
6407
6653
6695
6507
6588
6629
6712
6619
6595
6508
6587
6492
6684
6628
6496
6570
6562
6443
6431
6601
6619
6548
6622
6480
6468
6689
6712
6607
6629
6715
6690
6506
6476
6498
6544
6664
6490
6739
6622
6565
6480
6739
6734
6728
6646
6540
6718
6533
6683
6572
6593
6639
6664
6720
6587
6740
6724
6724
6488
6672
6536
6539
6605
6554
6579
6589
6738
6644
6522
6547
6521
6577
6628
6748
6720
6672
6512
6581
6781
6774
6565
6496
6567
6537
6679
6560
6506
6646
6702
6710
6602
6614
6622
6722
6748
6781
6786
6572
6738
6734
6557
6539
6586
6802
6780
6765
6558
6576
6596
6543
6564
6641
6544
6564
6608
6630
6558
6767
6823
6575
6642
6823
6813
6757
6820
6545
6616
6802
6562
6599
6822
6635
6759
6813
6808
6809
6699
6776
6796
6834
6798
6574
6653
6574
6571
6808
6682
6714
6854
6742
6794
6802
6821
6766
6830
6862
6780
6689
6633
6685
6715
6752
6865
6694
6600
6686
6833
6643
6837
6649
6833
6706
6659
6710
6737
6707
6773
6646
6659
6718
6692
6651
6699
6621
6717
6677
6868
6616
6821
6739
6649
6675
6793
6702
6782
6680
6825
6623
6618
6787
6737
6662
6716
6768
6874
6637
6687
6785
6796
6796
6711
6732
6844
6783
6761
6908
6699
6669
6894
6663
6818
6723
6714
6834
6917
6886
6916
6696
6724
6783
6660
6886
6669
6878
6911
6869
6793
6706
6905
6740
6844
6902
6735
6949
6830
6926
6929
6789
6842
6755
6716
6807
6852
6810
6749
6775
6883
6888
6922
6689
6767
6806
6683
6883
6742
6960
6844
6940
6698
6960
6823
6803
6796
6697
3274
3367
3390
3396
3561
2955
3271
2941
3453
3122
2762
3008
3585
3461
3025
2899
3116
3200
2917
3651
3614
3459
2945
3317
3638
3538
3699
3073
2956
3682
3297
3011
3652
3165
3242
3479
3428
2818
3522
3064
2905
3353
3570
3001
3069
2907
3309
3640
3071
3413
3443
3168
3362
3112
3301
3097
3285
3148
3220
3363
2784
2926
3343
3368
2939
3288
3749
3469
3482
2762
3101
3422
2785
3084
2848
3529
3622
3402
3172
3655
3668
3231
2821
2900
2831
3377
2992
3396
3211
3182
3630
2956
3690
3379
3655
3304
3694
3206
3197
2789
3427
3739
2983
3101
3150
3554
3294
3569
3286
3252
3142
3088
3231
2955
3548
3099
3134
3539
3084
3602
2787
3566
2931
3249
3546
2972
3051
3166
3134
2947
2778
3637
2905
3655
3171
3442
2928
2996
3073
2799
3550
3423
2978
2816
2894
3396
3537
3428
3322
3330
3175
3193
3123
3166
3139
3405
3082
3105
3143
3694
3486
3580
3686
3291
3113
3188
2781
3746
2908
3607
3107
3572
3488
3093
2992
3610
3394
3592
3375
3289
3347
3654
2931
3251
3734
3587
3430
3124
2859
3537
3711
3497
2893
2788
3030
3660
3059
3567
3059
2950
3736
3171
3345
3770
3113
3772
2864
3307
2930
2869
3325
3310
3132
3685
3425
3505
3094
3495
3284
3038
2894
3639
2956
3562
3684
3205
3244
3445
3161
3007
2890
6951
7089
7040
7177
7086
7074
6924
6953
7098
6988
7122
7180
7093
7143
7023
7054
7088
7083
6940
7179
7144
6998
7115
6950
6985
7044
6987
7182
7046
7131
7231
7221
7129
6949
6983
7132
7121
7080
7112
7080
7109
7088
7066
6960
6964
7210
7201
7057
7036
6988
7060
7042
7209
7181
7174
7096
7220
7075
7069
7009
7243
7241
7030
7201
7151
7259
7090
7214
7001
7097
7041
7140
7233
2934
3624
3208
3119
3636
3463
3739
3355
3476
3465
3187
3655
3357
3211
3430
3447
3639
3200
3216
3312
3312
2905
3251
3196
3215
3399
3240
3092
3095
3282
3344
3054
3358
2889
2874
3529
3730
2975
2891
2838
3753
3209
3152
3268
3741
2938
3692
3209
3358
3409
3543
3732
3806
3569
3804
3338
2973
3259
3360
3211
3666
3765
3087
3243
2975
2922
3131
3347
3499
3664
3732
3050
3109
3191
3024
2889
3787
3278
3225
3026
3406
2965
3619
3673
3037
3033
3473
3263
3672
3420
3436
2869
3719
3118
3473
3204
2833
2984
3128
3578
3010
7270
7366
7259
7375
7115
7347
7155
7259
7258
7367
7293
7274
7331
7231
7131
7108
7300
7261
7105
7222
7341
7355
7247
7208
7123
7403
7199
7317
7348
7158
7375
7169
7403
7194
7393
7418
7403
7245
7220
7379
7128
7342
7201
7377
7320
7392
7353
7369
7357
7236
7353
7204
7169
7267
7150
7415
7423
7191
7420
7378
7228
7408
7344
7303
7266
7444
7274
7227
7424
7369
7244
7325
7440
7295
7427
7262
7384
7347
7368
7368
7429
7369
7246
7171
7372
7184
7195
7302
7465
7223
7218
7240
7451
7331
7264
7203
7431
7401
7426
7414
7365
7250
7246
7294
7322
7332
7317
7284
7210
7311
7325
7287
7239
7483
7322
7461
7341
7488
7238
7222
7277
7292
7459
7493
7389
7415
7330
7403
7325
7330
7368
7354
7306
7318
7338
7443
7473
7241
7275
7313
7265
7234
7377
7473
7451
7414
7233
7526
7487
7492
7522
7346
7523
7269
7283
7299
7276
7356
7456
7322
7328
7252
7464
7460
7482
7290
7362
7491
7330
7453
7442
7318
7430
7547
7459
7434
7484
7375
7551
7476
7291
7489
7293
7283
7466
7492
7321
7495
7290
7277
7565
7333
7560
7351
7289
7464
7508
7287
7507
7544
7581
7299
7424
7532
7314
7327
7534
7408
7444
7375
7356
7558
7534
7391
7379
7404
7546
7531
7384
7398
7447
7500
7405
7499
7334
7407
7520
7479
7329
7480
7361
7516
7438
7344
7370
7373
7467
7451
7609
7439
7542
7379
7588
7618
7504
7403
7403
7573
7389
7466
7590
7475
7457
7613
7495
7443
7371
3300
3358
3257
2999
3828
3508
3590
2950
3814
3653
3730
3582
3021
2995
3611
3619
3722
3216
3253
3304
3578
2910
3134
3573
2883
3084
3765
3834
3518
3133
3089
3076
3500
3723
3239
3105
3173
3521
3068
3140
3469
3564
2918
3350
3444
3816
2933
3622
3280
3416
2924
3462
3794
3715
3659
3770
3794
3124
2960
3033
3157
3798
3135
3039
3416
3210
2980
3485
3415
3332
3241
3680
3784
3853
2906
3596
3174
2953
3584
3838
3487
3470
3511
2988
3112
3047
2946
3182
3158
2912
2938
2954
3269
3599
3396
3324
3049
3574
3710
3556
3700
3780
3042
3516
3427
3668
3485
2949
3106
3649
3313
3224
2900
3663
2999
3571
3617
3287
2985
3191
3253
2972
3126
3878
3582
2983
3746
2951
3742
3746
3320
2973
3620
3514
3808
3850
3569
3336
3778
2981
3128
3117
3799
3855
3146
3585
3673
3053
3696
3467
2988
3555
3467
3294
2938
3878
3773
3899
2923
3340
2948
3021
3812
2982
3561
3111
3052
3833
3465
3195
3756
3778
2995
3768
3890
2946
3472
3316
3301
3120
3271
3357
2907
3406
3293
3650
3807
3049
3740
3353
3888
2972
3621
3024
3738
3537
3727
2946
3050
3508
3758
3699
3886
3197
3078
3238
3823
3559
3090
2932
3696
3736
3180
3035
3570
3491
3211
3864
3091
3163
3226
3069
3077
3254
3853
2991
3393
3332
3608
3848
2980
3394
3704
3734
3869
3004
3705
3156
3542
3754
3234
3396
3608
3908
3673
3494
3632
3534
3102
3204
3610
3077
3493
3777
3866
3222
3910
2972
3434
3530
3665
3319
3279
3904
3697
3815
3238
3134
3686
2939
3296
3705
3730
3221
3179
3796
3158
3449
3205
2945
3747
3384
3090
3518
3363
3282
3216
3602
3805
3870
2932
3568
3867
3552
3477
3250
3237
3651
3632
3031
3192
3838
3348
3312
3527
3658
2950
3730
3909
3161
3208
3396
3146
3485
3240
3093
3208
3625
3144
3554
2964
3338
3039
3375
3860
3303
3776
3248
3628
2996
2939
3477
3254
3268
3632
3007
3366
3457
3341
3149
3928
3083
2943
3334
3506
3371
3932
3334
3185
3691
3415
3214
3843
3742
3255
3805
3555
3214
3472
3759
3015
3494
3389
3472
3103
3842
3039
3778
3587
3873
3902
3828
3898
3806
3027
3776
3910
3181
3914
3379
3447
3893
3192
3656
3056
3716
3548
3350
3872
3714
3443
3600
3376
3663
3735
3284
3116
3872
3129
3809
3318
3117
3634
3479
3237
3639
3654
3123
3038
3187
3156
3447
3647
3420
3065
3433
3568
3839
3740
3101
3829
3831
2955
3018
3268
3013
3148
3432
3929
3229
3777
2993
3249
3329
3715
3005
3343
3827
3816
3521
3478
3743
3162
3104
3113
2961
3557
3938
3880
3756
3090
3914
3158
3797
3762
3448
3771
3106
3381
3329
3608
3909
3339
3932
3356
3559
3576
3890
3645
3808
3335
3790
3146
3132
3197
3789
3726
3135
3409
3339
3398
3699
3459
3348
3422
3924
3905
3336
3822
3408
3899
3520
3894
8124
8096
7869
7916
8121
8059
8105
8130
7855
8129
8093
8147
7992
7885
8067
8011
8148
7864
8037
8033
8093
8083
8099
8084
8054
7872
7914
7918
7943
8037
8058
8123
8158
7933
8094
7979
8006
7987
8015
7958
7893
7967
7937
7999
7957
7919
7961
8093
8179
8128
8051
7971
8101
8029
8035
7976
8057
7940
7937
7988
8109
8192
8089
7932
7964
7996
7905
8049
8059
8014
8098
8083
8053
8038
7954
8091
8031
8046
8148
8118
8088
7972
7967
8203
8023
7934
7938
8005
8041
7985
7995
7958
8101
8206
8032
8174
8009
8214
8086
7990
8174
7943
8161
8192
8214
8217
8174
8038
8113
8008
8185
7954
8231
8083
8188
8121
8252
8111
8082
8206
8180
8203
8218
7960
7976
8161
8178
8015
8164
8146
8004
8089
8265
8254
8112
8150
8237
8010
8151
8249
8151
8268
8156
8155
8183
8025
8179
8158
8030
8219
8232
8169
8226
8273
8174
8166
8199
8180
8080
8140
8104
8234
8219
8183
8056
8110
8181
8147
8098
8305
8236
8007
8262
8097
8041
8144
8095
8214
8192
8127
8264
8136
8044
8228
8063
8022
8304
8111
8250
8070
8126
8313
8154
8228
8099
8223
8273
8148
8232
8135
8206
8179
8056
8272
8282
8290
8152
8083
8065
8236
8297
8216
8176
8344
8280
8060
8286
8243
8257
8124
8230
8180
8353
8226
8225
8062
8268
8320
8065
8239
8160
8131
8158
8159
8359
8302
8154
8224
8356
8311
8150
8148
8330
8162
8230
8331
8323
8231
3455
3149
3178
3638
3551
3253
3741
3019
3554
3953
3601
3589
3397
3534
3051
3753
3148
3160
3343
3219
3721
3981
3097
3855
3069
3325
3794
3173
3151
3100
3954
3163
3628
3804
3643
3488
4011
3967
3322
3147
3695
3295
3366
3807
3036
3351
3575
3745
3937
3982
3922
3067
3542
3075
3161
3883
3513
3192
3224
3266
3948
3112
3278
3491
3099
3441
3608
3132
3204
3075
3330
3383
3330
3803
3491
3331
3494
3333
3269
3446
3322
3346
4003
3219
3916
3932
3322
3311
3798
3590
3531
3316
3808
3518
3155
3624
3919
3760
3650
3513
3896
3233
3067
3177
3621
3595
3644
3087
4034
3327
3660
3618
3230
3800
3612
3271
4003
3804
3184
3991
3214
3343
3479
3595
3079
3589
3393
3281
3144
3606
3473
3059
3310
3835
3471
3570
3989
3573
3132
3297
3607
3700
3873
3549
3358
3512
3372
3457
3123
4014
3416
3384
3063
3680
3876
3402
4036
3250
4026
3682
3963
3710
3554
3437
3547
3086
3503
3797
3373
3248
3376
3893
3301
3867
3124
3838
3321
3072
3330
3514
3540
3145
3629
3760
3598
3251
3526
3737
3960
3101
3984
3924
3748
3417
3669
3523
3683
3522
4033
3186
3817
3328
3789
3700
3850
3929
3969
3339
3083
3104
3236
3323
3103
3465
3328
3704
3183
3296
3724
3301
3755
3192
3958
3840
3788
3750
3316
3529
3465
3703
3153
3797
3943
3215
3271
3969
3083
3926
3825
3217
4012
4032
3282
3319
3998
3796
3761
3688
3642
3986
3972
3896
3820
3785
3971
3566
3660
3613
3975
4037
3341
3529
3541
3245
3817
3151
3101
3175
3194
3403
3194
3407
3196
3758
3657
3769
3555
3686
3121
3126
3094
3970
3684
3085
3314
3193
3476
3282
8596
8398
8577
8516
8634
8586
8492
8651
8619
8428
8658
8540
8657
8612
8561
8685
8510
8411
8602
8522
8510
8454
8496
8526
8620
8490
8434
8556
8603
8596
8580
8469
8587
8481
8684
8432
8419
8573
8646
8708
8489
8423
8591
8623
8471
8545
8516
8478
8487
8655
8478
8578
8465
8690
8488
8440
8593
8540
8562
8437
8537
8444
8527
8441
8529
8448
8667
8468
8640
8563
8462
8445
8620
8682
8503
8713
8679
8614
8673
8740
8518
8545
8480
8667
8723
8616
8715
8724
8517
8712
8583
8645
8489
8559
8566
8660
8595
8562
8586
8472
8572
8551
8528
8665
8698
8618
8690
8613
8597
8648
8547
8702
8486
8603
8669
8757
8561
8614
8614
8704
8638
8763
8605
8781
8735
8677
8656
8782
8636
8658
8749
8677
8599
8541
8556
8671
8802
8628
8699
8780
8617
8515
8668
8583
8803
8740
8765
8594
8718
8737
8762
8579
8716
8591
8761
8598
8742
8595
8601
8613
8715
8687
8666
8758
8700
8731
8735
8565
8645
8637
8793
8786
8721
8595
8630
8549
8703
8829
8794
8632
8777
8580
8569
8825
8757
8713
8804
8729
8588
8691
8653
8839
8719
8817
8672
8713
8737
8744
8596
8761
8738
8804
8830
8812
8595
8608
8806
8808
8756
8827
8726
8859
8668
8623
8655
8689
8816
8622
8623
8745
8757
8850
8719
8659
8838
8788
8818
8863
8883
8687
8796
8604
8755
8713
8655
8667
8759
8715
8623
8898
8682
8763
8841
8876
8754
8907
8867
8747
8667
8843
8695
8707
8674
8799
8699
8665
8877
8896
8869
8819
8728
8751
8715
8821
8798
8853
8812
8816
8719
8751
8925
8895
3707
4046
4054
3375
3593
3496
3573
3868
3517
3183
3956
3425
4126
4000
4064
3762
3536
3529
4103
3279
3887
3793
3790
3656
3514
3308
3503
3178
3687
4112
3885
3823
3953
3829
3858
3492
3421
3491
3930
3458
3878
3219
3427
3471
3206
3343
3956
3665
3870
3144
3204
3436
3532
3939
3796
3805
4052
3514
3618
3465
3353
4055
3620
3836
3190
3272
3787
3608
3702
3383
4092
4055
3945
3808
3384
3915
3187
3612
3756
3281
3994
3808
3325
3247
3826
3313
3806
3523
3234
3421
3380
3217
3610
3990
4022
3450
3628
3162
3895
3657
3164
4058
3909
3650
3893
3495
3481
3171
3809
3356
3657
3831
3699
3584
3283
3905
3180
4000
3381
4047
3405
3447
4016
3176
3906
3877
4023
3741
3169
3924
3610
3326
3329
3818
3969
3292
3542
3521
3787
3223
3983
3166
3595
3511
3692
4004
3445
3633
3209
3720
3925
3182
3336
4130
3432
3726
3184
3624
3560
3809
3689
4037
3639
3318
3529
3632
3680
3421
3378
4131
3886
3437
3585
3292
4090
3662
3893
3635
3595
3772
3493
3812
3354
3168
3970
4143
3424
3267
4020
4056
3428
3296
3940
3861
3774
3394
3891
3690
3265
3533
3885
3785
4071
4115
3508
4122
3720
3445
3873
3358
3672
4063
3346
4093
3208
3331
3830
3291
4021
3555
3376
3990
3250
3428
4169
3180
3925
3379
3403
4123
3516
3843
3624
3542
3661
3360
3438
3367
3680
4129
3357
3234
4170
3814
4077
3614
3736
3641
3953
3320
3278
3660
3737
3457
3725
3622
3849
3498
3617
3583
3289
4031
3377
3976
3856
3605
3302
3993
3251
3878
3322
8997
8952
9122
9178
9181
9011
8967
9041
9205
9219
9125
9120
9091
9206
9194
9083
8970
8932
9165
9050
9214
9134
9147
9095
9164
9126
9226
9147
9138
9058
9223
9246
9232
9124
9217
8958
9197
9076
9015
9096
9133
9202
9086
9234
9037
8995
9043
9121
9170
8978
8978
9114
9124
9107
9031
9177
9085
9076
9025
9027
9034
8984
9009
9097
9209
9267
9102
9222
9048
9180
9038
9190
9265
9235
9074
9192
9221
9006
9166
9003
9073
9233
9179
9004
9256
9235
9043
9038
9213
9175
9303
9193
9081
9044
9029
9273
9070
9085
9022
9312
9219
9133
9063
9077
9109
9304
9308
9181
9087
9249
9231
9213
9175
9110
9205
9088
9256
9292
9069
9107
9290
9053
9313
9156
9234
9284
9084
9173
9341
9178
9328
9188
9206
9331
9085
9234
9092
9172
9056
9130
9217
9131
9268
9356
9080
9280
9134
9076
9242
9354
9321
9159
9134
9357
9091
9111
9118
9161
9086
9080
9105
9147
9210
9241
9223
9177
9147
9172
9111
9291
9218
9370
9145
9221
9385
9236
9199
9304
9289
9113
9313
9113
9268
9192
9273
9247
9395
9182
9348
9370
9361
9366
9286
9160
9230
9319
9297
9341
9173
9321
9161
9203
9398
9331
9371
9223
9365
9310
9384
9320
9127
9352
9127
9225
9301
9383
9158
9343
9303
9391
9242
9223
9374
9181
9244
9402
9207
9409
9246
9373
9381
9185
9184
9311
9449
9260
9390
9277
9382
9180
9450
9388
9271
9192
9403
9435
9254
9409
9277
9463
9399
9405
9443
9382
9440
9192
9454
9463
9181
9294
9194
9330
9343
9420
9422
9336
9382
9323
9433
9390
9197
9438
9245
9385
9480
9376
9428
9242
9248
9374
9396
9323
9385
9442
9482
9269
9302
9295
9397
9327
9338
9464
9421
9293
9363
9266
9371
4084
4187
3642
3942
3816
3632
4030
4225
4113
3752
4078
4068
3540
3347
3415
3343
3603
3287
4242
3315
3709
3432
3496
3515
3275
3872
3475
3962
3951
4232
3986
4010
4040
4222
3548
4180
3944
3533
3864
4047
3981
3391
4012
3340
4098
3543
3731
3665
3565
3922
3342
4170
3912
3669
4229
3588
3419
4123
3935
3590
4144
3443
3360
3296
3687
4210
4033
3433
3348
4027
3808
3590
3907
3519
3604
3952
4086
3462
3624
4092
3722
3434
4004
3996
4125
3349
3396
3943
4077
3390
4188
3821
3304
3944
3934
3708
3916
3554
3442
4248
4025
3464
3383
3617
3439
3886
4224
3634
3740
3754
3669
4067
4213
3906
4073
3697
3518
4155
3714
4227
3793
3895
4228
4133
3851
3807
4172
3347
3784
4020
4265
4023
3455
3323
4107
4048
3755
3833
3875
3595
3726
4145
4033
4064
3852
4085
4262
3978
3324
4127
4150
3893
3792
4019
4093
3434
3373
3315
4089
3281
3872
3344
4135
3885
3852
4044
3841
3368
4104
4048
4226
3313
3774
3613
3832
3952
3546
4191
3660
3837
3653
4015
3626
4167
4155
3378
3882
3366
3796
4265
3915
4097
3977
3898
3382
3742
3868
3866
4161
4129
3638
3694
3579
3778
4144
3539
4133
4283
3593
3639
3739
4051
4188
4102
3598
3945
4123
3644
4116
3547
3942
3699
4270
4139
4049
3892
3664
4145
3938
4227
3461
3415
3868
3567
3944
3673
3754
4113
3415
3479
3733
3481
9705
9634
9598
9557
9645
9668
9677
9748
9674
9536
9492
9682
9685
9472
9510
9662
9479
9618
9485
9622
9667
9691
9517
9488
9484
9697
9732
9528
9709
9717
9573
9651
9516
9589
9589
9522
9682
9665
9654
9706
9757
9572
9615
9573
9653
9583
9599
9602
9595
9688
9614
9599
9710
9591
9737
9607
9551
9664
9532
9791
9635
9533
9798
9767
9652
9773
9555
9625
9784
9631
9615
9526
9644
9604
9793
9715
9596
9626
9722
9808
9626
9554
9586
9777
9664
9594
9713
9665
9831
9581
9711
9625
9659
9756
9653
9720
9690
9737
9638
9802
9716
9704
9693
9605
9841
9706
9683
9639
9784
9659
9654
9627
9727
9848
9569
9781
9703
9737
9854
9730
9872
9669
9861
9598
9775
9773
9598
9679
9706
9790
9660
9646
9625
9652
9702
9641
9805
9594
9689
9748
9721
9758
9739
9895
9616
9798
9718
9680
9777
9828
9776
9755
9835
9907
9692
9622
9819
9632
9715
9723
9639
9874
9804
9750
9854
9909
9919
9663
9635
9723
9775
9924
9902
9830
9754
9815
9706
9777
9653
9774
9751
9760
9909
9820
9758
9887
9742
9702
9731
9774
9858
9859
9738
9711
9657
9931
9896
9678
9842
9744
9684
9930
9748
9704
9938
9933
9816
9708
9957
9955
9741
9853
9787
9914
9860
9840
9913
9916
9904
9951
9878
9780
9794
9683
9826
9706
9870
9740
9873
9979
9745
9909
9826
9961
9959
9853
9894
9758
9787
9822
9984
9926
9944
9866
9794
9874
9758
9711
9824
9916
10000
9784
9811
9862
9812
9779
9907
9890
9928
9732
10000
9916
9887
9948
9973
9758
9791
9780
9909
9745
9877
9823
9756
9789
9811
9921
9900
9803
9833
9906
9859
9908
9757
9875
9745
9871
9987
9977
10036
9925
9965
9938
9856
9815
9751
9889
9818
10032
9972
9888
9850
10007
9806
9823
9977
9968
9820
9777
9924
9965
9869
10035
9924
10004
9914
9901
9815
9802
9991
9880
9936
9813
9846
10039
9795
10037
9926
10072
10059
10066
10044
9970
9973
9980
9973
9942
9876
9799
10043
9946
9810
9969
9992
9999
9892
10084
9839
9992
9821
9993
9826
10067
9871
9953
9942
9996
9940
10069
9900
10035
9875
10003
10022
9819
9915
9869
9894
10013
3581
3938
4203
3553
3753
4025
4177
4227
3488
4335
3824
3915
3879
3535
3744
4155
3558
3570
3990
4367
4126
3679
3911
3397
3784
3804
4112
3682
4370
3547
3950
3746
3796
4188
4065
4333
4203
3816
3685
4224
4019
3403
3936
4114
4324
4058
3638
3936
3377
3818
4220
3816
4365
4137
3577
4101
3983
3883
4235
3550
4169
4177
3492
3564
4217
3720
3831
3589
4061
3867
4201
3864
3646
3565
3568
4063
3572
4197
3568
3615
4345
4144
4145
4269
3977
4222
3513
3985
3992
3951
3904
4062
3527
4137
3966
4090
3790
3633
4056
3569
3729
3912
3981
3987
4078
3696
3598
3963
3549
3483
3621
3955
3830
3616
3758
4082
3777
4213
3459
3766
4273
3879
3777
4229
3646
3631
10037
10225
10023
10096
10127
9968
10253
10173
10195
9986
10089
10188
10202
10133
10038
10037
10022
10164
10209
10097
10213
10130
10200
10090
9996
9988
10080
10118
10106
10087
9980
10235
10210
10247
10256
10053
10080
10278
10131
10094
10033
10081
10087
10004
10275
9999
10137
10179
10239
10068
10135
10082
10034
10180
10205
10100
10106
10069
10180
10095
10091
10044
10081
10276
10252
10088
10023
10049
10054
10154
10306
10045
10246
10149
10093
10122
10290
10093
10260
10181
10039
10077
10159
10313
10244
10079
10325
10148
10173
10165
10175
10289
10255
10162
10312
10212
10298
10307
10086
10342
10186
10227
10145
10251
10326
10268
10104
10339
10101
10267
10072
10078
10263
10322
10212
10270
10282
10079
10125
10242
10201
10174
10141
10350
10198
10215
10096
10228
10324
10280
10125
10351
10330
10197
10354
10195
10366
10245
10343
10171
10108
10295
10189
10296
10274
10373
10143
10244
10195
10146
10314
10185
10343
10202
10226
10173
10198
10202
10393
10379
10361
10394
10178
10258
10273
10249
10187
10207
10203
10344
10275
10407
10150
10208
10291
10415
10235
10326
10234
10319
10159
10200
10368
10197
10410
10180
10152
10328
10196
10275
10405
10415
10152
10404
10184
10283
10339
10171
10224
10200
10241
10240
10370
10173
10366
10319
10440
10207
10377
10264
10439
10300
10360
10225
10268
10172
10449
10217
10439
10197
10401
10429
10382
10442
10432
10303
10455
10428
10450
10456
10418
10399
10348
10260
10298
10293
10310
10343
10404
10347
10206
10318
10326
10318
10208
10325
10340
10350
10379
10486
10217
10425
10340
10262
10219
10214
10493
10282
10376
10441
10447
10373
10339
10295
10461
10440
10323
10338
10300
10349
10349
10307
10494
10297
10273
10351
10433
10460
10322
10503
10507
10364
10313
10275
10446
10303
10297
10282
10360
10292
10242
10361
10260
10401
10476
10337
10288
10503
10407
10350
10272
10342
10503
10410
10345
10531
10363
10311
10546
10330
10323
10498
10303
10389
10317
10279
10382
10385
10460
10423
10300
10333
10391
10535
10451
10376
10505
10473
10322
10379
10292
10286
10357
10508
10544
10319
10385
10359
10433
10524
10411
10447
10567
10309
10566
10420
10486
10509
10354
10578
10529
10397
10426
10486
10305
10561
10548
10562
10477
10602
10328
10365
10587
10312
10313
10388
10460
10463
10371
10504
10563
10553
10538
10583
10397
10530
10379
10607
10621
10478
10507
10382
10483
10385
10604
10404
10384
10505
10513
10626
10506
10586
10618
10389
10424
10545
10393
10517
10436
3760
4298
3742
4092
4163
4023
3981
4033
4435
4175
4322
3796
4045
4010
3599
3715
3626
3959
3921
3909
4002
3613
3919
4329
4011
4189
3881
4055
4308
4297
4049
3690
4035
4438
4440
3489
3689
4168
3940
4189
4049
4150
3877
3742
4065
4067
3976
3984
3952
4083
4190
4178
4454
3876
3928
3683
4230
3695
3959
4320
4401
4429
3547
3815
3535
3926
3921
3982
4217
4424
3986
4028
3609
4274
3820
4163
4161
3797
4029
4137
4088
3776
4075
4358
4019
3890
4146
3731
3531
4275
3580
3730
4245
3622
4323
4375
4300
3618
3923
3522
4256
4202
3606
3913
3965
3683
3636
3551
4406
4080
4032
4420
4154
3525
3624
3941
3876
4367
3952
4285
3681
3864
3757
4011
4345
3778
4136
3794
3811
3511
3867
4406
3719
3527
4351
3971
4105
4360
3948
4247
3714
3509
3979
3827
3872
3822
3777
4328
3872
4444
4032
3976
4111
4091
3628
3693
3900
3855
4467
4129
4351
4236
4073
4065
3717
3827
4035
4094
3818
4080
4147
4308
4333
3548
4430
3603
4469
3740
4374
3971
4292
3808
4311
3887
3706
3887
4105
4333
3525
4412
3792
4040
3648
3796
3627
3690
3641
3641
3973
4276
4410
4486
3766
3524
4374
3958
3778
3638
3807
4221
4046
3902
3631
3566
3835
3567
3792
3855
4055
3847
4125
4304
4385
3937
3785
4386
4089
4117
3525
3574
4223
3714
4372
3644
3769
3789
3902
4420
4138
4179
3569
4516
4079
4096
3979
3786
3849
4413
3952
4510
4090
4294
4247
4314
3676
3920
3790
4055
3922
3791
3667
3616
3704
4390
3985
4198
4312
4333
4134
4424
4017
3863
3640
3773
4421
3708
4393
3811
3683
4393
4084
4429
3890
3561
3959
3838
3775
3826
4152
4177
3928
4049
3587
3935
4056
4161
4200
3698
3896
3552
4378
4526
4223
4306
3815
3940
3945
4112
4147
3629
3831
3819
3723
3864
3997
4498
4397
4200
4265
4406
3823
3806
4291
4122
4060
3874
4027
4443
4069
4282
3589
4198
4356
4201
4351
4116
4081
4262
4262
4241
3579
4050
4123
3725
4328
3540
4202
4390
4335
4297
4210
4133
3623
3704
4398
4047
4298
4139
4154
3563
4336
4239
4396
3607
4464
4168
4378
3820
3721
4504
3828
3989
4467
3854
4233
3742
3576
3985
4304
3617
3676
4059
4334
3805
3579
3638
3997
3931
4283
4461
3557
3566
4513
3766
4467
3660
4222
4155
4524
4305
4038
3912
4329
4541
4444
3778
3661
3895
4393
4494
3853
3830
4185
4081
3743
3787
4185
4334
3667
4246
4000
4155
3623
3741
3830
4551
3759
4510
4250
4055
10929
10803
10921
10818
10883
10898
11038
10866
10942
10905
10897
10924
10875
10870
10943
11078
10821
11082
11038
10903
10898
11097
11041
10978
10880
10982
11088
10810
11104
10989
11106
10832
10941
11004
11033
11050
11104
11093
11021
11110
11062
10898
10866
10917
11001
10969
10834
10828
11086
11039
10960
11084
10865
10940
11107
10998
10974
11114
11016
10853
10909
10913
11065
10923
10890
10921
10978
10912
10905
11104
11126
10849
11095
10908
10967
10961
10936
11054
11027
10993
11107
11134
10863
11000
11026
10892
10943
11062
10986
10938
11110
11085
10913
10908
10912
11093
11083
11017
10998
11000
11118
11015
10900
10907
11166
11112
11124
11033
10940
11059
10968
11127
11071
11159
10963
10981
11143
11014
11080
10939
10971
10942
11126
11030
10964
11055
10930
10997
11003
11093
11072
10910
11123
10950
10960
10938
11211
11135
11184
10930
10973
11121
11140
11202
11106
11027
11205
11140
11035
11068
11046
11032
11066
10936
10958
10962
11074
11213
11145
10961
10964
11134
11134
11146
11149
11017
11134
11123
11107
10972
10969
11130
11130
11052
11148
11235
11175
10970
11076
10969
11011
11117
11149
11036
11076
11041
11244
11079
11167
11135
11048
11105
11178
11268
11000
11027
11119
11168
11273
11162
10989
11033
11009
11261
11259
11276
11020
11142
11043
11239
11169
11106
11134
11241
10999
11012
11049
11249
11009
11084
11069
11261
11252
11161
11156
11098
11149
11244
11230
11244
11204
11026
11307
11241
11153
11035
11145
11167
11034
11186
11232
11233
11252
11035
11045
11140
11177
11165
11248
11212
11090
11289
11033
11236
11150
11308
11115
11169
11255
11172
11180
11145
11326
11250
11063
11234
11201
11139
11048
11224
11115
11287
11170
11271
11115
11134
11337
11313
11308
11154
11136
11125
11273
11200
11064
11317
11208
11250
11130
11257
11361
11334
11206
11119
11278
11351
11151
11368
11370
11107
11084
11091
11265
11123
11312
11226
11153
11325
11231
11336
11092
11214
11251
11135
11352
11196
11213
11310
11309
11131
11245
11105
11139
11224
11106
11349
11233
11203
11123
11121
11366
11222
11117
11343
11380
11325
11281
11227
11327
11205
11189
11400
11210
11375
11305
11312
11238
11339
11277
11400
11352
11387
11401
11405
11412
11346
11269
11290
11304
11262
11287
11299
11351
11350
11417
11252
11432
11327
11348
11418
11361
11161
11229
11213
11276
11190
11329
11410
11279
11283
11234
11216
11412
11320
11195
11184
11240
11380
11278
11352
11446
11202
11260
11366
11467
11460
11313
11451
11222
11440
11307
11376
11190
11260
11205
11470
11246
4334
3989
4384
4341
4107
4362
3714
4286
4144
4130
3777
3848
3928
4072
4185
4639
4189
4108
4596
3804
4073
4377
3756
4633
4356
3962
3690
3728
4356
4013
3932
4456
4357
4471
4325
3954
3884
4241
4080
4161
4212
4643
3849
3651
3904
4556
4405
4329
4135
3767
3727
3727
4072
4424
4460
3756
4000
4414
4020
4242
4323
3679
4392
4457
4519
4246
4192
3842
3718
4638
4252
4217
4001
3853
3746
3665
4517
4285
3716
3839
3990
4091
4606
4285
4012
4602
4255
4092
4650
3676
4101
3948
4575
3959
4398
4208
3893
4477
4382
4633
4300
3855
3772
4393
4275
4122
4526
4530
3844
3695
4495
4519
3976
4356
4187
4302
3913
4342
4442
4465
3842
4608
4651
4405
3782
4438
4098
4517
4653
3733
4284
3821
4340
4023
4083
3868
3900
4098
4354
4249
4338
4467
4310
3921
4342
4161
4400
4201
3766
4047
4607
4115
4591
4062
3813
3908
4434
4260
3938
4037
4413
3941
4199
4327
4162
4242
4085
4130
4550
3863
4606
4085
4091
4365
4372
4042
4309
4033
4455
4232
4280
4165
4576
3993
3712
4103
3860
3831
4133
4619
3934
4509
3927
4004
3968
3882
4543
3681
4006
3726
3802
4217
4050
3919
3919
4526
3754
3969
4585
4403
4158
4024
4595
4284
3884
3865
4343
4024
3726
3908
4035
3803
4390
4208
4261
4370
3717
3993
3758
3991
4648
4198
4652
4597
3691
3969
3730
4589
3987
4338
4249
4643
3989
3782
3887
4648
4616
3698
4112
4307
4587
4083
4494
4520
3702
4633
4207
3816
4409
4111
4498
4280
4122
3727
4134
4409
3813
4296
4562
4415
4281
4197
4524
4530
4198
4281
4014
3787
4614
3699
4128
4665
3743
4575
4286
4423
3931
3796
4068
3997
3860
4427
4136
4024
4078
4667
4317
4226
4042
3915
3794
4009
4376
4627
4116
4363
4301
4057
4117
3838
4077
4631
4610
4114
4508
3908
3914
4599
3912
4406
4616
4161
4511
4004
4558
4318
4305
4333
3901
4538
4576
4618
4304
4650
4303
4500
3771
4080
3771
4462
4281
4224
11794
11721
11574
11623
11683
11665
11534
11683
11740
11731
11579
11587
11772
11799
11588
11711
11717
11543
11604
11651
11835
11626
11625
11561
11563
11574
11762
11713
11620
11793
11632
11690
11823
11718
11812
11610
11779
11859
11697
11831
11679
11711
11838
11575
11839
11869
11676
11689
11765
11686
11776
11686
11616
11820
11758
11582
11587
11768
11875
11814
11634
11650
11872
11885
11599
11614
11718
11722
11704
11723
11690
11616
11634
11825
11799
11645
11885
11827
11631
11647
11801
11738
11787
11739
11794
11867
11617
11740
11757
11802
11770
11787
11718
11780
11630
11903
11920
11722
11866
11915
11762
11908
11918
11860
11929
11738
11798
11852
11667
11857
11713
11684
11644
11898
11742
11778
11755
11696
11828
11655
11812
11683
11901
11827
11805
11814
11666
11821
11716
11715
11819
11951
11921
11952
11665
11935
11712
11731
11791
11954
11759
11702
11713
11901
11926
11918
11963
11941
11931
11693
11893
11780
11697
11684
11958
11865
11885
11719
11827
11810
11853
11983
11944
11888
11787
11845
11802
11791
11883
11875
11804
11738
11992
11825
11720
11955
11922
11953
11834
11747
11976
11866
11946
11904
11832
11879
11769
11845
11960
11991
11744
11975
11863
11807
11980
11793
11793
11748
11999
11858
11939
11899
11904
11926
11801
11767
11833
11905
11881
11736
11840
11741
11982
11766
12011
11913
11960
12010
11955
11971
11762
11933
11822
11885
11853
11882
11901
11821
12010
12037
11987
12020
11834
11956
11774
11997
12045
12012
11837
11795
11854
12002
12067
11966
12039
12006
11804
12048
11950
12039
12021
11911
12056
11944
12014
12036
11955
11975
11957
11958
11992
11827
11846
11869
12045
11986
11822
11837
11879
11973
12050
11866
12084
12085
11948
11843
11899
11875
11812
11843
12023
11919
11976
12102
11902
11930
11909
11968
11881
12040
11835
11880
11987
11828
11893
11835
12087
11893
11988
12100
11880
12087
11996
11906
11838
11901
11927
12006
12096
12094
12133
12062
11905
12020
12048
12136
11910
12006
11896
12075
11942
11968
12070
12096
12103
11989
11981
11897
12143
12134
12036
11908
12078
12151
12128
12011
12104
12061
12020
11886
12056
12082
12053
11922
11989
12012
11922
12033
11947
12170
11901
12068
11989
12010
11935
12062
12111
12158
12061
12042
12097
12167
12093
12035
11944
12059
12157
12147
12038
12159
12177
12056
12188
11935
12141
11990
12082
12046
12096
11942
11939
11945
11975
12128
12091
11934
12171
11987
11999
11982
12210
12021
11991
12076
12113
11990
11936
12201
12001
12182
12023
12015
12002
12073
12196
12098
12049
12061
11964
12217
12229
11963
12154
12165
3926
4579
3899
4075
3876
4706
4017
3825
4170
3918
3938
3892
4245
4124
4334
3887
3882
4593
3876
4250
4014
4644
4288
4556
4743
4585
4739
4092
3805
4621
4580
4616
3821
4161
4178
4178
4108
3899
4419
4199
4673
4688
4206
4445
3809
4488
4311
4252
4184
4753
4639
4696
4437
4210
4357
4585
3946
3910
4686
4442
4611
4425
3954
4225
4683
4201
4420
4689
4555
3959
4402
4245
4012
3996
4642
3851
4055
3935
3839
4694
4116
4601
4360
4749
4373
4120
4700
4670
3901
4061
4304
4634
4504
4241
3847
4386
3896
4139
4284
4582
3864
4177
4145
4701
4213
4220
3893
4060
4541
4311
4413
4434
3868
4619
4809
3851
3883
4374
4598
4167
3865
4550
4397
4722
4054
4516
4613
4751
4661
4792
4758
4215
4746
4733
4467
4774
4711
4053
4465
4592
4066
4410
4626
4423
3967
4810
3832
4233
3938
4485
4004
4003
4016
3844
4478
4549
4112
4322
3845
4748
4285
4441
4703
4468
4651
4754
4215
4463
4111
4440
4410
4147
4677
4765
4670
4438
3987
4080
4204
4651
4536
4443
4760
4502
4465
4348
3915
3825
4219
4422
4074
4809
4417
4198
3979
4431
4662
3904
4613
3864
4808
3995
4743
4581
4630
4730
4422
4489
4138
4459
4528
4823
4254
4205
3861
4792
4646
4753
4599
3989
3895
3896
4739
3989
3955
12405
12448
12419
12235
12173
12230
12217
12361
12466
12174
12393
12247
12273
12438
12388
12324
12433
12318
12201
12253
12191
12238
12302
12291
12468
12450
12372
12260
12487
12477
12250
12360
12495
12237
12394
12498
12496
12469
12312
12287
12351
12481
12360
12378
12488
12321
12387
12400
12372
12295
12350
12412
12296
12350
12313
12354
12262
12238
12271
12228
12460
12303
12280
12303
12364
12294
12340
12411
12420
12307
12266
12304
12318
12403
12518
12404
12501
12332
12331
12418
12409
12257
12432
12258
12488
12320
12266
12266
12485
12520
12347
12501
12518
12319
12474
12445
12502
12394
12434
12518
12330
12431
12440
12357
12539
12475
12477
12284
12365
12275
12417
12572
12541
12332
12481
12442
12371
12469
12583
12473
12409
12398
12347
12415
12410
12364
12367
12334
12339
12325
12419
12564
12400
12522
12469
12449
12574
12386
12465
12549
12407
12574
12594
12317
12505
12406
12588
12525
12371
12317
12347
12443
12422
12435
12336
12503
12420
12529
12475
12417
12575
12422
12552
12419
12590
12351
12571
12380
12433
12341
12556
12476
12620
12434
12382
12570
12387
12427
12436
12621
12573
12384
12401
12598
12472
12596
12537
12618
12476
12650
12597
12470
12422
12571
12636
12552
12481
12515
12504
12594
12374
12449
12666
12516
12633
12471
12457
12397
12578
12577
12618
4669
3949
4729
4322
4691
4638
3905
4278
4152
4418
4737
4102
4677
4326
4446
4276
4014
4213
4804
4772
4530
4535
4054
4163
3949
4418
4152
4681
4162
4081
4056
4317
4537
4792
4636
4129
4560
4559
4608
4883
4802
4041
4652
4203
4526
4277
3983
4639
4229
4429
4738
3960
4023
4791
4726
3926
4395
4843
4463
4254
4854
4707
4374
4681
4884
4472
4500
4035
4587
4352
3910
4703
4362
4727
4588
4640
4242
4706
3987
3952
4353
4195
4392
4698
4014
4289
4248
4564
4242
3988
4532
4429
4540
4498
4611
4633
4541
4664
4884
4513
4719
4847
4167
4027
4064
4896
4178
4807
4847
4172
4522
4743
4501
4524
4365
4874
4577
4606
4264
4592
4558
4577
4573
4189
3940
4783
4099
4562
4323
4451
4054
4461
4730
4780
4397
4281
4313
4177
4324
4276
3914
4768
4389
4866
4370
4820
4841
4130
4039
4425
4494
4153
4827
4771
4385
4729
4289
3950
4652
4877
4746
4382
4484
4751
4298
4284
4052
4538
4905
4598
4333
4496
4106
4657
4463
3918
4176
4578
4067
4097
4057
3958
4087
4288
4775
4002
4240
4410
4401
4356
4198
4146
3932
4906
4015
3967
4285
4110
3948
3931
4505
4618
4806
4914
4548
4485
4156
3925
4853
4531
4594
3973
4432
4758
4755
3994
4466
4680
4548
4546
4487
4583
4581
4140
4080
4612
4250
4885
4767
4677
4559
4361
4379
4164
4354
4872
4814
4771
4559
4650
4191
4084
4444
4882
4334
3927
4256
4461
4224
4563
4343
4066
4577
4656
4323
4677
4490
4069
4479
4364
4589
4640
4437
4037
4045
4616
4036
4120
4177
4512
4412
4068
4497
4028
4169
4471
4450
4018
4461
4301
4781
4557
4574
4570
4421
4684
3999
4251
4518
4153
4476
4086
3986
4404
4545
4391
4669
4122
4651
4186
4906
4914
4797
3965
4447
4000
4616
4393
4598
4563
4386
4320
4318
4806
4472
4098
4311
4080
4616
4171
4213
4612
4789
4756
4207
4497
4687
4075
4513
4567
4140
4829
4936
4380
4926
4221
4238
4339
4614
4099
4698
4355
4529
4380
4683
4091
4014
4811
4717
4458
4630
4876
4080
4810
4913
4832
4134
4838
4143
4345
4432
4870
4701
4933
12795
12851
12801
12883
12972
12848
12788
12973
13033
12805
12819
12840
12799
13025
12852
12966
12951
12998
12786
12943
12795
12869
12953
12980
12915
12897
12967
12913
12957
12951
13068
12978
12818
13005
13044
12981
13038
12927
12887
13031
12805
12830
12857
12975
13068
12816
12834
12868
12847
12955
12825
12879
12819
13007
12912
12917
13066
13023
12837
12805
13079
13088
12819
13006
13063
12912
12981
12911
12977
12905
13003
12821
12938
12912
12992
12954
13010
13089
13113
12840
12822
13101
12823
12865
12969
13076
12891
12869
13053
13061
13067
13011
13110
13044
12897
13007
13124
12912
12946
12976
13096
13099
12847
12936
13053
12915
12998
13016
13048
13123
13044
12944
13110
12895
12999
13040
12986
13041
12876
13020
12927
13046
13131
13026
12923
13097
13012
13066
13022
13157
12949
12967
12898
12972
13013
12878
13104
13006
12905
13067
13024
13015
13139
13099
13152
13022
12963
12894
13085
12995
13178
12956
13107
13177
13057
13168
13155
13040
12958
13145
12996
12930
13161
13054
12937
13154
13151
13109
13105
13072
12981
12936
13015
13092
13016
13187
13084
12997
13049
13048
13028
13175
13215
13205
13212
13125
13138
13174
13084
13167
12978
13191
13151
12975
12975
12966
13077
12964
13213
13014
12948
13194
13213
13176
13222
13030
12967
13170
13189
12956
13037
13248
13128
13239
13250
12976
12958
13089
13134
13092
13185
13111
13044
13227
13141
12989
13147
13144
13002
13150
13230
13162
13087
13070
12988
13267
12978
13045
12994
13029
13231
13000
13097
13032
13097
13252
13270
13003
13033
13135
13108
13084
13000
13268
13199
13265
13226
13255
13267
13116
13167
13237
13225
13212
13222
13075
13265
13222
13230
13218
13091
13287
13060
13301
13101
13281
13284
13231
13026
13231
13057
13083
13189
13156
