2119
2088
1945
1687
2243
2103
1670
1865
2078
2345
2142
2306
2248
2323
1709
1976
1909
1628
1994
1851
1960
1931
2391
2471
1833
2183
2104
2180
2361
1678
2350
2468
1745
1928
1816
1651
2050
2384
1536
2149
1991
1740
2422
1759
1561
2171
1968
1782
1990
2383
2142
2299
1836
2135
2266
1786
1846
2490
1516
2408
2235
2397
2436
2342
2439
2008
1733
2361
2114
2341
2445
2391
2004
1882
1641
1788
2383
1885
1603
2060
2497
2412
2190
1997
2355
1778
1893
1910
2506
1955
1578
2091
2461
2474
1951
1646
2012
2138
1521
2133
1711
1538
2359
1578
1989
2334
2146
1928
2376
2077
2155
1918
1958
2316
1786
1858
2022
2233
1968
1741
1663
1849
1566
2260
2471
2121
1553
1690
1990
1956
2279
2208
1635
1763
2094
2405
2493
2298
1658
1773
2249
2016
1800
1921
1554
2367
1946
2304
1668
1848
2100
1610
1596
1644
1620
1723
2021
2202
2278
1949
2208
1812
1746
2085
2211
2404
1811
2453
1652
2086
2305
1599
1817
1803
1635
1778
1832
2136
2491
1884
2340
1851
1852
2219
2000
1880
1598
1945
2410
1982
1917
2519
2296
2122
2214
2410
2038
2341
2067
1607
1820
1850
2348
2316
1854
1762
2273
1857
2106
1815
1937
1664
1767
2396
2498
1965
1790
2467
2148
1837
2232
2037
2411
1636
2133
2259
1627
1671
2511
1804
809
1010
953
778
918
795
1002
787
756
989
960
837
742
846
980
968
875
923
810
892
871
970
1050
856
851
959
926
797
952
1041
766
1039
839
812
1048
1047
1038
825
984
981
977
895
801
971
893
840
922
988
1041
983
1036
1001
1027
792
809
881
823
1087
1011
836
1000
853
1050
982
1026
840
941
946
923
912
1063
1051
1032
817
1041
1076
942
1078
1106
981
871
1001
907
1067
908
929
1025
987
926
1045
1056
928
858
929
1089
835
1107
933
976
1118
909
1003
840
1064
953
869
874
1039
1123
862
858
1113
1064
926
1013
866
1043
1128
1121
1065
894
1090
910
1014
1032
971
1036
910
959
927
927
1026
1104
1094
900
1039
924
1071
918
1029
1053
1001
1073
1155
1015
875
1065
1096
1156
938
999
927
1013
1171
980
1003
1131
1004
976
951
1142
1106
1130
973
1189
976
1157
1155
1110
1077
1046
1134
1086
1068
1176
1026
1029
1066
1062
1087
1207
977
990
933
1203
985
1102
978
985
1039
1058
1036
1031
975
1006
937
1042
1108
1123
996
940
1172
1225
987
1119
1032
981
989
1222
1040
1225
944
1171
959
1131
1213
995
1156
1029
1001
1102
1006
1180
2582
1940
2105
2469
2282
1877
1915
2378
2067
1826
2114
1880
2053
1972
2457
2456
1825
1933
2305
2583
2198
2075
2231
2347
2066
1650
1888
2403
2516
1851
2405
2064
2212
1773
1682
1780
2532
2354
2551
1772
2134
1690
1957
1672
2598
1938
2534
2000
2472
2393
1952
1942
1754
2335
1609
2369
2293
1637
1840
2271
1932
2212
2084
2087
1813
2537
2004
1920
1700
1719
2279
1902
2422
2558
2201
2415
1662
2466
1969
2491
1903
2219
1822
1862
1649
1803
2237
2033
2143
2581
1813
2110
1618
1766
2565
2162
1738
2271
1894
2452
1620
1761
2502
2482
2189
1715
1779
2161
2067
2309
1848
2167
1854
2591
1811
2242
2404
1693
2014
2223
1693
2209
2055
1829
2539
2452
2393
1978
2434
1716
2069
2587
2004
1883
2555
1830
1626
2389
2606
2062
2431
1806
1889
2176
1900
1781
1846
1770
2048
1665
2361
2378
2403
2610
2139
2339
2383
2575
2580
2596
1943
1968
1902
2383
1991
2566
2458
2391
1633
2020
2180
2337
1968
1657
1695
1897
2489
1749
2099
1785
1988
1976
2049
1946
1737
1818
2122
2421
2294
2468
1849
2616
2424
1970
1879
2122
1702
1767
1717
2180
2249
1928
2220
1675
2207
2571
2292
2539
1860
2596
2556
1727
1695
1822
2493
2007
2060
2027
2261
2553
1887
2297
2325
1783
1853
1889
1651
2389
2270
2542
1842
1790
1955
2489
2485
1711
1878
2353
2625
2328
2014
1823
2019
1793
2313
2579
1793
2435
2602
1644
2453
2458
2410
2559
1841
1670
2288
2235
1662
1978
2176
2191
1956
2234
2430
2637
1712
2209
2397
1759
2024
2059
2054
2165
2590
2612
1857
1972
1897
2119
1865
1653
1823
2039
2155
1728
2310
2188
2354
2497
2059
2239
2280
2274
1762
1883
2019
2649
2518
2407
2358
1713
2539
2553
2310
1793
1853
2088
2121
1744
2612
2256
2053
2088
2638
2122
1884
1734
2075
1837
2359
1870
2421
1844
2573
2357
1676
2285
1677
2236
2116
1680
2143
1830
2592
2587
2040
1785
1687
2484
2652
1838
2497
2418
2629
2534
1688
2074
1933
2034
1740
1690
2381
2224
2019
1820
1879
2082
2088
2564
2496
2252
1991
2598
1890
1764
2318
1817
2137
1673
2074
2430
2012
2305
1802
1670
1955
2200
2306
2203
2296
2217
2342
2340
2089
2195
2112
2043
1799
2274
2660
2510
2250
2321
1782
1867
2640
2159
1764
2158
1720
2096
2610
2638
1921
1930
2056
2096
2365
2564
2204
2165
2311
2487
2577
1715
2607
1872
1767
1959
2322
1779
2026
2582
1872
1973
2068
2272
1731
2194
2503
2361
2666
1888
2629
2167
1680
2420
1689
1885
2211
2211
2322
1958
1963
2039
2391
2624
2056
1905
1791
2209
2644
2425
1847
2151
2566
2099
2117
2031
2595
1789
1705
1601
1548
1599
1673
1614
1677
1570
1623
1506
1586
1613
1589
1726
1684
1701
1625
1660
1574
1626
1701
1715
1526
1661
1531
1736
1559
1656
1575
1659
1642
1466
1602
1712
1646
1620
1462
1740
1727
1529
1615
1626
1563
1709
1513
1499
1557
1746
1573
1520
1664
1655
1631
1559
1621
1535
1727
1569
1623
1647
1629
1543
1553
1551
1641
1662
1767
1690
1589
1715
1669
1637
1538
1731
1538
1622
1540
1585
1597
1555
1519
1732
1720
1640
1580
1686
1592
1538
1607
1795
1517
1720
1596
1512
1596
1741
1718
1657
1788
1555
1778
1568
1739
1704
1666
1532
1763
1544
1813
1702
1674
1766
1787
1649
1618
1694
1816
1816
1648
1771
1663
1583
1826
1761
1732
1550
1811
1661
1756
1741
1781
1791
1764
1762
1782
1778
1577
1649
1614
1735
1651
1643
1647
1802
1649
1828
1852
1706
1811
1610
1634
1797
1581
1618
1793
1846
1611
1814
1674
1824
1628
1831
1626
1695
1779
1848
1748
1714
1720
1599
1868
1694
1593
1859
1775
1865
1770
1599
1788
1760
1781
1829
1893
1778
1697
1849
1816
1873
1864
1897
1886
1676
1738
1612
1655
1664
1814
1793
1889
1894
1904
1811
1770
1758
1741
1810
1753
1833
1753
1680
1922
1882
1841
1859
1910
1756
1669
1842
1868
1714
1665
1694
1667
1864
1899
1814
1675
1811
1926
1788
1711
1934
1796
1918
1740
1720
1712
1673
1873
2620
1865
2188
2138
2447
1978
1900
1808
2055
1910
2445
1815
2649
2402
2509
2058
1840
2212
2458
2649
1950
1989
1807
2520
2037
2646
2555
1910
1907
2328
1747
2189
1880
2113
2686
2331
2642
2445
2374
1767
2353
2355
1840
2703
2214
2642
2189
2672
2173
2541
2634
2737
2350
2289
2203
1930
2225
2332
2603
2046
2080
2449
1969
2309
2040
2266
1774
2583
1758
2463
2689
1791
2310
2563
2083
1981
2226
2427
1916
2319
2320
2028
2069
2685
2193
2287
1831
2672
2472
1931
2524
2376
2125
1928
2583
2642
1787
2685
2690
2300
2229
2219
1852
1820
2581
1990
2452
2243
2686
2022
2549
2011
2125
1993
2573
2730
1941
2190
2198
2077
1849
1846
1917
2464
2442
1936
2428
2091
2287
2412
2197
2340
2523
2090
2286
2252
2519
1956
2110
2351
1759
2411
1924
2191
2143
2588
1982
1780
2731
2055
1803
2559
1920
2651
1842
2305
2437
2356
2553
2404
2430
2168
2400
2134
2108
2176
2449
2496
1837
2034
1767
2012
2130
2361
2469
2004
2478
2368
2016
2571
2634
2384
2068
1784
2261
2460
1889
2242
2246
1995
1857
2652
2230
2693
2752
1815
2259
2599
2653
2445
1930
2742
1989
2659
2409
2008
2252
2122
2583
2762
2088
2302
2745
2575
2201
2754
1860
2756
1886
1964
2600
2687
2409
2037
2315
2396
1816
2182
2080
2433
2611
2575
2353
2173
2759
2556
2212
1937
1833
2483
2656
2330
1894
2438
2164
2053
1788
2515
1917
2415
2344
1944
2533
2473
2403
2633
2205
2704
1952
2258
2342
2337
2466
2537
2277
2464
2592
1932
2130
1960
2603
2675
2523
2087
2098
2578
2437
2656
2241
2282
2060
1838
2452
2282
2443
2359
2240
2726
1915
2061
2221
2398
2774
2777
1963
2717
2309
1893
2247
1837
1967
1984
2606
2426
1954
2764
2131
2639
2293
2700
2322
1929
2036
2019
2102
2374
2216
1875
2478
2544
2386
2268
2722
1884
2434
2568
2730
2556
2211
2324
2221
2749
2345
2101
2483
2146
2620
2130
2560
2689
2192
2769
2753
2307
1866
2766
2408
2799
2799
2162
2137
2656
2792
1972
1963
2774
2318
2780
1991
2487
2051
2333
2565
2180
2449
2699
2174
2627
2672
2562
1827
2288
2033
2138
2394
2245
2475
2728
1949
2785
2398
2227
1883
2085
2361
2753
1841
2646
2536
2004
1845
2433
2798
2725
2297
2540
2399
1881
2352
1877
2116
1824
2028
2653
2271
2597
2191
2379
2020
1944
2036
2173
2312
2741
2126
2305
2725
2585
1819
2421
2309
2229
2445
2310
1938
1975
2502
2081
2216
2335
2167
2241
2332
2366
2267
2208
2280
2096
2158
2190
2131
2211
2158
2370
2291
2114
2232
2164
2356
2130
2247
2287
2174
2322
2313
2163
2219
2365
2204
2295
2265
2194
2296
2317
2229
2374
2214
2390
2128
2250
2131
2152
2356
2426
2358
2289
2251
2168
2298
2305
2148
2135
2231
2259
2313
2369
2228
2319
2184
2351
2416
2229
2215
2416
2225
2345
2188
2203
2209
2371
2382
2168
2164
2415
2334
2321
2397
2235
2235
2316
2352
2295
2332
2224
2261
2241
2449
2185
2288
2314
2178
2235
2277
2201
2233
2437
2307
2390
2335
2233
2483
2190
2294
2212
2476
2199
2306
2195
2234
2491
2294
2361
2346
2482
2332
2414
2455
2304
2365
2292
2440
2381
2208
2327
2479
2288
2266
2226
2486
2418
2295
2321
2333
2292
2411
2298
2366
2466
2505
2477
2416
2234
2345
2261
2412
2272
2312
2285
2238
2385
2512
2356
2432
2317
2373
2483
2246
2497
2525
2345
2262
2398
2375
2446
2374
2447
2282
2372
2344
2292
2485
2261
2314
2416
2342
2270
2339
2303
2509
2417
2528
2557
2449
2500
2479
2497
2359
2338
2497
2337
2464
2278
2393
2391
2520
2309
2467
2541
2292
2429
2579
2354
2560
2338
2433
2518
2531
2587
2334
2326
2497
2361
2298
2457
2501
2505
2492
2585
2407
2329
2338
2447
2321
2315
2361
2443
2389
2597
2497
2504
2486
2430
2437
2471
2465
2431
2486
2356
2503
2474
2332
2613
2554
2571
2558
2438
2585
2477
2480
2436
2525
2445
2493
2525
2423
2373
2518
2437
2423
2557
2392
2403
2560
2518
2449
2560
2586
2412
2570
2388
2519
2579
2638
2512
2590
2503
2394
2453
2564
2383
2400
2395
2562
2483
2631
2419
2472
2458
2608
2665
2442
2513
2644
2463
2553
2393
2448
2546
2533
2679
2553
2595
2478
2565
2548
2577
2394
2561
2605
2619
2434
2524
2404
2468
2616
2455
2443
2500
2526
2466
2635
2513
2529
2493
2542
2567
2665
2555
2666
2625
2579
2504
2550
2575
2574
2475
2472
2588
2433
2427
2678
2636
2690
2515
2467
2717
2541
2433
2442
2560
2599
2540
2593
2569
2730
2710
2704
2556
2606
2556
2695
2634
2580
2566
2581
2693
2522
2572
2583
2543
2553
2507
2132
2264
2040
2176
2758
1989
2203
1957
2673
2500
2133
1934
2603
2651
2562
1931
2172
2409
2214
2723
2390
2168
2885
2446
2708
2895
2153
2294
2686
2312
2026
2366
2366
2673
2654
2558
2262
2074
2880
2766
2679
2276
2275
2189
2655
2818
2303
2203
2128
2596
2442
2690
2595
2663
2664
2669
2281
2329
1977
2038
2151
2270
2024
2629
2766
2703
2069
2150
2651
2251
2331
2590
2221
2310
2256
2828
2585
2781
2897
2852
2311
2262
2448
2033
2739
2009
2061
2846
2439
1987
1918
2862
2759
2727
2855
2536
2225
2045
2453
2635
2109
2202
2658
2453
2706
2412
2589
2323
2799
2105
2682
2527
2094
2493
2730
2239
2499
2531
2522
2084
2329
2116
2440
1991
2283
2475
2307
1931
2183
2201
1964
2305
1987
2733
2432
2332
2127
2198
2020
2412
2506
2174
2718
1923
2878
2758
2602
2875
2612
1956
2657
2363
2917
2406
2347
1946
2563
2324
2670
2135
2653
2853
2613
2197
2053
2378
2366
2062
2563
2745
2472
2082
2648
2919
2908
2888
2751
2660
2706
2802
2805
2832
2838
2706
2852
2882
2732
2718
2885
2912
2917
2938
2819
2789
2875
2921
2830
2708
2906
2813
2825
2815
2697
2750
2919
2879
2722
2729
2910
2779
2935
2922
2955
2900
2901
2749
2721
2825
2831
2827
2678
2804
2940
2805
2868
2790
2867
2841
2775
2885
2745
2720
2956
2747
2819
2910
2785
2980
2759
2712
2720
2973
2836
2829
2785
2953
2754
2986
2707
2969
2997
2958
2809
2920
2777
2871
2712
2729
2804
2849
3008
2795
2806
2906
2783
2990
2898
2738
2822
2874
2879
2946
2875
3016
2938
2895
3025
2834
2855
3003
2933
2827
2760
3001
2852
3039
2947
2744
3017
2795
2813
2970
2901
3048
2898
2773
2916
3010
2993
2844
2785
2919
2964
3035
2838
2877
2766
2810
3040
2978
2945
2827
2895
2911
2953
3050
3050
2807
3021
3007
3054
2895
2973
2951
2928
3074
3056
3045
2836
2855
3056
2878
3081
2932
2247
2579
2349
2228
2859
2692
2873
2150
2880
2934
1968
2577
2754
2883
2892
2455
2406
2882
2332
2495
1972
2901
2609
2396
2147
2435
2946
2854
2100
2347
2404
2247
2011
2949
2244
2669
2923
2260
2689
2261
2812
2248
2774
2572
2543
2884
2164
2041
2645
2320
2059
2835
2780
1985
2228
2188
2941
2714
2156
2748
2007
2362
2398
2538
2946
2696
2470
2099
2814
2115
2522
2200
2494
2093
2755
2204
2702
2381
2409
2671
2833
2766
2934
2253
2735
2821
2566
1995
2360
2148
2974
2143
2754
2516
2264
2915
2052
2315
2453
2462
2846
2406
2194
2609
2562
2250
2146
2478
2174
2223
2715
2304
2598
2087
2168
2495
2299
2443
2632
2388
2184
2112
2127
2362
2447
2241
2878
2220
2569
2862
2911
2642
2741
2231
2400
2039
2968
2435
2621
2336
2728
2509
2798
2919
2591
2429
2882
2364
2896
2742
2864
2249
2270
2345
2745
2418
2738
2818
2308
2357
2576
2503
2618
2394
2386
2928
2789
2619
2076
2243
2308
2580
2658
2480
2928
2930
2090
2948
2021
2772
2115
2902
2866
2464
2281
2542
2642
2570
2956
2469
2326
2486
2105
2488
2790
2661
2022
2211
2420
2646
2475
2606
2222
2887
2024
2038
2113
2617
2341
2200
2357
2021
2937
2464
2526
2978
2091
2296
2188
2093
2310
2985
2365
2162
2258
2745
2670
2475
2037
2301
2752
2191
2440
2825
2027
2235
2896
2317
2203
2497
2887
2818
2534
2808
2966
2587
2685
2390
2958
2386
2848
2673
2924
2078
2564
2497
2292
2504
2176
2063
2074
2050
2376
2567
2849
2787
2700
2317
2065
2161
2021
2526
2654
2841
2910
2109
2854
2705
2218
2068
2927
2722
2061
2615
2948
2862
2903
2554
2581
2860
2201
2145
2027
2970
2333
2987
2243
2895
2384
2559
2323
2056
2919
2645
2572
2543
2574
2585
2930
3394
3373
3202
3217
3316
3130
3247
3357
3161
3148
3384
3248
3244
3117
3371
3292
3276
3267
3309
3161
3376
3406
3318
3292
3178
3147
3251
3322
3268
3326
3205
3335
3353
3278
3365
3420
3344
3358
3192
3314
3424
3149
3393
3339
3268
3159
3233
3261
3175
3408
3376
3301
3438
3253
3380
3172
3261
3209
3229
3317
3390
3314
3428
3298
3415
3269
3192
3268
3359
3450
3218
3310
3464
3239
3457
3359
3390
3320
3329
3258
3224
3468
3438
3205
3362
3480
3464
3322
3262
3362
3424
3452
3419
3477
3302
3254
3378
3213
3277
3412
3346
3275
3446
3438
3485
3355
3321
3499
3322
3406
3329
3331
3398
3386
3280
3451
3367
3286
3310
3332
3379
3302
3267
3514
3260
3324
3303
3423
3237
3246
3515
3528
3499
3394
3392
3444
3482
3240
3344
3448
3333
3401
3308
3516
3369
3403
3446
3435
3517
3515
3504
3473
3427
3264
3408
3446
3477
3434
3384
3449
3456
3514
3344
3448
3345
3523
3398
3524
3451
3438
3514
3554
3486
3498
3504
3563
3445
3572
3561
3524
3404
3521
3431
3470
3443
3577
3548
3399
3291
3372
3337
3524
3329
3339
3418
3541
3425
3414
3397
3309
3325
3490
3573
3469
3387
3407
3585
3376
3320
3586
3368
3371
3502
3440
3466
3327
3520
3480
3577
3565
3450
3484
3521
3523
3543
3401
3547
3511
3444
3620
3369
3429
3403
3444
3390
2791
2747
2991
2406
2167
2277
2410
2525
2780
2586
3054
2416
2473
2927
2074
2104
2688
2733
2105
2414
2371
2965
2405
2178
3068
2296
2425
2427
2808
2315
2677
2165
2496
2718
2923
2864
2655
2333
2437
2805
2427
2364
3045
2544
2310
3044
2400
2757
2185
2094
2768
2540
2753
2572
2684
2949
2192
3046
2575
2806
2730
2115
2870
2727
2568
2680
2305
2557
2264
3530
3588
3702
3422
3458
3618
3513
3534
3669
3505
3656
3549
3665
3458
3658
3633
3497
3648
3498
3427
3475
3577
3615
3668
3450
3709
3718
3509
3554
3641
3602
3609
3445
3504
3483
3684
3713
3583
3630
3532
3717
3738
3594
3694
3643
3615
3740
3516
3540
3486
3692
3665
3661
3521
3600
3590
3516
3693
3466
3527
3500
3502
3694
3472
3622
3511
3526
3524
3644
3478
3765
3592
3556
3673
3729
3579
3601
3767
3586
3707
3682
3486
3669
3707
3676
3549
3574
3611
3632
3690
3555
3572
3600
3498
3695
3701
3787
3753
3595
3697
3753
3731
3703
3648
3551
3606
3567
3573
3522
3581
3528
3762
3579
3746
3725
3619
3753
3614
3678
3593
3547
3704
3528
3572
3754
3534
3784
3718
3767
3559
3685
3666
3720
3750
3665
3581
3719
3784
3624
3799
3572
3831
3720
3635
3593
3674
3608
3801
3703
3766
3652
3692
3639
3656
3717
3569
3647
3689
3671
3653
3628
3649
3630
3842
3785
3719
3855
3798
3809
3626
3822
3783
3868
3725
3580
3755
3649
3835
3833
3823
3776
3717
3736
3866
3813
3613
3592
3598
3768
3605
3632
3643
3613
3648
3623
3799
3666
3612
3878
3777
3633
3798
3726
3815
3749
3786
3849
3666
3782
3810
3744
3869
3875
3659
3642
3863
3655
3904
3680
3644
3647
3679
3890
3744
3824
3734
3791
3648
3780
3809
3837
3778
3849
3690
3793
3640
3723
3906
3769
3775
3914
3728
3701
3721
3732
3889
3796
3896
3945
3929
3707
3858
3895
3748
3678
3775
3839
3809
3814
3927
3851
3737
3824
3816
3839
3908
3813
3821
3750
3694
3742
3940
3855
3966
3741
3729
3836
3779
3786
3868
3931
3921
3963
3983
3888
3899
3814
3896
3988
3784
3738
3879
3966
3870
3716
3941
3928
3996
3989
3827
3849
3929
3731
3853
3861
3943
3898
3815
3884
3868
3982
3810
3806
4014
3829
3748
3996
3862
3967
4004
3959
3864
3949
3742
3958
3868
3940
3990
3945
3751
3877
3872
4028
3764
3874
3968
3741
3979
3864
4015
3986
4007
3881
3846
4028
3807
3750
3773
2603
3062
2962
3103
2499
2676
2574
3003
2281
2822
2572
2752
3117
2271
3046
2362
2333
2324
2822
3153
2943
2528
2859
2725
2386
2256
3072
2806
2387
2552
3032
2778
2514
2906
2599
2762
2656
2828
2889
2189
2694
2390
3069
2333
2927
3134
2916
2410
2709
2263
2651
2980
2877
2326
2907
3127
2630
2871
3026
2927
2734
2740
2226
2405
2197
2316
2696
2692
2528
3068
2586
2592
3125
2479
2861
3104
2653
2183
2535
2607
2413
2981
2698
2933
2379
2995
3128
2482
2534
3055
2830
2605
3007
3149
2872
2443
2630
3152
2825
2309
2583
2485
2560
2692
2461
2177
2351
2406
2820
2857
2631
2180
2384
3075
2487
2499
3039
2535
2694
2459
2376
4079
3985
4096
4089
4088
3903
4033
4139
4119
4178
4150
4077
3938
4091
4043
4172
4034
3942
4032
3930
3982
3967
4054
4043
3927
4028
4107
4120
4068
3987
4181
4064
4011
4163
4122
4181
4132
3912
4191
4170
3926
4067
3955
3918
3959
3937
4111
3941
4169
3979
4159
4165
4200
4172
4061
4093
3957
3936
4029
3991
4174
4044
4188
4015
4060
4153
3960
3958
3942
4104
4177
4014
4234
4012
3988
4114
4098
4135
3977
4244
4014
4184
3960
4009
4203
3979
3978
4208
4242
4022
3969
3967
4183
4118
4254
4192
4144
4095
4016
4072
4003
4246
4103
4251
4094
4253
4010
4033
4197
4252
4054
4125
4024
4130
4190
4185
4273
4136
4142
4211
4274
4166
4253
4180
4124
4158
4045
4163
4039
4148
4155
4106
4254
4014
4031
4146
4173
4287
4063
4084
4022
4213
4147
4260
4201
4145
4115
4187
4193
4214
4102
4285
4276
4149
4294
4258
4159
4034
4198
4304
4107
4183
4140
4183
4056
4089
4296
4100
4277
4136
4156
4227
4099
4317
4066
4225
4167
4199
4076
4291
4341
4308
4087
4265
4086
4162
4198
4342
4260
4066
4138
4213
4214
4239
4083
4074
4352
4114
4085
4099
4157
4365
4219
4257
4130
4292
4241
4252
4274
4114
4205
4203
4123
4108
4155
4237
4363
4215
4302
4359
4333
4256
4116
4345
4127
4155
4367
4286
4138
4107
4103
4214
4266
4396
4209
4259
4371
4309
4291
4344
4364
4360
4409
4160
4255
4252
4417
4357
4225
4327
4130
4361
4344
4164
4188
4306
4315
4236
4332
4265
4386
4248
4205
4215
4426
4269
4307
4155
4372
4292
4239
4386
4343
4356
4290
4206
4373
4240
4416
4335
4439
4346
4318
4287
4303
4357
4208
4287
4267
4365
4198
4389
4301
4329
4345
4339
4358
4229
4217
4261
4321
4404
4434
4237
4223
4362
4279
4279
4436
4327
4363
4365
4376
4482
4244
4342
4222
4287
4197
4403
4398
4221
4230
4361
4316
4320
4201
4357
4349
4268
4362
4203
4365
4439
4423
4273
4451
4418
4248
4220
4393
4377
4471
4421
4309
4223
4405
4519
4365
4378
4290
4458
4409
4293
4375
4263
4284
4401
4336
4339
4383
4306
4407
4533
4276
4268
4440
4356
4446
4496
4492
4248
4501
4326
4298
4445
4444
4441
4465
4388
4489
4430
4417
4414
4473
4517
4394
4344
4479
4448
4298
4401
4294
4506
4369
4379
4369
4349
4305
2489
3225
3202
2344
2628
2957
2702
2761
2423
2967
2773
2952
2640
2918
2616
2747
2879
2323
2431
3253
3072
2447
2292
2945
3241
3141
2877
3258
3040
2270
2933
2932
3052
2941
2447
3156
2326
2571
2380
2936
2422
2472
2828
2659
2932
2506
2763
2264
2497
3014
2735
3100
3171
3247
2591
2272
2313
3034
2322
2620
2571
2608
3150
2685
2922
3250
2770
2570
2887
2831
3204
2647
3231
2838
2860
2867
3198
3167
2568
2390
3070
2901
3168
2431
2433
2572
2363
2659
2359
2968
2506
3094
2527
2611
2574
2807
2805
2379
3195
2877
2781
2651
3051
2696
2838
2736
2838
3139
2946
3231
2626
2984
2694
3033
3135
3140
3273
2712
3110
2895
3136
2799
2692
3171
2304
2633
2296
3209
2750
2448
2394
2540
3226
3090
2342
3077
2410
3017
2297
2575
2537
3057
2988
3023
2915
3279
2606
2340
2834
3061
3180
3121
3059
2512
2745
3197
3217
2289
2912
2966
2706
3243
2936
2432
3283
2935
2686
3134
2430
2680
3152
3236
2923
2405
3064
2296
2798
2461
2752
3096
2788
2794
3134
3280
2657
2316
2583
2609
3108
3010
2744
2642
2846
2522
2578
2607
2923
2526
2921
3196
2397
2426
2313
2522
2555
2724
3003
2364
2692
3099
2799
3177
2914
3213
2838
3003
2354
2589
2748
2443
2862
3244
2348
2705
3147
3182
3170
2945
2390
2536
3006
2955
2637
3186
2532
3186
3085
2886
2583
2570
3107
3234
3029
2622
3193
3048
3250
2832
2895
2470
2668
2461
2878
2730
2837
3047
2805
3256
2512
3216
2311
2329
2629
3145
2949
2513
3040
2885
2969
3063
2464
2690
3257
2680
2403
2441
2794
2360
3193
3194
2945
2805
2600
3006
3199
2525
2567
2736
3069
2689
2358
3035
2683
3230
2386
2369
2432
2825
3250
2539
3205
3268
3097
2850
3226
2810
2430
3181
2564
2791
2921
2502
2476
2447
2331
2503
2468
2638
2628
3271
3087
3146
3288
3185
2566
2882
3284
2713
2387
2850
3058
2634
3281
3109
2461
2855
2335
3117
3290
2561
3036
2909
3294
3105
3307
2614
3088
2490
2931
2659
3237
2808
2727
2817
2471
2857
2851
2693
2621
2356
2684
2627
3289
2737
2708
3310
2750
2996
2974
2888
2448
3038
2769
3297
2424
2962
2625
2675
2483
2819
3083
2812
2446
2877
2395
2731
2753
2528
2984
3123
2841
3042
2429
2923
2411
2457
2985
2901
3023
2902
2629
2381
2938
3054
2478
2539
3161
2690
2618
2968
2390
2556
2429
3053
3289
3219
3181
2668
3182
2380
2414
3316
3037
2342
2369
3282
2987
2998
2370
3033
3182
3262
2798
2612
2901
3071
2545
2777
2866
3142
2436
3177
3174
3287
2386
2864
3332
2593
2773
2903
3296
2583
2865
2410
3291
3139
2836
2886
2775
3062
3321
2832
2504
2545
2756
3181
2987
3152
2799
2659
2572
2862
3180
2551
5018
4838
5020
4902
4825
5013
4851
4774
4850
5003
4869
4866
4987
4929
5030
4918
4983
4984
4789
4919
4791
4959
5025
5002
4815
4858
4990
4967
4781
5023
4853
4841
5071
4962
4993
4816
4930
5077
4929
4831
4956
5078
5085
5062
5000
5029
4880
4935
4814
4919
4892
5077
4953
4938
5096
4970
5002
5030
4951
4832
4819
5087
5049
4953
4881
4860
5022
4933
4921
4993
5091
4885
4958
5087
4881
4834
5003
5023
5046
4840
4919
4992
4920
5120
4881
4982
4932
5095
5049
5021
4921
4983
4938
5083
4941
5061
4907
5088
5056
4884
4852
5020
4851
4862
5125
5129
5124
5031
5025
5069
4941
5147
5040
4923
4998
5019
4969
5073
4894
5032
4986
4991
5049
4995
5168
4879
4916
5082
4906
4997
5100
4900
5172
5047
4901
4958
5148
4898
4919
4924
5058
4961
5083
5016
5166
5162
5024
5179
5042
5004
5022
4998
4925
5083
5192
4953
4978
5095
5116
4972
4960
5112
5102
5079
4964
5034
5164
5085
5004
5032
4985
5043
5024
4962
4935
5010
5187
5219
5143
5111
4969
5138
5188
5212
4963
4989
5006
4996
4996
5012
4936
5233
5201
5079
4977
5214
5164
4964
5015
5240
5174
5094
5102
4954
5032
5240
5005
5146
5031
5164
5059
4971
5132
5078
5151
4999
5073
5108
5026
4991
5097
5251
5045
5204
5219
4999
5003
5061
5034
5006
5259
5102
5214
5245
5246
5146
5173
5010
5270
5264
5003
5255
5258
5208
5275
5244
5007
5046
5150
5007
5252
5264
5177
5040
5190
5256
5113
5057
5176
5008
5262
5163
5305
5176
5193
5074
5058
5312
5106
5155
5079
5151
5120
5297
5261
5160
5221
5275
5133
5226
5265
5190
5049
5029
5094
5229
5136
5122
5221
5135
5325
5097
5287
5249
5329
5307
5256
5259
5108
5097
5110
5124
5188
5274
5104
5329
5056
5274
5241
5317
5284
5141
5186
5268
2950
3057
2840
3262
3358
2913
2536
3157
3381
3374
3173
3144
3294
2836
2480
2432
2813
3290
2782
3365
3048
2921
2559
2851
2837
2575
2519
2566
2862
2500
3068
2652
2825
3112
3399
2525
2688
2507
3095
2747
2515
3224
2467
3019
2528
2511
3242
2646
2634
2482
3336
2610
2860
2660
2978
2553
3075
2896
3154
2673
3003
2700
3321
3405
2840
2784
2951
3225
3350
3376
2783
2512
2453
3345
2574
2541
2966
3165
3149
2596
2496
3133
3187
3350
3096
2806
2796
2763
3029
2650
2490
2894
2796
2479
3053
3074
2620
2720
2850
3219
3131
2904
2795
2490
2827
3279
3115
2521
2753
2658
2510
2645
2903
3023
2705
3075
3078
2781
2546
2761
3035
5422
5398
5281
5284
5254
5315
5370
5394
5383
5338
5480
5199
5253
5339
5437
5202
5480
5424
5377
5212
5387
5225
5228
5205
5496
5242
5407
5279
5319
5275
5340
5331
5247
5487
5286
5490
5290
5314
5254
5365
5304
5453
5291
5347
5241
5370
5233
5324
5320
5300
5283
5508
5492
5334
5249
5393
5458
5482
5522
5446
5346
5401
5407
5542
5526
5318
5486
5540
5529
5274
5416
5286
5393
5484
5358
5345
5385
5357
5489
5481
5439
5455
5454
5314
5487
5402
5513
5383
5467
5457
5417
5344
5461
5567
5567
5541
5539
5552
5298
5406
5539
5427
5571
5370
5390
5294
5548
5347
5379
5299
5453
5301
5367
5467
5509
5505
5475
5476
5586
5392
5425
5521
5430
5397
5470
5421
5567
5329
5337
5556
5387
5507
5607
5567
5601
5410
5319
5530
5325
5585
5599
5451
5599
5588
5333
5469
5342
5540
5533
5432
5402
5375
5505
5606
5507
5606
5578
5420
5527
5474
5581
5357
5575
5522
5537
5374
5457
5404
5397
5518
5405
5506
5602
5484
5546
5392
5358
5468
5444
5637
5372
5469
5611
5570
5383
5496
5390
5400
5632
5469
5494
5464
5552
5528
5506
5515
2818
2552
2879
2606
3464
3120
2922
3279
2643
2789
3473
3048
2867
2896
3356
3232
3388
2968
2542
2507
2974
3029
2591
3244
2616
2819
2926
3143
2830
2591
3230
3010
3299
2702
2587
2948
2992
3213
3324
3274
2637
2784
3357
3062
2511
2711
3076
3367
3373
3280
2640
3153
2867
3407
2538
2986
3364
2988
2880
2891
3012
3277
2772
3407
3186
3477
3087
3151
3127
2507
2644
3000
3049
3321
2790
2550
3426
2498
2712
2678
3168
2809
2631
3245
3065
3472
3270
2509
2746
2645
3391
3122
3101
2565
3139
2822
2914
2837
2548
3008
2867
2663
2958
3396
2819
2693
2676
3480
2864
3391
2556
3471
3483
2644
3244
3357
3166
3450
3207
3001
2540
2970
3304
3147
2990
2684
2556
3071
2512
3436
3305
3204
2670
3191
3291
2660
2680
2515
3154
3407
2560
2811
3334
2881
3380
2974
3122
2753
3005
3269
3091
2729
2578
2804
3132
3220
3239
3227
3263
3338
2961
2651
3235
2601
3172
3158
3442
3465
2966
3394
3148
2578
3109
2917
2834
3358
3402
2698
3117
2874
2680
3035
3155
3405
3421
3491
2927
3044
3371
2518
3210
3184
3260
3230
2814
3353
3354
3373
3131
2711
3462
2787
2703
3471
2592
2853
2579
3104
2828
3124
3029
3475
3024
2878
3293
2592
2572
3011
2966
2949
3184
2717
2959
2946
3453
3399
3403
2956
2856
2775
3303
2849
3443
3478
2977
3044
3402
3366
3367
2548
2687
2567
2751
3216
2692
3153
3269
2891
3152
2692
3415
3477
3143
3481
3023
3067
3298
3109
3063
3201
3257
2808
3343
3059
3330
2554
3277
2927
3329
3212
3450
2579
2728
3259
2585
2943
2910
3130
2729
2694
3349
2803
2739
2915
2672
3246
2791
3197
2740
3201
3202
3259
2624
3110
3330
3077
3338
2702
2734
3125
2811
3368
3284
3228
2823
3119
2599
3162
3453
3014
2944
2668
3356
2970
2708
3109
3026
3536
3032
3527
3155
3006
2722
2653
3197
2597
2991
3190
3315
3444
2560
5728
5774
5949
5840
5951
5812
5908
5954
5900
5994
5824
5858
5971
5814
5772
5962
5865
5926
5872
5890
5987
5779
5932
5748
5892
5789
5953
5799
6018
5833
5970
5886
6014
5762
5745
5957
5889
5913
6024
5790
5892
5934
5983
5874
5764
5915
5839
5800
5869
6036
5971
6031
5934
5928
5851
5802
6016
5845
6049
6025
5777
5896
5772
6066
5973
5906
5784
6019
6066
5993
5793
5897
5890
5978
5862
5918
5987
5954
6033
5810
6029
5985
5903
5829
6013
5870
5798
5943
5896
5824
5834
5869
5809
5978
5944
6057
5980
5860
6071
6105
6040
5850
6004
5915
6014
5954
5892
5937
6040
5893
5954
5958
5952
6029
6098
5940
5892
5856
6072
5945
6026
5866
5885
6086
5946
6043
5849
5882
5925
5838
6011
5988
6124
6016
5881
5903
6007
5977
5946
5985
5969
6113
6045
5854
6130
5862
6079
5936
5909
6137
6040
5978
6079
6054
5907
6100
6119
6098
6151
6127
6056
6028
5871
6013
6006
6084
6089
5937
5911
6032
6012
6099
5985
6061
5925
5955
5994
6053
6092
6006
6155
6157
5983
6172
6044
6055
6108
6015
6178
6081
6075
6079
6060
5910
5995
6049
6134
5948
5906
6015
6142
6121
6039
6193
6078
6011
6103
5980
5955
6177
6187
5966
6202
6164
5953
5948
6085
6003
6077
6171
5955
6067
5996
5951
5958
6048
6075
6208
6007
6224
6001
6020
6091
6017
6142
6068
6122
6022
6102
6037
6220
6136
6088
6236
6164
6017
6002
6179
6150
6139
6202
6045
5996
6226
6154
6029
5972
6221
6023
6034
5979
5997
5994
6143
6088
6264
6107
6051
6095
6080
6015
6019
6275
6159
6031
6204
6187
6049
6222
6235
6167
6030
6102
6168
6154
6003
6204
6012
6012
6088
6229
6176
6257
6018
6155
6170
6053
6039
6183
6050
6184
6237
6109
6072
6029
6132
6194
6069
6045
6185
6070
6084
6262
6065
6304
6285
6040
6097
6261
6243
6148
6076
6190
6070
6129
6056
6221
6264
6096
6145
6149
6310
6326
6243
6142
6284
6117
6205
6321
6100
6328
6301
6137
6298
6135
6190
6269
6244
6202
6263
6229
6118
6206
6137
6292
6138
6301
6150
6164
6363
6364
6198
6241
6296
6299
6117
6349
6301
6202
6103
6310
6232
6188
6312
6304
6311
6351
6318
6135
6245
6100
6288
6250
6354
6284
6167
6372
6288
6115
6109
6310
6338
2746
2824
2816
2750
2637
3154
3097
3611
3304
3416
3119
2625
3010
2674
3381
2808
2627
3261
2834
3311
2879
3586
2931
3378
2848
3166
3438
2995
3508
3424
3533
3547
3152
3034
3174
3269
2945
3222
3383
2978
2959
3424
3370
2958
3509
2884
6377
6395
6285
6174
6407
6351
6270
6205
6315
6385
6192
6186
6421
6216
6170
6393
6363
6290
6428
6231
6186
6293
6427
6187
6361
6230
6178
6293
6356
6340
6402
6431
6225
6437
6473
6464
6481
6369
6200
6324
6463
6355
6188
6210
6382
6307
6238
6336
6391
6420
6227
6354
6434
6314
6356
6257
6352
6373
6343
6253
6352
6307
6418
6380
6357
6461
6456
6228
6427
6376
6308
6384
6383
6455
6431
6369
6281
6515
6235
6303
6333
6493
6318
6414
6416
6346
6244
6381
6407
6454
6239
6417
6263
6450
6473
6518
6350
6291
6425
6456
6300
6373
6508
6418
6489
6460
6495
6485
6457
6552
6475
6447
6294
6450
6422
6507
6364
6374
6349
6508
6428
6339
6448
6493
6311
6485
6552
6517
6280
6443
6305
6438
6450
6518
6351
6518
6519
6345
6433
6519
6344
6371
6443
6330
6364
6371
6428
6485
6580
6457
6358
6595
6381
6422
6350
6399
6443
6366
6569
6495
6357
6378
6512
6584
6358
6458
6440
6366
6574
6358
6352
6429
6587
6323
6538
6526
6504
6529
6546
6508
6389
6451
6504
6393
6457
6604
6534
6581
6396
6341
6532
6479
6514
6399
6409
6475
6412
6617
6470
6607
6375
6359
6439
6454
6548
6387
6444
6583
6433
6607
6574
6486
6580
6425
6644
6538
6641
6416
6611
6604
6606
6604
6413
6487
6478
6600
6548
6659
6551
6417
6408
6543
6397
6620
6642
6543
6668
6516
6623
6449
6472
6461
6668
6467
6449
6463
6494
6610
6408
6527
6512
6418
6551
6518
6538
6592
6659
6504
6674
6688
6679
6478
3231
3468
2835
3189
2778
2837
2926
3484
3494
3442
2895
2970
2707
2718
3454
2967
3188
3399
2792
2893
2762
3089
3502
2933
3606
3229
3459
3542
2790
3658
3197
2905
3335
2854
2803
3087
3527
3373
3239
3528
3109
3320
2992
3115
3332
3202
3454
3037
3283
3041
3605
3300
2996
3251
2951
3094
2870
3619
3443
3253
3451
3589
3176
2932
3206
3571
3172
3002
3060
3004
3584
3294
3635
3209
3382
3481
3370
3243
3597
3125
3111
2734
2784
2843
2715
3212
3412
3379
3610
3657
3520
3531
3696
2926
2840
3493
3399
3407
2843
3128
3218
3449
2751
3354
3469
3263
2907
3627
3175
2775
3003
3357
2782
2915
3342
3573
3051
3425
3648
3588
2711
3069
3104
3435
3041
3056
3338
3229
2917
2860
3167
3398
2913
3174
3023
3152
2744
3700
3691
2844
3260
2766
2831
3499
2888
3645
3568
2892
2841
3038
3003
2970
2811
3049
2874
3462
3079
3147
3410
2911
2893
3403
3507
3356
3519
2931
3487
3234
2769
3091
3469
3026
3294
3611
3636
3395
3496
3570
2996
2987
2953
3537
3187
2806
3063
3357
3538
2746
2847
3663
2906
3057
3042
3566
2761
2902
2826
3330
3709
3077
3475
2854
3342
2955
3302
3380
2773
3515
3236
2839
3103
3699
2991
2839
3094
3039
3357
3713
3015
3139
3669
3696
3114
3235
3389
3133
3693
3472
3713
2995
3344
2875
2921
2897
3705
3710
2823
2842
3672
3453
3224
3369
2928
2733
3720
3125
6951
6840
6821
6785
6742
6946
6745
6937
6707
6789
6667
6806
6894
6926
6704
6672
6907
6779
6748
6952
6761
6790
6728
6964
6747
6872
6776
6701
6752
6735
6896
6890
6705
6912
6810
6745
6727
6900
6830
6821
6765
6703
6879
6876
6938
6917
6994
6907
6742
6926
6853
6812
6853
6922
6962
6953
6973
6754
6848
6790
6805
6744
6809
6829
6770
6806
6750
6847
6923
6994
6975
6943
6829
7023
6978
6996
6751
6912
6990
6983
6982
6773
6996
6951
7007
7031
6795
6879
6978
6970
6860
6786
6973
6765
6999
6799
7021
6896
6844
6907
6833
6967
6945
6888
6957
6770
7024
7011
6825
7052
6842
6917
6793
6777
6954
6918
7021
6942
7070
6815
6897
6952
6993
6888
6802
6873
7003
6917
6926
6936
6847
6999
6808
7048
7053
7008
6818
6968
7041
6856
6833
6931
7047
6989
6891
6966
6850
6944
7061
6947
6915
6889
6909
6871
6976
7101
7008
7079
6975
7094
6966
6948
6920
6889
6854
6848
7054
6945
6845
7021
7013
7043
7051
7087
7080
7089
6866
7024
6888
6919
7013
7068
7048
6991
7005
7037
6950
7104
6842
6917
6916
6845
6982
6954
6889
7117
6906
6912
6956
7052
7056
6929
7070
7151
7009
7102
7128
6924
6911
6964
6935
6977
7129
7068
7052
6988
7052
7131
6883
6956
7165
7109
6908
7134
7033
6968
6880
7066
7142
7092
7083
7184
7016
7059
7013
7181
6917
7113
7017
7048
6909
6966
6930
7027
7075
7171
7126
6942
6989
7170
7016
7204
7083
6922
7103
7128
7074
6982
6955
7048
7076
3506
3189
2840
3124
3775
3050
3255
2803
3518
3554
2920
3115
2838
2990
2881
2868
3043
3379
3533
3133
2972
3086
2870
3217
3141
3692
3219
2835
2923
3022
3735
7069
7092
7106
7192
6950
7169
6988
7065
7133
7158
7082
7146
6989
6966
7024
7041
7021
7177
7023
7155
7138
7027
7018
6996
7241
7172
7002
7064
7135
7121
7152
7243
7083
7253
7022
7261
7086
7060
7073
7032
7270
7087
7074
7021
7170
6996
7223
7209
7285
7149
7148
7105
7265
7165
7154
7139
7033
7081
7090
7022
7016
7027
7146
7157
7213
7095
7143
7230
7278
7153
7075
7314
7282
7187
7075
7261
7173
7129
7088
7033
7028
7320
7131
7229
7267
7219
7301
7319
7119
7316
7185
7147
7158
7281
7138
7067
7187
7216
7243
7176
7343
7209
7319
7102
7321
7058
7154
7206
7065
7303
7163
7157
7079
7066
7329
7298
7140
7165
7314
7254
7188
7151
7356
7330
7117
7299
7351
7169
7305
7259
7174
7152
7372
7313
7325
7237
7223
7216
7136
7097
7257
7110
7114
7179
7274
7189
7227
7102
7266
7245
7130
7212
7356
7135
7198
7168
7168
7250
7252
7261
7289
7258
7317
7128
7401
7337
7133
7371
7383
7257
7319
7355
7308
7225
7295
7218
7308
7136
7370
7362
7298
7128
7225
7171
7260
7148
7431
7404
7147
7258
7189
7395
7187
7396
7242
7204
7369
7331
7295
7271
7437
7413
7217
7280
7308
7409
7423
7276
7305
7399
7297
7380
7391
7162
7163
7445
7430
7250
7240
7411
7282
7455
7406
7355
7360
7348
7324
7388
7389
7179
7362
7415
7473
7297
7308
7339
7455
7390
7310
7313
7196
7456
7431
7475
7452
7470
7400
7372
7462
7223
7444
7383
7354
7415
7288
7396
7378
7431
7238
7261
7300
7428
7449
7435
7274
7324
7373
7230
7410
7469
7455
7223
7387
7463
7254
7299
7391
7398
7232
7380
7304
7308
7523
7525
7292
7434
7303
7363
7507
7281
7252
7392
7379
7243
7369
7431
7432
7332
7450
7269
7386
7298
7438
7450
7270
7549
7490
7480
7512
7384
7485
7497
7532
7551
7298
7431
7336
7510
7363
7549
7505
7373
7422
7293
7317
7439
7386
7514
7562
7287
7393
7512
7550
7466
7290
7561
7468
7369
7571
7494
7510
7360
7479
7522
7437
7508
7321
7391
7412
7485
7497
7393
7491
7305
7411
7568
7431
7535
7552
7326
7497
7402
7509
7560
7531
7319
7517
7447
7605
7602
7602
7373
7420
7367
7581
7394
7523
7558
7591
7481
7467
7585
7334
7391
7569
7426
7413
7371
7585
7547
7372
7398
7552
7543
7442
7496
7632
7590
7361
7384
7356
7608
7641
3563
3588
3767
3146
3132
3142
3063
3326
3752
3354
3569
3513
2968
3011
3168
2935
3127
3168
3513
3321
3472
3414
3289
3800
3867
3759
2901
2921
3871
3468
3138
3777
3618
2978
3340
3095
3438
3824
3640
3122
3102
3641
3283
3281
3159
3208
3026
3166
3401
3623
3635
2898
3763
3665
3326
2984
3288
3028
3027
3830
3326
3325
3824
3175
3600
3275
2885
3514
3778
2967
2891
3312
3859
3516
3189
3824
3290
3778
3836
3652
3049
3138
3242
3014
3073
3395
2942
3721
3179
3601
3239
3682
3249
3858
3657
3595
3775
2933
3104
3475
3871
3226
3484
3531
3484
3097
3424
3677
3761
3207
3182
3351
3198
3652
3729
3741
3110
2934
3778
3658
3868
3706
3544
3524
3186
3455
2961
3088
3877
2938
3448
3749
3506
2946
3647
3021
3422
2937
3588
3188
3446
3212
3432
3843
3532
3727
3159
2910
2913
3512
2927
3486
3470
3814
3812
3095
3278
3486
3565
3289
3893
3451
2976
3792
3668
3132
3768
3637
3119
3840
3483
3744
3627
3272
3257
3565
3002
3491
3322
2907
2954
2983
3363
3718
3891
3756
3408
3075
3011
3507
3759
3848
3879
3042
3097
3376
3079
3447
3760
3786
2918
3794
3446
3264
3502
3197
3677
3176
3288
3013
3328
2932
3137
3116
3018
3336
3556
3450
3535
3013
3720
2932
2998
3385
3097
3723
3054
3607
3846
3064
3913
2926
3070
3904
3230
3476
3057
3815
3523
3373
3202
3104
3333
3471
3713
2945
3613
3448
3571
2951
3849
3507
3041
2984
3890
3830
3521
3184
2973
3342
3558
3852
3028
3884
3486
3841
3349
3868
3357
3600
3541
3521
3744
3387
3662
3397
3275
3285
3177
3022
3870
3137
2976
3863
2953
3909
3109
3090
3298
3297
3589
3911
2948
3434
3811
3911
3805
3144
3627
3443
3294
3242
3587
3292
3465
3146
3623
3516
3521
3706
3028
3111
3687
3487
3799
3153
3608
3763
3535
3797
3250
3487
3033
3289
3216
3861
3828
3394
3486
3201
3561
3672
3369
3522
3188
3556
3936
3734
3339
3325
3253
3529
7837
7918
7918
7783
7738
7977
7733
7898
7950
7858
7915
7807
7896
7799
7781
7992
7784
7721
7839
7824
7754
7927
7957
8000
7932
7815
7806
7792
7961
7929
7827
7939
7998
7740
7929
7902
7842
7780
7964
7733
7855
7846
7972
8025
7998
7912
7809
7934
7797
7953
7894
8020
7986
7767
7846
7986
7917
7909
7967
8049
8017
8016
7963
7983
8000
7808
7979
7896
8024
7893
7875
8021
7887
7856
7845
8036
7892
7854
7920
7876
7870
8037
7993
7963
7815
7952
7901
7992
7997
7951
8063
7788
7928
8020
7836
7901
7983
8002
8027
7836
8063
7871
7854
8023
7927
8057
7874
8065
7861
7986
8033
8069
7996
7828
7808
7884
7850
8064
7960
7896
8014
7921
7817
7936
7923
7825
7944
7908
7885
8075
7893
8085
7927
7952
7890
7858
7841
8107
7952
8110
8033
8013
8130
8024
7915
7922
8050
7901
7923
8069
8108
7862
8085
7987
8028
8051
7978
7927
7934
7957
7926
8030
8034
8054
8011
7926
7952
8034
7949
8136
8042
8002
8138
8100
7997
8130
8104
8044
8126
8097
8132
7892
7898
8020
7889
8093
8046
8110
8005
8159
8129
7931
8012
8032
7918
7886
7917
8101
8027
8070
7994
8017
8147
8038
8058
7927
8080
8092
8118
8091
8003
8150
7950
8163
7994
8161
8046
8087
8039
8173
7986
8095
8195
8145
7982
8035
8149
8125
3458
3516
3864
3690
3072
3983
3722
3050
3119
3083
3119
3567
3027
3711
3794
3445
3068
3645
3059
3824
3385
3379
3144
3922
3539
3375
3208
3416
3745
3966
3212
3233
3857
3300
3977
3810
3382
3171
3988
3968
3298
3788
3569
3402
3471
3199
3297
3296
3024
3738
3642
3329
3811
3096
3649
3084
3493
3071
3199
3346
3902
3895
3969
3221
3195
3403
3632
3847
3203
3538
3830
3716
3212
3451
3234
3168
3775
3499
3246
3733
3320
3888
3605
3790
3784
3669
3572
3051
3345
3942
3647
3124
3178
3400
3182
3945
3765
3197
3522
3124
3731
3046
3071
3419
3190
3876
3789
3099
3329
3929
3446
3638
3134
3776
3577
3295
3492
4000
3926
3942
3243
3137
3694
3838
3372
3834
3870
3849
3198
3295
3850
3544
3455
3423
3073
4005
3813
3383
3914
3760
3442
3038
3754
4004
3118
3494
3014
3759
3880
3378
3861
3500
3218
3134
3862
3618
3851
3161
3598
3846
3870
3848
3148
3890
3319
3948
3245
3026
3342
3842
3814
3781
3340
3366
3406
3458
3578
3447
3705
3974
3471
3553
3368
3676
3669
3139
3531
3044
3659
3352
3395
3424
3141
3123
3546
3653
3490
4017
3696
4019
3530
3356
3656
3260
3622
3328
3552
3148
3770
3434
3094
3365
3692
4004
3406
3441
3158
3237
3435
3066
3169
3686
3612
3857
3934
8388
8292
8315
8334
8324
8247
8215
8337
8394
8323
8235
8415
8349
8212
8253
8221
8353
8242
8290
8441
8175
8234
8415
8313
8304
8229
8171
8426
8282
8351
8357
8225
8392
8179
8338
8398
8234
8357
8377
8309
8327
8326
8328
8310
8311
8260
8215
8368
8229
8456
8251
8260
8400
8407
3098
3115
3500
3981
3630
3344
3435
3363
3500
3086
3099
3819
3696
3848
3833
3647
3512
3561
4036
3785
3622
3848
3529
3542
3764
3205
3502
3555
3296
3377
3403
4046
3625
3877
3748
3379
3715
3854
3392
3606
3322
3763
3569
3942
3321
3420
3865
4026
4046
3513
3728
4044
3290
3262
3357
3819
3074
3116
3924
3216
3068
3121
3842
3278
3145
3581
3863
3487
3153
3471
3185
3374
3372
3523
3877
3807
3893
3549
3288
3741
3770
3481
3768
3426
3319
3070
3530
3613
3882
3177
3473
3098
3759
3121
3477
3452
3453
3528
3828
3288
3897
3466
3694
3146
3721
3710
3064
3407
3462
3711
3805
3920
3149
3177
3913
3287
3455
3721
3624
3933
3997
3579
3268
3241
3609
3621
3309
3265
3938
3969
3422
4001
3749
3250
3649
3760
3423
3545
3213
3289
3934
3663
3821
3633
3793
4024
3185
3140
3647
3183
3739
3348
3323
3206
3410
3651
3559
3660
4007
3841
3212
3515
3426
3327
3861
3975
3996
3811
3724
3288
3199
4073
3124
3264
3856
3345
3515
3652
3907
3906
3505
3387
3254
3814
3161
3309
3765
3407
3557
3121
3217
3656
3344
3935
3993
3615
3799
4038
3812
3755
3664
3178
3118
3951
3880
3763
3433
3385
8661
8449
8486
8698
8469
8668
8607
8685
8417
8513
8665
8509
8473
8460
8559
8490
8500
8499
8500
8724
8720
8627
8547
8543
8462
8715
8607
8475
8694
8608
8713
8679
8445
8525
8489
8641
8565
8532
8494
8676
8453
8479
8664
8651
8471
8540
8483
8545
8718
8714
8564
8673
8600
8478
8602
8700
8597
8707
8500
8704
8739
8584
8550
8517
8677
8472
8700
8629
8576
8736
8548
8580
8624
8561
8758
8592
8543
8748
8507
8716
8504
8638
8738
8507
8783
8497
8698
8668
8511
8641
8503
8638
8527
8790
8601
8654
8597
8536
8571
8633
8794
8763
8521
8605
8556
8634
8774
8564
8519
8675
8757
8732
8705
8757
8715
8811
8683
8576
8569
8546
8740
8798
8680
8757
8815
8540
8685
8642
8705
8727
8732
8696
8613
8673
8613
8543
8621
8785
8766
8765
8624
8757
8592
8717
8713
8601
8670
8766
8842
8623
8727
8664
8582
8671
8623
8739
8649
8859
8609
8844
8748
8575
8612
8805
8812
8818
8723
8629
8747
8680
8661
8781
8694
8630
8583
8841
8690
8692
8795
8682
8713
8800
8829
8676
8750
8858
8820
8790
8816
8752
8680
8770
8694
8664
8795
8898
8706
8838
8725
8802
8629
8758
8770
8656
8659
8610
8761
8725
8620
8771
8879
8718
8789
8639
8869
8650
8861
8884
8903
8751
8785
8766
8802
8718
8740
8831
8815
8846
8789
8665
8688
8768
8638
8678
8761
8926
8889
8770
8770
8738
8867
8847
8860
8788
8738
8846
8917
8749
8822
8723
8824
8709
8730
8693
8872
8847
8699
8708
8802
8724
8832
8875
8710
8785
8686
8887
8702
8678
8850
8880
8772
8843
8700
8685
8862
8758
8723
8695
8783
8892
8985
8838
8855
8745
8988
8783
8827
8858
8820
8761
8901
8980
8880
8748
8989
8806
8718
8772
8981
8916
8832
8774
8892
8882
8801
8712
8850
8758
8851
8949
8909
8895
8887
8947
8928
8791
8796
8791
8807
8831
8761
8760
8964
9016
8979
8961
8954
8774
9006
8777
9028
8822
8840
8759
8817
8801
8868
8869
8965
8749
8845
8974
8943
8840
8960
8927
9033
9041
9027
8847
9045
8947
8953
8994
8761
8855
9027
8945
8823
9003
8941
8917
9059
8994
8907
8827
9004
8811
8794
9041
9028
8791
8975
9053
9065
8840
8897
9053
9054
8902
8848
8920
8903
8991
8959
9081
8866
8876
8829
8948
8899
9011
8935
8893
9005
9047
8971
8936
8897
8827
8889
8926
9076
8859
9038
9076
8882
8960
9001
8899
8931
9112
8937
8970
9065
8957
9096
9062
9065
9070
9081
9093
8887
8850
9091
9079
8939
9033
8943
9004
3931
3292
4109
4117
4155
3976
3399
3726
3284
3229
4128
4155
3354
3287
3752
3962
3271
3758
3173
3823
3292
3608
3558
3942
3871
3625
3630
3262
3512
4110
3283
3608
3258
3646
4026
3812
3711
3919
3297
3910
3639
4005
4056
3893
3930
4034
3380
3580
3917
3515
3587
3646
3344
4129
3290
3405
3465
3415
3574
3479
3242
3219
4023
3389
3384
3520
3918
3351
3188
3222
3992
3657
3744
3619
3506
4017
3390
4151
3860
4171
3381
3341
3557
3289
3394
3816
3393
3818
3892
3900
3467
4143
4050
3626
3507
3643
3731
3313
3931
3749
3599
3312
3871
3388
3952
3623
3661
3512
3723
3783
3401
3641
3601
4120
4077
3697
3598
3428
3291
3631
3256
3403
3578
3457
3529
3915
4140
3680
3819
3726
3940
4114
4105
3986
3496
3673
4041
3642
3778
3352
4001
4085
3264
3535
3223
3450
3970
3603
3424
3735
3263
3609
3419
3949
4149
3598
3659
3579
3762
4185
3338
3266
4117
3522
3630
3869
3223
3635
3914
4051
3836
3891
3271
4132
3761
3240
3361
4181
3994
3499
3298
3726
4170
4102
3923
3345
3217
3426
3270
3801
4147
3937
3551
4028
3226
4139
3794
3922
3269
3896
3969
4078
3478
3357
3476
3331
3680
3981
3671
4034
4190
3951
4166
3532
3811
4192
4029
3565
3800
3471
3493
3249
3809
4140
3884
3573
3539
3778
4191
4195
4020
3491
3509
3378
3400
4205
3742
4165
3540
3504
3936
3493
3371
3295
3958
4137
3806
3801
3328
3351
3866
4116
3261
3284
3377
3901
3747
3253
3740
4195
3917
4057
3475
3886
3611
4017
3846
4088
3985
3885
3627
3713
3778
3482
3780
3704
4171
4025
4065
4063
3598
3571
3912
4190
3926
3764
3719
3397
3657
3369
3922
3951
3282
3822
3391
4222
4225
4159
3922
3314
4042
4046
3655
3842
3874
3487
3821
4011
3768
9357
9330
9217
9297
9215
9216
9232
9388
3919
3986
3631
3818
4209
3241
3964
3827
4063
3896
4114
3977
3890
3876
3592
3497
3309
3981
3741
3808
3669
3451
3699
4220
4230
3677
4230
3925
3656
4220
4032
4028
4217
3425
3935
3260
3367
3416
3534
4078
3730
3330
4052
3835
3433
3953
3403
3771
3945
3784
3376
3588
4093
3915
3646
3733
3605
3496
4229
3699
3837
3479
3846
4157
3830
3413
3975
4133
3651
3853
3536
4230
3845
3437
3798
3645
3363
3514
4130
3764
3881
3957
3687
3644
3632
3807
4223
3679
3708
4061
3794
3476
3384
3736
3257
3306
3645
4071
4129
3292
3313
3938
3534
3583
3319
3777
3977
3701
3776
3697
4006
3509
3782
4194
3626
3843
3757
4018
4076
3290
3849
3463
3440
4172
3307
3513
3937
3879
3694
3505
3277
4167
3344
3969
3388
3827
3342
4048
3891
4107
3599
9448
9584
9595
9457
9378
9489
9343
9478
9542
9572
9476
9348
9372
9467
9547
9500
9320
9357
9462
9350
9582
9595
9488
9495
9547
9492
9459
9469
9513
9495
9368
9474
9485
9339
9568
9494
9359
9371
9528
9357
9388
9524
9494
9497
9555
9364
9407
9580
9511
9385
9529
9539
9557
9532
9570
9447
9518
9432
9595
9612
9600
9517
9428
9456
9363
9427
9570
9466
9465
9459
9534
9369
9575
9544
9615
9546
9408
9626
9635
9442
9629
9434
9517
9484
9598
9414
9573
9398
9461
9476
9522
9509
9472
9438
9465
9648
9501
9455
9546
9660
9397
9612
9679
9543
9497
9676
9668
9505
9687
9492
9623
9592
9648
9687
9539
9522
9472
9549
9658
9447
9501
9643
9661
9492
9437
9547
9640
9500
9648
9611
9597
9466
9507
9502
9442
9464
9472
9529
9656
9730
9516
9647
9560
9535
9448
9531
9685
9722
9457
9522
9644
9741
9730
9566
9549
9511
9685
9645
9737
9521
9576
9532
9608
9553
9733
9609
9656
9593
9692
9674
9751
9527
9721
9733
9718
9529
9674
9645
9728
9494
9603
9527
9752
9515
9558
9759
9614
9495
9671
9649
9630
9635
9694
9621
9595
9655
9492
9769
9751
9634
9522
9773
9505
9496
9673
9558
9656
9528
9502
9699
9700
9505
9757
9733
9642
9744
9666
9793
9743
9513
9595
9764
9521
9815
9614
9601
9765
9593
9637
9619
9634
9794
9751
9667
9719
9777
9718
9649
9794
9795
9578
9576
9774
9738
9654
9606
9563
9802
9546
9829
9778
9628
9810
9694
9829
9607
9738
9709
9577
9649
9759
9564
9630
9701
9603
9713
9701
9737
9646
9796
9730
9732
9863
9601
9644
9759
9760
9841
9609
9829
9603
9706
9708
9595
9788
9798
9875
9610
9851
9640
9771
9809
9737
9883
9601
9702
9659
9756
9874
9714
9770
9872
9818
9677
9717
9864
9623
9654
9733
9610
9807
9712
9742
9726
9612
9759
9730
9789
9823
9843
9637
9775
9630
9869
9725
9863
9819
9818
9692
9892
9921
9786
9852
9780
9831
9872
9730
9855
9682
9850
9662
9663
9861
9737
9697
9645
9793
9911
9646
9778
9770
9744
9895
9931
9815
9816
9945
9775
9673
9836
9859
9792
9923
9882
9890
9761
9879
9842
9673
9853
9814
9674
9907
9671
9943
9774
9730
9889
9927
9823
9902
9694
9933
9738
9734
9731
9720
4257
4131
4155
4035
3555
3899
4305
3543
3778
3840
4196
3751
4094
3407
3711
4149
3351
3465
3949
3446
3775
3976
4072
4064
3773
3827
3364
3901
3875
3458
3565
3929
4188
3680
3992
4197
3872
3651
3470
4084
3931
3892
4206
3692
3787
3396
4095
4076
4230
3614
4024
4266
3552
3604
4020
3455
4088
3731
3633
3423
4195
3660
4188
3996
3751
3542
3884
3381
4274
4346
3436
3388
4195
3677
3740
3632
3777
3352
3606
3517
4234
3395
3995
3826
3377
4287
3661
3497
4142
4322
3608
3375
3451
3636
4182
3722
4047
3471
3976
3365
3596
3498
4021
4052
4297
3722
4278
4296
3501
3515
4255
4203
3363
4122
3664
3733
4167
3559
3407
3575
3802
3656
3657
4251
4013
3813
3815
3658
4083
4194
3930
4359
3532
4084
3613
3432
3589
3851
3456
3802
3473
4144
3685
4102
3461
3841
4193
3664
4090
3962
3465
3873
4052
4022
4042
3736
4314
4125
4308
3592
4076
3669
3527
3678
3898
3764
3843
3699
3551
4292
3383
3457
3782
3890
3429
3666
4115
4287
3564
3911
3645
4044
3538
4101
4197
3835
3951
3908
4013
3481
4211
3427
3904
3784
3648
4069
4277
3942
3516
3918
3855
3482
4300
3448
3673
4366
4086
3458
3711
3864
3401
4367
3512
3874
3622
3956
3390
3830
4127
3884
4226
3705
4053
3838
3925
3842
3896
3582
3490
4344
3885
3731
3677
3616
4149
3403
4005
4120
3445
3870
3398
3767
3569
3900
4035
3711
3645
4057
3508
4090
4169
3507
4122
4116
10087
10186
10196
10077
10193
9990
10192
9993
9973
10198
10103
10193
10026
10215
10240
10032
10169
10103
10078
10116
10156
10099
10100
10208
10107
10096
10084
10040
10226
10033
10141
10120
10047
10059
10074
9988
10081
10133
10218
10100
10013
10130
10230
10119
10043
10221
10179
10005
10032
10104
10177
10259
10012
10124
10004
10134
10174
10141
10079
10192
9996
10057
10278
10126
10189
10224
10074
10282
10265
10052
10281
10114
10137
10201
10161
10290
10153
10308
10101
10180
10093
10270
10098
10173
10256
10228
10067
10175
10252
10283
10103
10175
10225
10230
10141
10109
10107
10138
10218
10245
10255
10272
10297
10099
10156
10196
10163
3952
4027
3686
4355
4174
4064
4112
4129
3439
3588
3816
4182
4340
4281
3672
3806
3586
4058
4077
4049
3836
4255
4024
4266
4348
4365
4071
4365
3982
4402
4101
3666
4172
4153
3927
4119
3433
3767
3678
3807
3925
3492
3648
3417
4015
4170
3925
3829
4111
3617
3877
4389
3449
3460
4175
4184
3643
4161
4363
4368
3924
4362
4248
4309
3979
4041
4361
4172
3537
3980
3486
4062
4403
3518
3539
3817
4170
3544
4321
3504
3461
3880
3882
4184
4356
3479
4039
3429
3852
4106
4025
3985
4322
3704
4115
3979
3772
3747
4396
3458
3617
3781
3963
3471
4370
3702
4379
3551
3872
4227
3714
3569
3805
4161
4227
3553
4064
3680
3512
3531
3850
4270
3724
3971
3982
3802
4287
3672
3649
4007
4370
4131
3681
4409
3983
4168
4370
3996
3751
3858
4400
3454
3678
3529
4079
4381
4295
4034
4225
3570
3525
3946
4379
4234
4042
3536
4415
3644
3442
3886
4235
4321
4156
3637
3888
3998
4288
3584
3656
3695
3479
3938
4144
4173
3637
4223
3695
4135
4092
3897
4004
3849
4023
3828
3716
3742
4101
3574
4327
3516
4425
4163
3592
4300
3529
3787
3524
4064
3537
3546
3535
3764
4349
3846
4204
3520
4132
4250
3789
3986
3838
4319
3728
3745
4049
4299
3740
3595
3771
4394
4325
3837
4342
4305
4312
3654
3456
3892
3596
4425
3843
3735
3990
4281
3888
4436
3836
4088
4223
4155
4223
3701
4300
4026
4395
3856
3632
3841
3469
3471
3731
4324
3613
3463
3737
3630
4107
4420
4080
4243
3801
3722
3948
4441
3627
3485
3888
4353
3818
4439
4401
3989
3717
4328
4074
4454
3765
3517
3554
3739
4076
3832
3585
3972
3761
4387
4365
4270
4267
4401
3677
3511
4393
4014
3754
4413
4466
3842
4465
4101
3827
3514
4020
3750
4321
4272
3471
4051
4398
4135
4407
3510
4315
3537
3657
4450
3811
4002
4432
3646
3660
4405
3778
3831
4193
4442
4194
3547
3769
4443
4173
3896
3674
3663
4272
3709
4302
3647
3520
4114
3626
4370
4220
4101
3900
3954
3621
4175
3730
3484
4099
3984
4382
3513
3830
4056
4466
4414
4030
4036
4429
4306
4287
4014
4028
3735
4321
4365
3895
3494
4116
3935
3501
10502
10530
10447
10526
10620
10536
10548
10644
10529
10719
10621
10477
10667
10664
10562
10566
10453
10709
10553
10545
10552
10559
10615
10518
10552
10537
10537
10453
10518
10495
10636
10607
10604
10478
10616
10490
10741
10607
10540
10604
10708
10498
10483
10614
10474
10633
10737
10601
10483
10738
10652
10708
10728
10669
10759
10589
10666
10679
10520
10612
10656
10767
10757
10628
10621
10760
10540
10615
10751
10612
10492
10733
10760
10584
10615
10556
10743
10789
10519
10639
10721
10726
10499
10672
10729
10768
10778
10759
10580
10639
10519
10776
10780
10690
10667
10613
10608
10740
10533
10692
10739
10536
10679
10810
10746
10609
10678
10808
10614
10608
10564
10544
10796
10581
10801
10537
10560
10558
10813
10539
10764
10648
10832
10701
10648
10825
10739
10810
10774
10561
10745
10565
10584
10645
10823
10831
10706
10687
10610
10840
10611
10578
10714
10746
10562
10647
10639
10841
10648
10785
10692
10598
10772
10766
10756
10792
10786
10657
10771
10775
10779
10595
10610
10581
10614
10802
10621
10624
10874
10821
10790
10835
10591
10833
10803
10802
10682
10778
10786
10803
10735
10741
10895
10782
10862
10718
10713
10620
10662
10733
10833
10686
10747
10830
10675
10673
10862
10657
10632
10762
10829
10661
10737
10815
10835
10918
10839
10718
10892
10715
10683
10735
10734
10633
10900
10766
10919
10865
10804
10869
10916
10649
10714
10792
10896
10714
10747
10857
10867
10649
10784
10717
10806
10653
10939
10941
10795
10889
10828
10764
10948
10944
10723
10765
3753
4505
4181
3609
3853
3760
4116
4110
3626
4153
4135
3898
3675
3973
3576
3678
4325
3819
4094
3878
4023
4357
3627
4280
4370
3780
3640
4202
4134
4493
3698
4239
3788
4260
3540
3555
3917
4514
4112
3910
3599
4106
4516
3760
4402
3590
3618
4388
4306
4426
4170
4445
4533
3758
3946
4359
3948
3690
3621
3904
4287
4225
4114
3778
3677
3738
3997
4413
3593
3819
3948
4542
4389
3563
4230
4486
3736
3990
4139
4115
3847
3798
3804
4234
4480
4072
3560
4165
3564
3621
4121
3672
4112
4471
4116
4181
4139
3722
3873
3670
4197
3845
3839
4473
4050
4052
4483
4326
4161
4438
4221
3649
4331
4041
4240
3738
4044
4219
3575
3707
3742
4381
3638
4418
3806
4279
4144
4020
3650
4253
4329
3781
3842
3853
4444
4032
3885
4260
4018
4434
4248
4149
4347
4436
3600
3772
3800
3782
3833
10877
10926
10878
10935
10856
11108
10919
10830
11092
10886
10848
10867
11023
10946
10939
10913
11011
11029
11083
10844
10957
10835
11013
10895
10881
10935
10954
10846
11021
10954
10984
11088
10973
11058
10945
11082
11124
11084
10925
11070
11053
10920
10980
11003
10977
11118
10919
11085
11125
11115
10924
10996
10929
10959
11017
10870
10892
11113
11141
11106
10938
10935
10920
11154
10913
11157
10978
10993
11147
11146
10947
10890
10916
11046
11039
10954
10902
10997
10994
11032
11103
11187
10953
11157
11007
11130
10960
10988
10930
11139
11143
11077
10990
11196
11196
11052
10953
10919
10991
11134
11203
11129
11047
11190
11035
11126
11159
11054
11105
11070
10923
11019
11190
10995
10991
11105
11079
11113
11157
10959
11076
10932
11099
11005
10984
11017
11005
11178
11223
11152
11044
11196
10959
11216
11033
11086
11229
11082
10959
10971
11212
11010
11037
10995
11029
11011
10953
11012
11184
10982
11130
11136
11170
11129
11080
10967
10967
11075
10988
11074
11096
11103
11231
11178
11078
11205
11218
11248
11033
11141
11158
11228
11235
11205
10990
11010
11111
11162
11044
11110
11107
11264
11135
11166
11166
11231
11090
11065
11062
11026
11124
11065
11233
11004
11070
11247
11222
11189
11296
11168
11204
11107
11141
11237
11291
11215
11145
11215
11126
11253
11063
11316
11148
11144
11060
11236
11110
11026
11152
11306
11101
11089
11103
11141
11033
11132
11325
11319
11154
11310
11156
11243
11069
11169
11257
11101
11167
11285
11048
11224
11231
11334
11123
11262
11262
11132
11208
11149
11295
11325
11108
11320
11279
11234
11120
11210
11179
11237
11231
11273
11201
11089
11302
11260
11264
11261
11087
11207
11249
11081
11315
11247
11320
11311
11206
11247
11194
11181
11187
11320
11164
11269
11179
11383
11211
11318
11218
11372
11353
11250
11175
11101
11254
11204
11377
11199
11278
11180
11285
11151
11282
11188
11344
11252
11341
11369
11211
11403
11328
11403
11199
11378
11206
11158
11186
11209
11370
11381
11235
11313
11155
11285
11355
11273
11379
11276
11425
11210
11223
11213
11195
11325
11144
11241
11211
11431
11202
11310
11175
11226
11436
11404
11298
11274
11436
11403
11413
11272
11238
11295
11378
11453
11169
11263
11436
11400
11232
11462
11459
11351
11237
11398
11209
11302
11437
11194
11196
11248
11259
11406
11243
11388
11289
11362
11226
11429
11341
11354
11450
11366
11417
11234
11332
11304
11389
11437
11370
11436
11461
11199
11489
11405
11372
11256
11459
11243
11322
11364
11353
11387
11458
11234
11489
11385
11488
11271
11269
11414
11356
11323
11345
11330
11233
11364
11411
11329
11473
11514
11428
11324
11253
11467
11367
11358
11511
11317
11392
11355
11296
11379
11304
11330
11440
11358
11315
11531
11340
11422
11443
11249
11263
11285
11481
11420
11306
11448
11526
11363
11452
11464
11297
11305
11398
11263
11303
11343
11374
11324
11398
11557
11458
11359
11376
11531
11369
11501
11301
11310
11362
11445
11300
11566
11432
11400
11486
11324
11348
11284
11570
11312
11550
11513
11534
11508
11363
11384
11546
11306
11358
11593
11322
11418
11433
11547
11435
11429
11426
3883
3942
4137
3882
3799
3818
4340
4158
3866
4093
4153
3771
4074
3704
3758
3868
3839
4055
4445
3820
4651
4554
4390
4500
4448
4445
4319
4029
3701
4521
3927
4334
4499
4208
4202
4201
4178
4286
4612
4442
4265
4375
3797
3756
4363
4163
3995
4141
4056
3701
4479
3690
3892
3899
4032
3862
4390
4200
3839
4325
4349
4440
3716
4568
4569
4378
4491
4463
4551
3910
4579
4498
4339
4343
3773
4629
3746
4409
4026
4603
3780
4417
4442
3968
4012
3694
3935
3986
4344
3721
4011
4261
4505
4646
3890
4540
4508
3856
4568
4432
3806
4366
3980
4119
3954
4248
4366
4301
4203
4061
4328
4672
4175
4429
3778
3828
4295
4497
4284
4246
3698
4568
3894
4474
4319
3896
4183
3996
4047
4154
4290
4473
4630
3964
4146
4352
4644
3813
4594
4578
4075
4416
4393
4359
3894
3953
3903
3888
4533
4010
4218
3748
4154
4162
4074
3843
3923
4363
4626
4579
4468
4549
4119
4431
4011
3896
4044
3956
4490
3879
4382
4382
3988
4327
3987
4452
3953
4245
3921
4342
4303
4373
4233
3924
4642
4657
3821
4422
4540
3831
3978
4223
4575
4106
4187
4355
4545
4614
3721
4250
4244
3959
4641
4693
3751
4448
3814
3963
3763
3820
4089
3848
4449
4012
3749
4291
4608
3963
3987
4287
3983
3911
4677
4344
4276
4383
4699
4160
4042
3973
4288
4335
3927
4331
4269
4703
4596
4200
3995
4350
4618
4486
4207
4704
4019
3969
3972
4402
4617
3907
4457
3907
4300
4314
4503
3905
4041
3798
4300
4093
3745
4424
3721
4388
4147
4069
4005
4404
4108
3935
3950
3983
4068
4058
4652
3774
3758
4618
4580
4587
4212
3726
4398
4255
3869
3874
3989
4687
4717
4338
3852
3895
3866
3890
4148
4176
4095
4261
4002
4163
4374
4415
4445
4650
4600
4656
4546
4068
4222
4661
3997
4712
3912
3958
3820
4202
4302
4507
4702
4012
4218
4127
3899
3831
3876
4176
3779
4188
3887
4582
4317
4537
3948
3893
4332
3973
4230
3995
4291
4065
11670
11937
11872
11798
11943
11816
11829
11772
11774
11679
11883
11659
11783
11718
11766
11808
11948
11787
11803
11875
11743
11900
11896
11918
11944
11753
11861
11684
11939
11689
11699
11798
11882
11701
11809
11724
11777
11831
11903
11920
11860
11775
11841
11762
11793
11900
11722
11925
11712
11828
11900
11781
11723
11918
11945
11998
11786
11899
11855
11837
11936
11813
11728
11981
11963
11772
11865
11733
11739
11840
11998
11791
11823
11805
11964
11956
11968
11808
11740
11751
11835
11842
11911
12010
11978
11804
11837
11826
11820
11913
11814
11970
11743
11854
11873
11937
11890
11767
11829
11756
11822
11970
11939
11893
11998
11969
11969
11877
11814
11806
11999
11949
12036
11824
12054
12003
11765
11977
11835
11765
11979
12022
11990
4686
4276
4533
3807
4269
4661
4526
4421
3981
3808
4195
4324
4231
4599
4121
4204
4409
4671
4358
3774
4710
4645
3841
3941
4122
3924
4422
4015
3894
3819
4465
4252
3847
4539
3915
3987
4613
4283
4485
3903
3832
4218
4325
4640
4668
4504
4461
4720
4676
4723
4189
4345
4653
4211
4519
4492
4016
4351
4514
4286
3976
4312
4440
4473
4420
4156
4633
4420
4445
3912
4185
4258
3877
4211
4073
4342
4491
4488
3952
4639
4234
4623
3834
4063
4479
4574
4768
4005
4556
4410
4298
3833
3944
3796
4050
4242
4164
4633
4632
4686
4207
4683
4404
4541
4708
4616
4455
4657
3997
3867
3848
4224
4434
3990
4171
4021
4593
4055
4457
4072
4125
4399
3864
4152
4078
3990
4492
4139
4676
4531
4526
4007
4002
4427
4590
4163
4250
3914
4293
3966
4093
4124
4738
4559
4623
3801
3950
4468
4642
4477
4144
3819
4020
4213
4108
4090
3843
4432
4512
4710
4299
4760
3923
4095
4594
4760
4046
4061
4249
4476
4752
4324
4068
4203
4604
4687
4737
4687
3899
4346
4733
4648
4770
4214
4677
4315
3842
4547
4563
3882
4231
4719
4361
4291
3803
4399
4008
4606
4557
4569
4181
4670
4355
4088
4201
4219
4292
4167
3935
4763
3964
4437
4024
4258
3859
4462
4334
4413
4459
4421
4652
4427
4519
4630
4539
4307
4464
3920
3978
4605
4120
4477
4041
4231
4601
3881
4699
4365
3928
4463
4532
4181
4320
4356
4563
4703
3937
4391
4632
3995
3831
4320
4344
4342
3877
4114
4278
3847
4011
4129
4006
4572
4100
4118
4266
4499
4192
4749
4338
4260
4529
3903
4756
4084
4392
4498
4735
4465
4020
4348
4574
4565
4483
4578
4505
4285
4148
4006
4751
4364
3931
4452
4338
4169
4156
4573
4021
4243
4725
4529
3898
4400
4688
4384
3835
4552
4245
4031
4452
4139
4424
4066
4702
4687
4791
4026
4224
3958
3825
4557
3977
4508
3995
4104
4667
4432
4247
4405
4546
4749
4141
4446
4407
3999
4738
4018
4314
4356
4040
3832
4694
4008
3907
3972
4594
3930
4651
3974
4051
3962
4191
4618
3856
4585
4474
4171
3970
4368
4643
3896
4727
4487
4364
4529
3965
3858
4121
3976
4033
4178
4716
3931
4198
4599
3952
12276
12354
12267
12372
12388
12246
12418
12395
12238
12363
12386
12363
12368
12287
12424
12321
12455
12420
12205
12421
12422
12316
12234
12414
12385
12280
12436
12248
12415
12403
12325
12453
12208
12303
12303
12308
12222
12199
12310
12427
12275
12451
12483
12301
12295
12441
12449
12464
12226
12234
12461
12221
12441
12322
12326
12297
12441
12302
12298
12309
12279
12414
12347
12306
12435
12470
12239
12318
12357
12313
12234
12327
12269
12420
12339
12257
12259
12484
12294
12433
12444
12262
12510
12371
12311
12498
12356
12395
12489
12458
12504
12480
12409
12291
12468
12518
12327
12454
12383
12524
12421
12319
12294
12528
12248
12279
12519
12523
12257
12481
12442
12316
12419
12258
12278
12402
12433
12459
12509
12363
12449
12466
12439
12381
12338
12404
12488
12353
12491
12360
12509
12443
12515
12448
12374
12466
12576
12407
12338
12313
12453
12518
12366
12377
12374
12374
12446
12335
12541
12531
12328
12393
12417
12569
12358
12404
12321
12410
12436
12461
12480
12439
12513
12438
12343
12584
12435
12381
12438
12404
12474
12560
12398
12466
12555
12436
12412
12348
12598
12590
12387
12408
12405
12424
12436
12437
12590
12516
12387
12391
12601
12335
12426
12528
12558
12437
12525
12532
12442
12396
12428
12576
12574
12347
12562
12488
12522
12443
12400
12520
12641
12474
12559
12539
12543
12618
12563
12472
12449
12398
12388
12595
12471
12628
12662
12377
12513
12403
12481
12392
12401
12383
12546
12414
12665
12588
12655
12475
12635
12501
12521
12386
12556
12544
12612
12436
12424
12680
12666
12531
12670
12578
12438
12555
12616
12549
12588
12427
12533
12457
12647
12652
12667
12468
12590
12671
12655
12440
12633
12544
12676
12677
12431
12663
12534
12631
12637
12580
12624
12580
12463
12504
12541
12691
12681
12580
12568
12637
12631
12684
12491
12434
12658
12523
12589
12500
12488
12592
12486
12564
12740
12654
12702
12547
12655
12526
12613
12525
12632
12732
12598
12580
12722
12480
12665
12690
12523
12551
12740
12739
12730
12589
12477
12659
12705
12477
12519
12504
12693
12522
12511
12588
12546
12773
12616
12653
12777
12645
12562
12587
12589
12751
12521
12626
12680
12604
12516
12583
12755
12654
12774
12760
12663
12699
12793
12536
12585
12733
12630
12667
12638
12657
12531
12629
12566
12509
12749
12695
12554
12769
12672
12705
12788
12567
12657
12551
4216
4813
4003
4420
3918
4239
4145
4011
4245
4330
4484
4004
4838
4487
4460
4658
4229
4337
4514
4098
4665
4652
4778
4657
4249
4366
4515
4643
4526
4057
3942
4505
4561
4304
4210
4165
4314
4356
4249
3939
3962
4633
4874
4587
4094
4036
4522
4474
4025
4738
3972
4232
4842
4878
4360
4038
4127
4373
4369
4710
4695
4779
4281
4206
3991
4323
4907
4192
4560
3923
4514
4558
4124
4143
4193
4480
4609
4601
4863
4902
4818
4693
4404
4758
4377
4439
4742
4394
4394
4815
4202
4833
4400
4555
4304
4596
3999
4778
4475
3927
4868
4159
4695
3973
4706
4783
4148
4391
4006
4847
4711
4529
4731
4547
4540
3991
4493
4843
4602
4621
4063
4110
4217
4108
4250
4478
4474
4751
4051
4025
4165
4831
4668
4709
4230
4071
4053
4242
4047
4225
4238
4462
4857
4301
4451
4699
4376
4511
4810
4908
4049
4802
4432
4516
4697
4390
4746
4305
4624
4552
4272
4028
4561
4130
4337
4936
4470
4195
4842
4878
4890
4574
4292
4266
4025
4845
4867
4523
4102
4054
3948
4665
4360
4685
4809
4221
4521
4574
4167
4113
4835
4815
4361
4798
4115
4703
4657
4019
4616
4687
4239
4935
4547
4131
4593
4130
4214
4409
4617
4467
4864
4618
4154
4585
4230
4240
4018
3951
4178
3996
4071
4208
4354
4346
4334
4412
4917
4113
4667
4450
4831
4105
4197
4728
4249
4518
4088
3963
4063
4721
4665
4246
4676
4937
4425
4503
4496
3971
4650
4364
3959
4340
4268
4710
4848
4132
4052
4066
4781
3994
4167
4291
4903
4307
4302
4714
4534
4029
4842
4448
4237
4354
4202
4684
4355
4666
4153
4955
4148
4107
4845
4911
4033
4524
4358
4188
4030
3963
4123
3985
4809
4152
4198
4582
4075
4622
4348
4336
4351
13002
12818
12917
13033
12832
12940
13078
12917
12906
12834
13018
12955
13077
12965
13001
13011
12984
12871
12913
13020
12853
13137
13047
13084
12845
13126
13106
13126
12992
12922
13034
13112
13032
12927
12893
12908
12880
12918
13073
12902
13154
12887
12908
13124
12886
12935
13079
13096
13064
12945
13039
12988
13070
12961
13051
13111
12978
13102
13121
12930
12989
13154
12942
13024
13033
13147
12898
12915
13115
13000
12891
12958
13149
13074
13052
12976
12903
13135
13059
13102
13192
13032
13192
13004
13068
12907
13020
12965
13029
13128
13040
12910
13120
13033
13154
13084
13083
12968
12955
13004
12930
13088
13008
13143
12954
13207
13011
12970
13153
13019
13002
13205
12973
13051
13001
13033
13083
13066
12976
13062
13002
13026
13213
13234
13171
13154
13199
13006
13103
13042
13147
13191
12984
13215
13051
13045
13224
12977
13234
13016
13030
13122
13051
13218
13056
13201
13160
13039
13172
13115
13111
13039
13118
13253
13097
13000
13160
12975
13203
13178
13064
13187
13248
13270
13021
13152
13217
13247
13053
13140
13273
13075
13055
13006
13113
13213
13128
13068
13233
13121
13210
13004
13158
13253
13273
13005
13164
13208
13178
13036
13116
13244
13155
13253
13251
13256
13295
13098
13083
13254
13279
13068
13035
13085
13183
13109
13320
13218
13274
13099
13174
13235
13118
13096
13227
13298
13236
13059
13073
13090
13092
13143
13056
13226
13148
13102
13293
13307
13304
13058
13187
13218
13108
13320
13173
13304
13326
13224
13233
13183
13074
13190
13231
13104
13326
13247
13111
13175
