1696
1574
1893
1755
1733
2242
2363
2282
2475
1630
1903
2172
1547
1944
1533
1588
2490
2415
2044
1550
1920
2352
1810
1933
2090
2135
2422
2088
2270
1943
1966
1612
2436
1554
1908
2010
2019
1538
1792
2481
1636
1924
2165
2506
2364
1544
2222
2493
2041
2292
2374
1748
2161
1932
1690
2314
2057
1762
1546
1596
1910
2487
2368
2488
2412
2373
2062
2239
2131
2147
2205
2449
2363
2227
1915
2340
2358
1916
2453
2448
1806
2397
1672
1846
1694
1866
1722
1766
1992
1978
2166
2133
1583
2341
1537
1856
1533
2114
2285
2362
1747
2466
2105
2059
2066
1740
1748
1662
2245
1657
2324
2267
2197
2454
1549
1599
2496
2347
2069
1809
2103
1621
2257
1804
2330
2201
2157
1896
1661
2457
2195
1711
2375
1999
2101
1585
2505
1713
2253
1902
1834
1535
1600
2164
1953
2144
2277
1598
2220
2519
1818
1967
1610
1907
2053
1659
2440
2424
2445
1625
1962
2104
2401
1535
2217
1773
1705
2343
2404
2104
1727
2218
1597
2324
2085
1804
2257
2285
1874
2002
2419
2276
2365
2185
2404
2437
1723
2160
2393
2477
1793
1875
2468
1917
2148
2230
2209
1827
2437
1571
1588
2499
2019
1971
1766
2149
2356
2294
2353
1571
2540
2364
2110
2267
2080
1819
1653
2140
1665
1626
2525
2494
1842
2035
1938
1642
1729
2452
1547
1915
2304
2072
2092
2182
1983
1549
1950
2180
2475
2330
1780
2512
2522
2488
2338
2287
2178
2199
1673
1912
1674
1586
1584
2139
1894
1634
2493
2387
2379
2485
1992
1633
1583
2338
1867
1900
2136
1725
2416
1961
1950
2547
1676
2244
1693
2160
2353
1718
2129
1924
2430
1710
1837
2067
1880
2092
1698
2154
2411
1775
2124
1591
2236
1615
1650
2004
2131
1661
1789
1948
1621
2255
2142
2527
2016
2074
2420
2065
2253
2253
1641
1593
2336
1979
2096
1964
1948
2189
2060
2118
1737
1667
2492
2332
2156
2226
1918
1755
2194
1856
1772
2080
2231
2348
1874
2441
2013
1980
1751
1984
2123
1939
1592
2401
2526
2142
2017
2400
2419
1682
1966
1816
1906
2531
2001
1943
1866
2087
2276
1946
2003
1968
1788
2148
2379
2409
1637
2021
2280
2560
1844
1844
2349
2389
1921
1751
2212
1999
1795
2431
2417
1884
1845
2360
2576
1656
1928
1749
1745
2328
2058
2215
2256
1885
2000
2222
2011
2318
1678
2237
1649
2507
2104
2305
1844
2470
2435
2543
1848
2380
2253
2573
2307
2170
2306
1706
2264
1608
2048
1782
2167
2180
1758
1768
1909
2482
1730
1976
2372
1641
1027
1059
946
1209
1028
1198
1214
1020
1080
1091
1078
1226
1028
1117
1174
1224
1043
1194
1006
1033
1077
1203
1138
1147
986
1071
1123
1098
1098
1049
1136
1237
1251
1122
1207
1238
996
1253
1064
1259
1252
1139
1190
1012
1240
1080
1179
995
1180
1257
1152
1196
1119
1064
1105
1165
1184
1150
1203
1190
1152
1124
1188
1097
1130
1260
1046
1187
1205
1028
1123
1063
1200
1206
1043
1211
1078
1073
1256
1155
1233
1260
1238
1258
1299
1117
1059
1045
1112
1206
1166
1294
1142
1254
1098
1028
1156
1034
1323
1275
1285
1226
1197
1114
1241
1064
1329
1220
1240
1044
1155
1174
1156
1073
1255
1313
1319
1245
1280
1056
1209
1151
1275
1300
1283
1324
1226
1136
1288
1321
1289
1063
1305
1337
1113
1242
1265
1071
1299
1088
1106
1144
1174
1261
1284
1167
1245
1132
1156
1130
1360
1207
1177
1249
1298
1159
1375
1283
1383
1115
1311
1129
1206
1294
1190
1159
1290
1346
1349
1236
1393
1264
1219
1192
1271
1298
1146
1140
1254
1391
1372
1278
1341
1290
1355
1285
1225
1206
1156
1254
1203
1285
1152
1350
1156
1304
1317
1360
1420
1155
1375
1408
1179
1291
1371
1289
1262
1204
1389
1286
1381
1318
1367
1200
1256
1153
1198
1218
1412
1319
1442
1447
1433
1160
1275
1454
1239
1175
1224
1202
1425
1348
1355
1221
1383
1327
1258
1322
1333
1232
1345
1465
1224
1208
1366
1182
1286
1299
1379
1238
1287
1189
1455
1454
1341
1424
1313
1394
1434
1382
1425
1314
1213
1380
1308
1449
1345
1352
1244
1364
1441
1353
1338
1299
1488
1302
1483
1299
1448
1411
1261
1389
1833
1694
1843
2286
2048
1803
1797
2172
1667
2490
2273
1814
2113
2616
2360
1845
1819
2359
2465
2503
1837
1803
2396
2363
2105
1797
2384
1804
1854
1837
1931
2376
2168
1895
1984
1806
1852
2043
1962
2307
2429
2068
1701
2361
2031
2538
2223
1825
1932
1858
2494
2414
2393
1768
1745
2128
2395
1741
2189
2543
2606
2540
1675
2185
2115
1766
2478
2353
2391
2134
1755
2292
2454
2100
2241
2136
1997
2604
1798
2019
2436
2173
1787
2469
1846
1935
2203
1930
2491
2104
1870
2371
2652
1744
2086
2596
1875
2601
2206
1891
1966
2405
2125
2509
1873
2079
2410
2025
1971
1857
1766
1987
2610
2085
2157
1856
2642
1716
2158
2514
2408
2019
2522
1680
2134
2524
1745
2367
2047
1713
2135
1926
2037
2511
2287
2583
2534
2450
1769
1679
1848
2141
2419
2332
1896
1856
1862
2370
2151
2090
2253
2336
2276
2665
2302
1751
2647
2294
1905
2034
1844
2535
1699
2397
1920
2091
2658
1686
2461
2286
2361
2192
2265
2340
1968
2174
2340
1966
2544
1935
1686
2523
2483
1868
2293
2343
2400
2261
2012
2228
2461
2065
2374
2267
2486
2593
2528
1748
1997
2586
2366
1843
2549
2075
2257
2298
2078
1908
2591
2358
1811
2384
2132
1807
1825
2352
2518
2404
2248
1811
2195
1935
2363
2326
2665
2579
1887
2462
1808
2280
2192
2618
2532
2357
1755
2658
2402
2169
2071
2222
2528
2203
2436
1790
1886
2153
1866
2492
2663
2393
2509
2482
1875
2025
2048
2404
2558
2430
2188
2049
2198
2051
2433
2613
2200
2430
2026
1985
1826
2050
2452
1751
2529
2232
2473
2466
2318
1779
2550
2585
2627
2612
2498
1735
2378
1727
1866
1931
2675
1716
1789
2127
2583
1792
2105
2187
2552
2307
1757
2227
2630
2557
2104
2592
1843
2104
2094
2619
2403
2638
2212
1860
2177
2334
2622
1903
2098
2698
2517
1859
2637
2069
2158
2252
2538
1923
2519
2387
2435
2532
2461
2212
1835
2339
2343
2650
2102
2156
2360
2288
2657
2174
1770
2000
2489
2464
2456
1845
2368
1972
2595
2133
2532
2437
2014
2299
2703
1735
2499
2198
2457
1913
2322
2282
2200
2175
2048
1825
1870
1584
1738
1641
1831
1769
1646
1886
1875
1689
1751
1784
1871
1739
1687
1652
1748
1636
1872
1810
1657
1707
1706
1742
1668
1746
1762
1622
1749
1836
1856
1682
1900
1699
1647
1833
1823
1807
1909
1648
1718
1798
1865
1885
1761
1759
1868
1719
1717
1908
1756
1631
1788
1806
1737
1894
1719
1926
1890
1705
1645
1709
1793
1680
1825
1663
1932
1824
1797
1806
1937
1737
1737
1892
1915
1694
1956
1697
1941
1912
1830
1909
1911
1783
1824
1802
1774
1731
1930
1913
1958
1832
1675
1712
1917
1717
1966
1818
1758
1803
1978
1886
1765
1983
1979
1721
1730
1854
1793
1979
1843
1732
1955
1821
1928
1766
1868
1756
1723
1852
1966
1888
1834
1790
2004
1730
1844
1976
1837
1840
1871
1752
1895
1952
1758
1947
1740
1911
1863
1819
1723
1863
2021
1825
1804
1802
1860
2000
1738
1873
1775
1769
1995
1976
1919
1851
1865
1855
1993
1956
2012
1837
1950
1881
1999
2025
1987
1983
1920
1945
1957
1775
1989
1993
1973
1778
1923
2046
1918
1882
1794
1903
1833
1993
2059
1889
2033
1924
2066
1795
1800
1837
2030
1776
1884
2023
1812
1984
1795
2060
2073
2052
1966
1824
2057
2065
2081
1971
2044
1844
2072
1970
1971
1822
1820
2066
1984
1822
1813
1937
2061
2047
1933
2031
1908
1891
1872
1921
1894
1958
1844
2072
2079
2078
2063
1887
2099
2091
1918
2062
2036
2027
2008
2043
2074
1897
1832
1905
2016
2072
2097
2129
2078
2014
1864
2030
1958
1863
2112
2049
2077
1861
2084
1910
1987
2033
2038
2116
1903
1854
2052
1882
2096
2690
2697
2498
2493
2430
2126
2167
2547
2659
1800
2515
2322
2493
1903
2279
2223
1963
1845
2337
2528
2610
2347
2665
2396
2057
2729
2441
1997
1982
2614
1916
2320
1968
2405
2510
1800
2090
2608
2235
2600
2058
2470
2325
1780
1805
1955
2767
2257
2737
2437
2470
1888
2411
2254
2139
1855
2101
2275
2429
1968
2378
2533
2527
2504
1980
2353
2504
2302
2454
2306
2479
1868
2459
2554
2520
2274
2409
1882
2403
2697
2768
2562
1863
2669
2512
2236
2241
2507
2352
2523
2751
1802
2148
2169
2548
1990
2695
2472
1977
1929
2488
2562
2713
2266
1961
2522
2485
2244
2203
2393
2556
2557
2288
2469
2730
1945
2327
2546
1971
1922
2194
2580
2147
2165
1972
1903
2127
2315
2610
2189
2041
2686
2180
2762
2645
2428
2613
2678
2707
1919
2609
2582
2350
2200
2703
2135
1978
2023
2259
2319
2024
1929
2639
2427
2121
1990
2721
2034
2453
2252
2024
2292
2274
1883
2795
2609
2729
2349
1889
2745
2370
2658
1933
2160
2685
1819
2592
1851
2161
2671
2157
2050
1867
2734
2190
2174
1862
2211
2248
2538
2069
2699
2646
2757
2256
2164
1845
2716
2023
2537
2740
2791
1817
2011
1947
2340
2581
2391
2045
2693
2238
2536
2164
1929
2386
2378
2495
1844
1956
2807
2270
2264
2409
2155
2721
2242
2073
2431
2292
1923
2229
1845
2454
2363
2328
2616
1835
2584
2376
2273
2755
2807
2764
2673
2560
2692
1968
2638
1923
2369
2701
2640
1931
2779
1940
2000
2224
1903
2261
2702
2309
1962
2421
2747
2249
2008
1926
2597
2216
1959
2210
1945
2079
2394
2620
2605
2703
2637
1906
2753
2407
1951
2430
1919
2263
2295
2024
2178
2712
2324
2657
1868
1892
2260
2063
2191
2618
2701
2556
1974
2650
2239
2136
1847
1992
2504
2089
2330
2650
1950
2744
2294
1962
1994
2320
2755
1926
1882
1866
2123
1956
1935
1844
2114
2178
2514
2392
1961
1967
2374
2559
2643
2477
2154
2272
2571
2748
2776
2294
1852
2144
2207
2218
2375
2133
2710
2131
2668
2804
2806
2350
2468
2088
2425
2073
2116
2677
1995
2765
2453
2229
2281
2625
2798
2492
2102
1875
1859
2353
2025
2148
2053
2690
2504
1886
2170
2183
2040
2799
2158
2112
1922
2396
2195
1980
2083
2752
2404
2791
1977
1969
2778
2292
2121
2246
2640
1897
2390
2135
1951
2147
2011
2445
2281
1978
2696
1956
2433
2804
2764
2145
2228
2329
2410
2298
2546
2402
2296
2288
2431
2379
2392
2501
2326
2332
2291
2552
2574
2571
2393
2404
2444
2323
2444
2571
2429
2459
2514
2513
2554
2325
2374
2412
2559
2560
2552
2410
2581
2373
2324
2476
2368
2343
2432
2582
2322
2474
2442
2580
2418
2412
2575
2520
2578
2447
2498
2573
2381
2325
2566
2549
2328
2604
2488
2344
2593
2524
2352
2601
2473
2389
2552
2566
2534
2425
2358
2567
2634
2357
2633
2457
2526
2548
2491
2582
2382
2432
2358
2410
2612
2641
2545
2489
2552
2615
2499
2518
2395
2454
2530
2490
2538
2511
2447
2648
2423
2556
2646
2640
2372
2543
2547
2590
2493
2565
2466
2637
2453
2505
2619
2666
2538
2498
2505
2413
2611
2507
2685
2537
2564
2655
2465
2427
2575
2415
2689
2685
2593
2619
2693
2461
2408
2464
2558
2440
2671
2440
2447
2504
2551
2602
2443
2479
2574
2652
2685
2582
2591
2578
2577
2478
2505
2715
2455
2478
2550
2652
2459
2472
2524
2613
2536
2729
2687
2713
2460
2581
2727
2549
2519
2571
2724
2576
2677
2461
2481
2629
2584
2714
2491
2684
2588
2615
2740
2482
2555
2710
2621
2525
2567
2696
2706
2545
2673
2473
2646
2473
2675
2623
2739
2548
2755
2513
2631
2602
2637
2748
2605
2618
2731
2572
2616
2743
2742
2539
2642
2634
2541
2544
2511
2621
2724
2722
2533
2747
2593
2641
2569
2582
2547
2559
2567
2785
2741
2716
2626
2754
2774
2659
2625
2671
2680
2752
2753
2641
2648
2666
2709
2764
2679
2677
2716
2625
2572
2550
2686
2554
2596
2772
2790
2705
2668
2830
2558
2753
2748
2593
2615
2609
2822
2818
2672
2759
2550
2587
2696
2562
2804
2682
2710
2804
2689
2623
2717
2782
2837
2808
2818
2620
2568
2677
2816
2568
2843
2747
2769
2820
2747
2827
2713
2690
2760
2846
2584
2733
2688
2802
2749
2634
2806
2718
2595
2845
2779
2695
2726
2724
2731
2843
2628
2601
2684
2802
2863
2887
2878
2817
2833
2788
2705
2826
2896
2782
2821
2723
2764
2654
2624
2618
2630
2845
2622
2870
2892
2730
2687
2723
2859
2800
2876
2641
2684
2652
2664
2926
2810
2927
2801
2638
2670
2686
2805
2876
2853
2671
2821
2913
2698
2693
2908
2707
2762
2812
2822
2709
2657
2769
2702
2809
2869
2880
2890
2869
2948
2860
2744
2869
2716
2771
2795
2674
2914
2802
2890
2828
2750
2843
2775
2774
2708
2782
2741
2864
2740
2772
2821
2785
2756
2741
2873
2973
2736
2936
2875
2831
2873
2780
2798
2985
2921
2970
2955
2698
2959
2924
2923
2704
2942
2737
2737
2849
2773
2755
2784
2967
2821
2859
2936
2991
2938
2721
2869
2729
2872
2883
2856
3008
2729
2946
2885
2821
3024
2819
2930
2932
2900
2823
2823
3005
2972
3012
2755
2776
2867
2800
2127
2085
2370
2685
2417
2140
2231
2410
2934
2314
2928
2391
2215
2236
2177
2466
2536
2586
2525
2263
2195
2664
2471
2426
2896
2067
2542
2631
2431
2839
2044
2147
2916
2373
2662
2271
2251
2397
2268
2670
2513
2401
2563
2776
2609
2252
2272
2643
2628
2776
2109
2250
2876
2317
2634
2407
2122
2627
2268
2215
2918
2618
2325
2676
2943
2683
2845
2003
2674
2936
2759
2138
2231
2416
2051
2768
2684
2876
2956
2251
2146
2111
2190
2335
2021
2574
2755
2247
2026
2141
2120
2388
2907
2082
2836
2775
2856
2865
2648
2037
2681
2689
2959
2007
2446
2355
2164
2693
2233
2839
2619
2038
2653
2506
2258
2392
2843
2038
2488
1992
3061
3026
3124
2917
3152
3003
2956
3140
3041
2964
3054
3127
2976
3054
3159
3155
2926
3133
3158
3120
2902
3150
3030
2968
3142
3021
2994
3152
3088
3156
2931
2900
2930
3151
3074
3007
3073
3117
3139
3171
3046
2959
3034
3165
3020
2929
3032
3049
3157
3061
2922
3056
2932
3031
2923
2961
3001
3154
3129
2970
3085
3074
3003
3082
3112
2979
2980
3061
3200
3064
3197
3155
3087
2987
3095
2954
2954
3200
3009
2980
3176
3161
2987
2949
2990
3059
2954
3216
3051
3141
3162
3096
3089
2992
3114
3100
3176
3176
3005
3025
2804
2753
2912
2833
2250
2633
2442
2808
2346
2958
2903
2772
2333
2089
2747
2562
2423
2830
2765
2848
2380
2489
2388
2415
2736
2601
2563
2832
2991
2612
2646
2782
2940
2141
2787
2409
2058
2094
2647
2955
2993
2269
2932
2464
2627
2116
2933
2887
2227
2724
2608
2667
2030
2554
2664
2304
2321
2268
2302
2944
2523
2828
2020
2827
2449
2315
2054
2550
2966
2660
2012
2024
2185
2461
2780
2521
2121
2988
2026
2766
2810
2305
2078
2252
2815
2867
2686
2364
2849
2926
2521
2715
2039
2814
2807
2021
2020
2815
2855
2273
2245
2902
2943
2729
2769
2498
2139
2759
2201
2774
2167
2911
2370
2701
2822
2277
2017
2775
2457
2734
2959
2959
2794
2445
2583
2746
2587
2161
2092
2290
2538
2479
2781
2155
2038
2564
2962
2389
2744
2890
2840
3144
3107
3309
3238
3157
3126
3279
3217
3211
3196
3347
3163
3178
3207
3161
3376
3177
3185
3143
3249
3139
3311
3293
3302
3169
3353
3233
3354
3410
3153
3130
3390
3161
3387
3358
3240
3412
3372
3248
3139
3272
3364
3350
3315
3270
3183
3216
3439
3238
3404
3379
3363
3425
3225
3305
3382
3312
3450
3350
3208
3393
3338
3201
3424
3321
3233
3248
3286
3227
3195
3339
3345
3293
3364
3439
3291
3407
3476
3461
3364
3200
3400
3263
3262
3396
3242
3268
3404
3449
3470
3279
3262
3273
3487
3491
3365
3421
3484
3225
3464
3454
3440
3227
3252
3312
3269
3312
3346
3480
3505
3312
3479
3500
3297
3229
3469
3320
3487
3261
3369
3478
3517
3509
3516
3401
3432
3447
3438
3375
3394
3340
3265
3245
3483
3433
3405
3397
3363
3403
3289
3345
3445
3498
3439
3520
3480
3356
3257
3391
3540
3281
3413
3317
3403
3528
3369
3341
3281
3331
3381
3294
3551
3537
3500
3511
3409
3415
3396
3364
3536
3361
3359
3524
3409
3385
3419
3446
3481
3383
3439
3452
3310
3481
3377
3580
3465
3286
3509
3492
3554
3439
3317
3453
3433
3369
3587
3356
3332
3529
3511
3399
3417
3596
3504
3573
3390
3366
3394
3382
3315
3598
3325
3430
3453
3444
3423
3505
3555
3370
3508
3485
3576
3384
3498
3497
3358
3567
3549
3586
3626
3470
3397
3530
3351
3334
3428
3487
3477
3454
3377
3422
3356
3609
3555
3636
3630
3429
3605
3512
3415
3444
3401
3545
3513
3550
3476
3469
3364
3569
3592
3527
3397
3459
3615
3628
3498
3401
3494
3547
3656
3669
3583
3549
3562
3605
3462
3480
3577
3428
3387
3597
3535
3543
3406
3418
3494
3684
3682
3408
3575
3678
3489
3444
3522
3594
3625
3461
3444
3520
3608
3550
3409
3696
3561
3432
3497
3583
3632
3621
3632
3415
3663
3498
3461
3475
3668
3617
3644
3607
3525
3531
3620
3587
3574
3531
3567
3496
3597
3493
3532
3519
3606
3480
3519
3698
3627
3532
3610
3532
3452
3439
3589
3634
3488
3660
3698
3542
3522
3732
3457
3669
3741
3594
2396
2132
2709
2955
2615
2478
2163
2339
2195
2692
2314
2315
2991
3039
2117
2762
2492
2492
2932
2777
2740
2881
2186
2293
2138
2315
2292
2527
2574
2310
2772
2175
2305
2992
2382
2401
2260
2100
2487
2413
2986
2526
2724
2410
3018
2713
2342
2819
2914
2236
2178
2759
2647
2852
2817
2689
2639
2571
2711
2202
2319
2126
3031
2823
2910
2666
2771
2605
2619
2178
2360
2982
2233
2429
2525
2602
2406
2473
3084
2653
2454
2144
2907
2326
2863
3042
2766
2816
2176
2841
2530
2483
2586
2865
2641
2449
2444
2628
2913
2395
2361
2629
2575
2717
2929
3038
2874
2661
3087
2696
2585
2215
3064
2214
2727
2384
2707
2406
2503
2117
2402
2945
2799
2650
2237
2126
2843
2487
2247
2895
2323
2230
2550
2640
2175
3012
2563
3095
2763
2139
2279
2935
3057
3873
3853
3626
3617
3664
3890
3633
3899
3710
3751
3678
3759
3697
3771
3827
3748
3818
3636
3631
3642
3794
3809
3667
3743
3900
3689
3732
3650
3875
3912
3832
3809
3849
3657
3654
3848
3857
3908
3888
3746
3691
3720
3923
3774
3702
3872
3729
3683
3851
3939
3912
3714
3926
3899
3840
3697
3942
3817
3796
3682
3851
3691
3709
3878
3751
3836
3889
3758
3835
3682
3950
3895
3697
3823
3844
3862
3847
3847
3944
3891
3969
3899
3953
3804
3782
3725
3769
3869
3771
3856
3741
3957
3857
3713
3813
3978
3879
3886
3835
3731
3984
3779
3896
3982
3756
3834
3752
3961
3797
3795
3873
3917
3946
3977
3784
3744
3845
3722
3902
3979
3796
3868
3890
3908
3888
3973
3824
3862
3941
4011
3846
3799
3873
3931
3909
3932
4014
3840
3812
3745
3762
3986
3863
3814
3992
4030
3846
3955
3972
3871
3951
3789
4005
3979
4000
3893
4010
3790
3862
4006
4033
2578
2912
2288
2905
2425
2336
3090
2277
2982
2595
2797
2463
2623
2575
2927
3051
2682
2392
2371
3131
2895
2540
2876
2293
2601
2694
2323
2388
3067
2418
2952
2325
2301
2977
2490
2618
2505
2840
2435
2477
2565
2216
2670
2606
2963
2362
2348
2545
2580
2342
2932
2337
2656
2892
2358
2693
2726
2449
2623
2604
2624
2666
2713
3086
3023
3069
3031
3132
2881
2924
2436
2284
3153
2745
2721
2794
2906
2504
2741
2816
2224
2321
2911
2657
2967
2533
2800
2304
2478
2582
2278
2874
2420
2385
3033
2904
2758
2175
2585
2364
2959
2290
2205
2354
2821
2320
2798
2690
2599
2596
2938
3124
2910
3153
2548
2417
2699
2686
2607
3042
2982
2326
2578
2351
2469
2814
2205
2817
2361
2461
2530
2473
2753
2468
3013
3059
3051
2562
2903
2661
2198
3105
2873
2991
2556
2662
3076
3000
3019
2475
3047
2252
2699
2879
2364
2342
2723
2803
2843
2548
3074
2944
3150
2289
2759
2337
2496
2539
2569
3064
2581
2582
3011
2227
2858
2386
2928
2589
2892
2404
2950
2619
3089
2369
2248
3142
2820
3183
2300
2452
2215
2910
3060
2667
2888
3128
3057
2936
2941
2220
2831
2398
2305
2802
2570
2806
2709
2510
2747
2845
2876
3072
3158
2841
3090
2550
2481
2323
2636
2400
2991
3013
2370
2880
2670
3163
2984
2371
2506
2314
2982
3097
3064
2649
2773
2650
2205
2799
3072
3045
2968
2942
2772
2975
2727
2635
3072
2346
2606
2722
2888
2557
2433
2760
2509
2952
2326
3192
3180
3153
2983
2555
3049
2611
2688
2568
2745
3136
2926
2764
2961
2690
3133
2728
2318
2993
2908
3201
2422
2400
3105
2718
2785
2991
2719
2640
2484
2956
2535
3032
2535
2415
2275
2375
3036
2486
2731
2554
2493
2870
2644
2851
3037
2635
3143
2370
2305
3175
2780
2975
2988
2467
2666
2902
2292
2785
2509
2799
2462
2780
2377
3028
2796
2700
2345
2219
2888
2779
2651
2288
3080
2948
2802
2482
2570
2237
2493
2255
2247
2637
2710
2919
2324
2943
2353
3128
2627
2406
2253
2830
2598
2743
2784
2289
2274
3090
2946
2316
3066
2881
2776
2401
3162
2588
2676
2358
3205
2512
2245
2535
2244
2599
2557
2504
3149
2698
2273
2826
2893
3078
2242
2445
2729
2356
2842
2401
3126
2606
3126
2424
2343
2251
2421
2769
2290
2919
2392
3067
2653
3191
2538
2341
2988
2284
3175
3206
2599
2904
3046
3195
2400
2806
2476
3097
2534
2729
2694
2695
2835
2270
2982
2554
3139
2465
3191
2599
2789
2842
3183
2604
2537
2342
2814
2601
2361
2346
2892
2296
2519
2466
2318
2953
2576
3181
3161
2601
2894
2806
2806
3093
2487
2502
2646
3192
3121
2289
3043
2485
3083
2308
2713
2296
2847
2283
2298
2312
2782
2460
2345
2806
2863
3030
2286
2819
2293
2434
2645
2570
2457
3229
2864
2931
2764
2842
2371
2648
2445
4361
4330
4288
2405
3164
2907
2426
2942
2429
2253
2262
2679
2497
3026
3184
2619
2719
3165
2861
2962
2498
2280
3182
2540
2445
3034
2433
2366
2720
3126
2934
2683
2990
2285
2284
2941
2258
2588
3049
3091
2788
2526
2509
2728
2575
2587
2451
2777
2751
3074
2923
2269
2896
2656
3170
2827
2534
2970
2587
2807
3208
2318
2892
2342
2402
2691
3236
2429
2778
3195
3080
3087
3210
2625
3043
3153
2671
2514
2575
2905
2367
2529
2568
3111
3203
3176
2930
2937
2850
2501
2643
2394
2340
2634
2781
2570
2663
2915
3086
2301
3181
3234
3047
2745
2536
2289
3106
2549
2916
3055
2422
2728
2681
2879
2847
3177
2688
3252
3219
2921
2979
2484
2278
3264
3156
2385
2584
2865
2946
3082
2862
2946
3141
2433
2305
3126
2920
2980
2593
2489
3268
2454
2326
2668
2712
2950
3224
2576
3122
2849
2541
2715
2885
3103
3103
2967
2636
2529
2939
3088
2682
2829
2651
2651
2949
3037
2754
2847
2946
2535
3270
2912
3051
3219
2915
3265
2738
3196
2706
3199
3266
2323
2777
2801
2661
3284
2502
2431
3200
3264
2589
3251
2781
3264
2615
2742
2828
3070
2589
2722
3047
3013
3182
2648
2312
2652
2676
2681
2803
2374
3044
2605
2705
2698
2530
2409
2494
2903
2503
2916
2925
3281
2573
3197
3018
2384
2520
2413
2800
2711
2900
2491
2712
2710
2614
3274
2900
3161
2630
3281
2684
2868
2520
2639
2320
2316
2816
2815
3021
2391
2504
3060
2620
2680
3210
2687
2332
2773
3236
2470
2458
2865
2780
3184
3191
2459
2686
2396
3101
2469
2600
2427
3279
2550
2784
2622
3212
3002
2771
3133
3043
3059
3044
2392
3150
2679
2766
3234
2890
2849
3228
2727
3274
2592
2727
3209
2356
2662
2459
2734
3230
3075
3233
2370
2462
2712
2552
2621
2943
3089
3302
2775
2673
2661
2766
2527
2753
2386
2659
2526
3031
2609
3051
2322
2764
2835
2959
2587
2479
2453
3071
2351
3249
2458
3303
2584
2728
2831
3118
3023
3053
2724
2895
2410
2780
2950
3067
3141
3071
2803
3154
3107
3179
2756
2578
2676
3150
2554
2847
2477
2625
3311
3114
3232
2735
2838
2903
2504
3279
2930
2598
2384
3056
2381
2922
2990
3307
2498
2512
2611
2630
3208
2902
3256
3198
2362
3052
3253
3192
3239
2647
3233
3199
2894
2516
2599
2471
3207
2978
3247
2791
3027
2352
3195
2896
2722
2870
3230
2897
2873
2789
3106
3196
3036
2888
3081
3294
2541
3311
2600
2731
3231
3146
3107
2371
2716
4828
4707
4956
4879
4972
4829
4685
4761
4710
4690
4696
4782
4807
4927
4877
4836
4879
4822
4695
4736
4790
4799
4736
4883
4784
4699
4708
4846
4736
4760
4784
4707
4993
4872
4902
4792
4982
4892
4825
4727
4792
4907
4789
4825
4863
4881
4769
4759
4755
4851
4751
4771
4947
4866
4753
4875
4780
4889
4735
4944
5021
4737
4742
4884
4832
5023
4830
4741
4752
4921
4864
4862
4956
4848
4933
4766
5035
4785
4916
4878
4796
4814
4944
4869
5006
4898
4978
4975
4957
4970
4892
4949
4831
4976
5061
5046
4898
4990
4930
4891
4929
4885
5059
4787
4882
4961
5053
4811
5030
4898
4897
5000
4892
4972
4841
5047
4983
5024
5041
5033
4853
4934
4795
4946
4987
5019
5005
4799
4846
4930
4903
4835
4985
4882
4890
4975
5090
4817
5104
4852
4870
5107
5028
4903
4872
5067
4889
4919
4936
5095
5027
5000
4869
4922
5052
4864
4829
4957
4939
4854
5051
5007
5123
2589
3271
3047
2434
3268
3021
2585
3215
2628
2531
2839
2442
3086
3310
3234
2742
3303
2744
3325
3067
3256
3267
2464
3215
2444
2709
2697
2686
2662
3254
3030
3028
2672
2981
2927
3176
2688
3140
3350
3221
2476
2728
2449
2979
2814
2453
2591
3302
2480
2827
3263
2913
2702
2424
2710
2423
3198
2533
2813
2732
3022
2830
3093
2498
3180
2486
2882
2382
2894
3244
3054
2749
3207
2818
3292
2955
2611
2447
2622
3380
2552
3064
3180
2391
2650
2683
2558
2662
3382
2490
2703
2783
2517
2547
2650
4980
5227
4979
5162
5031
4991
5230
5076
5157
4998
5030
5042
4976
4951
5014
4968
5101
5003
5117
5203
5023
4996
5066
4974
5105
5144
5072
5193
5202
5037
5256
5120
5064
5208
5141
5132
4970
4974
5046
5152
5246
4997
4980
4983
5184
5260
5078
5090
5101
5106
5173
5205
5062
5216
5076
5019
5098
5057
5064
5201
5108
5119
5258
5042
5158
5282
5006
5239
5066
5157
5175
5074
5181
5017
5157
5096
5208
5216
5139
5176
5013
5197
5186
5091
5089
5047
5078
5090
5311
5115
5030
5220
5265
5246
5030
5262
5102
5113
5115
5094
5265
5131
5168
5266
5300
5072
5133
5056
5271
5140
5304
5160
5251
5297
5164
5202
5141
5201
5224
5307
5231
5150
5061
5051
5166
5191
5256
5132
5061
5141
5211
5099
5312
5328
5287
5160
5126
5247
5209
5107
5239
5328
5247
5312
5255
5251
5174
5150
5181
5255
5087
5239
5133
5373
5272
5091
5377
5133
5248
5193
5185
5305
5285
5356
5282
5390
5298
5383
5269
5251
5152
5375
5370
5308
5140
5383
5382
5304
5167
5294
5356
5325
5138
5252
5309
5297
5224
5116
5147
5299
5280
5363
5319
5358
5284
5339
5320
5369
5372
5372
5190
5195
5365
5376
5233
5346
5356
5191
5370
5257
5207
5207
5167
5432
5313
5212
5229
5403
5397
5280
5334
5284
5179
5163
5240
5221
5267
5319
5163
5357
5172
5172
5238
5178
5303
5351
5231
5406
5379
5409
5392
5455
5463
5274
5246
5348
5430
5286
5352
5454
5356
5395
5349
5335
5362
5452
5450
5402
5397
5445
5451
5327
5442
5260
5465
5287
5268
5454
5215
5414
5202
5220
5384
5271
5306
5446
5360
5385
5461
5353
5223
5440
5444
5328
5280
5483
5501
5271
5479
5512
5469
5226
5518
5508
5440
5440
5240
5419
5434
5504
5502
5511
5254
5296
5340
5271
5469
5247
5241
5397
5488
5291
2561
2937
3301
2746
3117
2609
2772
2692
2498
2840
3218
2885
2909
2691
2976
2910
3254
2959
2480
3120
2702
3155
3179
3267
2831
2695
2804
2621
2637
2957
2533
2911
3384
3291
2927
3363
3189
3413
3284
2813
2541
2883
3086
2833
2812
3040
3351
3397
2683
2689
2475
3140
2544
3117
2533
2852
2712
2494
2917
3331
3136
3355
3072
3145
3218
2698
3196
2470
3351
3346
2754
3010
3344
3335
3131
2538
2709
3187
3241
2855
3125
3290
3017
3272
2475
2901
3177
2570
3427
2627
2520
2592
2571
2974
3136
2474
3440
2530
3264
2768
3250
3121
2942
3150
2525
2545
2640
2508
3254
2886
2777
2804
2568
2528
3446
2795
3232
3242
2854
3352
2897
2846
3175
3422
2807
3090
3225
2901
2768
2641
3473
3345
2588
3365
3133
2565
2695
2889
3100
3200
3059
3384
2825
3346
2668
3252
2965
2931
2755
2992
3314
3158
2899
3312
3133
2490
3075
3071
3062
2513
3364
2612
3154
2899
2632
3313
2656
2711
3207
3466
3417
3194
3104
3022
2851
3039
3309
3334
2697
3366
2855
2908
3343
2975
2991
3162
3006
3083
3049
3059
2633
3439
3131
2958
3228
2711
2911
3436
2562
2687
3475
3296
3284
3354
3046
2978
2566
2933
3355
3474
3297
2886
2533
3326
2679
3173
2939
2829
2717
3253
3433
2510
3031
3037
2773
3107
3138
2646
2950
2974
3265
2717
3125
3020
2574
2552
2536
2869
3259
3490
2773
2523
3119
2696
2939
3327
2530
2643
3490
3017
2553
2962
2525
2706
3366
2903
2855
2838
3144
3157
3063
2854
2952
3441
2613
2657
3243
2698
3008
2983
2837
3315
2544
3096
3412
2900
3250
3122
3151
2789
3333
3488
3163
3169
3004
2666
2910
2745
2856
3035
3227
2601
3297
2593
2978
3221
3399
2979
3147
2832
3367
3103
2906
2844
2763
2512
3041
2582
3203
2872
3327
3310
2906
2899
2873
3440
2797
3344
3376
3025
3071
3350
2735
3362
3075
2569
2769
2808
2852
3212
2537
2583
2884
3270
3217
3268
3016
2952
3087
2784
3430
2853
3146
2935
3204
2663
3444
2814
2914
3225
2913
3244
3427
3466
3250
3218
3347
3162
2800
2939
2799
3301
2603
2620
3153
2686
2888
2724
3424
2599
3085
3355
3495
2729
3088
2952
2677
2540
3017
3082
2787
2954
3272
3244
3426
3307
2928
2536
3309
2926
3357
3053
2625
3269
2976
3296
3266
3308
2745
2546
3392
3368
2831
3380
3288
2534
2716
3128
3333
2533
3379
2616
2712
3041
2987
3008
2546
3314
2994
2983
2742
2956
3095
2880
3149
3170
3462
2924
2697
2574
3259
3529
3437
3510
3157
2910
2802
3041
3341
2994
3242
3073
3097
2652
2921
3391
2831
2997
3082
2872
2689
2935
3127
2932
3018
3377
3113
3191
3536
3384
3178
3145
3501
2671
3239
3381
2759
2866
3251
3538
2924
2879
3312
3383
2800
3166
3529
3280
3277
3195
2925
3082
2718
2759
3111
3248
2984
5738
5801
5853
5977
5817
5895
5873
5846
5951
5783
5930
5936
5858
5876
5874
6022
5990
5752
5974
5876
5805
6022
5993
6020
5887
5989
5777
5776
5940
6029
5827
6034
5986
5824
5981
5843
5942
6039
5808
6038
5826
5850
5821
5794
5807
6054
5871
5917
6064
5983
6019
5816
5841
6049
5886
5863
5907
6028
6038
5821
5906
5996
5811
6003
6033
5973
5977
5832
6082
5957
5813
5810
5835
5897
5989
6002
5848
6076
5959
5959
5889
5987
6089
5827
5834
5911
6041
5884
5930
5847
5876
5932
5935
6045
5996
6065
5960
5896
6001
6005
6095
6061
6065
5844
6094
5951
5946
5892
5852
5866
6052
6070
6061
5901
5872
6079
5966
5987
5970
6117
5900
6072
6011
6038
6132
6026
5965
6012
5977
6025
6121
5985
6042
6037
6065
5918
5896
6035
5920
6030
6140
6158
5914
5955
6037
5955
6093
6109
5921
5954
6147
5920
5889
6176
5998
6156
6158
5923
6017
6078
6151
6183
5891
6090
6017
5921
6178
6099
6139
5908
6179
6053
6084
5938
5989
6096
6028
6053
6059
6154
6083
5973
5936
5992
6028
6042
6062
6129
6003
6105
6058
6180
6206
6083
5968
6122
6085
5991
5983
5935
6148
6178
5931
6059
6127
6181
6016
6018
6009
5970
6024
6221
6208
5946
6053
5963
5972
5967
5964
6223
6135
6125
6196
6129
6183
6083
6054
5998
6164
6013
6079
5983
5983
6153
6016
5963
6069
6097
6007
6140
6037
6139
6140
6170
6072
6114
5999
6114
6201
6122
6271
6190
6015
6072
6241
6137
6235
6277
6073
6207
6235
6240
6120
6166
6123
6107
6049
6184
6118
6060
6120
6076
6236
6290
6014
6131
6005
6154
6057
6180
6268
6152
6105
6032
6285
6124
6132
6132
6286
6127
6053
6201
6038
6210
6236
6295
6027
6064
6303
6321
6096
6061
6286
6053
6273
6243
6106
6324
6155
6046
6264
6197
6175
6220
6040
6280
6099
6174
6247
6256
6144
6257
6294
6127
6171
6083
6312
6090
6333
6108
6351
6072
6207
6147
6316
6226
6172
6243
6171
6242
6226
6304
6297
6330
6321
6130
6109
6231
6299
6177
6346
6118
6279
6213
6147
6357
6374
6268
6341
6102
6105
6206
6137
6176
6214
6259
6191
6168
6131
6391
6347
6272
6257
6349
6380
6211
6190
6393
6253
6297
6217
6397
6374
6252
6355
6134
6390
6301
6129
6161
3620
2654
2628
3160
3526
2743
3607
3445
3054
3333
2785
3318
2632
3075
2927
3303
3314
2969
3428
2683
3325
3425
3305
3028
2981
2684
3026
2727
3386
3583
3487
2863
3108
2690
3210
6281
6318
6205
6253
6169
6291
6381
6232
6274
6231
6254
6200
6329
6188
6373
6260
6378
6328
6216
6426
6255
6453
6430
6282
6367
6250
6364
6404
6438
6378
6430
6318
6307
6432
6416
6336
6355
6479
6207
6227
6397
6345
6426
6459
6444
6290
6416
6488
6404
6448
6245
6216
6278
6406
6287
6247
6236
6411
6239
6326
6284
6331
6390
6372
6250
6413
6496
6287
6448
6274
6368
6241
6500
6347
6468
6306
6363
6452
6442
6478
6340
6246
6518
6508
6331
6360
6255
6330
6417
6310
6344
6356
6370
6501
6431
6350
6364
6382
6523
6316
6426
6318
6541
6441
6262
6534
6324
6514
6321
6413
6324
6394
6456
6563
6563
6519
6315
6477
6447
6312
6503
6318
6333
6382
6519
6393
6500
6500
6392
6307
6353
6398
6409
6490
6583
6440
6335
6577
6540
6460
6472
6365
6572
6394
6555
6415
6532
6532
6354
6529
6582
6562
6384
6541
6386
6347
6443
6584
6441
6439
6447
6367
6563
6357
6578
6338
6594
6384
6546
6407
6328
6343
6446
6517
6388
6348
6512
6462
6413
6442
6451
6395
6484
6531
6618
6432
6352
6538
6372
6472
6528
6415
6470
6407
6501
6629
3630
2697
2747
3575
3542
2916
3126
3212
2813
3193
2751
3545
2877
3557
3220
3456
3251
3031
3329
3023
3220
3453
3039
3153
3295
2703
3038
3400
3474
2952
3268
3571
3479
3485
2838
3315
2775
3098
3389
3119
2948
3415
3586
3503
2686
3535
2826
2907
2985
2871
3525
3579
2818
2869
3232
3114
6627
6547
6534
6416
6631
6604
6415
6619
6670
6686
6456
6658
6680
6496
6433
6630
6604
6702
6665
6718
6535
6686
6595
6660
6587
6491
6440
6596
6514
6530
6469
6708
6691
6544
6674
6732
6592
6460
6452
6693
6574
6556
6568
6448
6556
6622
6556
6657
6455
6684
6619
6603
6497
6635
6713
6679
6482
6592
6590
6611
6604
6709
6660
6469
6669
6757
6605
6599
6582
6731
6558
6681
6484
6484
6545
6682
6673
6550
6499
6603
6616
6485
6779
6693
6599
6492
6495
6633
6708
6686
6679
6521
6685
6733
6692
6513
6510
6653
6720
6721
6509
6681
6706
6777
6525
6620
6793
6600
6525
6773
6710
6739
6615
6743
6678
6533
6672
6671
6587
6689
6602
6761
6733
6721
6635
6619
6659
6806
6697
6722
6592
6814
6559
6809
6755
6632
6786
6557
6812
6606
6812
6840
6670
6834
6692
6713
6600
6770
6606
6701
6729
6689
6825
6856
6613
6721
6832
6776
6725
6782
6609
6631
6856
6623
6641
6571
6631
6837
6826
6801
6788
6610
6797
6805
6728
6875
6730
6877
6844
6649
6632
6663
6589
6835
6588
6719
6749
6591
6769
6842
6883
6832
6834
6872
6862
6778
6883
6845
6655
6797
6709
6723
6745
6700
6892
6651
6782
6898
6619
6887
6656
6880
6862
6637
6741
6887
6758
6720
6891
6846
6640
6872
6711
6836
6657
6752
6761
6717
6878
6637
6905
6920
6689
6892
6701
6839
6896
6666
6767
6826
6661
6871
6851
6811
6816
6698
6687
6698
6733
6698
6834
6654
6852
6783
6826
6755
6722
6717
6785
6678
6946
6704
6869
6854
6860
6895
6898
6850
6934
6929
6965
6952
6713
6939
3133
3174
3060
3710
3558
3015
2877
3464
3331
2849
3307
3070
2799
3618
3209
3253
2773
3502
2888
3691
2937
3444
2925
3440
3109
3202
3724
3413
2814
2806
2772
3146
3224
3461
2766
2917
3305
3443
3484
3081
3386
2747
3620
3073
3738
3213
2783
3478
3483
2941
2901
2945
3698
3506
3726
3204
2838
3468
2902
3198
2814
2807
3000
2819
2797
3095
3618
3514
2973
3423
2974
3035
3697
3251
3223
3038
3212
3089
3114
3460
3298
3283
3096
2943
3284
3598
3716
2866
3484
3328
3011
3091
2757
2806
3309
3400
3553
3046
3558
2980
3257
3506
3411
3429
3191
3675
3601
3666
3685
3439
3595
3667
3405
3466
3662
3521
3514
2946
3065
3165
2987
2820
3220
3250
3062
3248
3672
2768
3724
3198
2762
3476
2946
3753
3188
3513
2847
3196
3684
2846
3430
2786
3746
3451
3019
2834
2925
3692
3022
3069
3307
3018
3226
3609
3111
3447
2940
3207
3097
3661
3362
3759
3280
3268
3716
3157
2958
3322
3574
3452
3059
2941
3752
2841
3756
3079
3493
3528
3172
3046
3248
3203
2834
3772
3576
3053
3269
3610
3100
3133
3215
3098
3235
3122
2795
2827
3425
3574
3708
3653
2967
3453
2814
2891
2806
3146
3058
3295
3757
3145
3696
3654
3746
2781
3112
3327
3654
3106
3747
3500
2887
2979
3262
3612
3608
3707
3205
3596
2941
3427
3046
3705
3372
3378
3183
2983
3081
3605
3577
3016
3783
3554
2858
2904
3652
3758
3325
2910
3702
2810
3525
2805
3260
3516
3146
3166
3328
3559
3383
2864
3507
2976
3667
3645
2800
3173
3049
3022
3534
3733
3067
3238
3760
3286
3249
3766
2795
3681
3467
3381
2976
3485
3090
3175
2915
3790
3070
3596
3076
3066
3099
2969
2924
3385
3115
3400
2860
2888
3737
2953
3362
2846
2846
3357
3004
3151
3477
3140
3605
3242
2799
3547
3490
3523
3639
3167
3224
3700
3030
2856
3761
3128
3555
3658
3322
3341
3372
3400
3794
2943
3721
3434
3357
3375
3663
3645
3289
3326
3074
3272
3380
3019
3161
2841
2957
3122
3061
3426
3394
3530
2813
3337
3125
3655
3031
3229
3572
3343
3625
3380
3031
3053
3653
3240
3172
3352
3316
3402
3254
3441
3738
2823
3479
3032
3001
2943
3599
3794
3560
3058
3293
3478
3586
3515
3479
2869
2910
3047
3616
3497
2911
2986
3208
2874
3181
2866
3106
3258
7230
7305
7292
7337
7216
7181
7117
7310
7211
7207
7207
7317
7367
7225
7137
7174
7131
7316
7297
7325
7360
7263
7150
7336
7191
7258
7127
7295
7363
7147
7340
7268
7229
7171
7351
7365
7223
7401
7153
7163
7213
7155
7124
7214
7224
7380
7324
7216
7377
7322
7355
7330
7306
7295
7418
7379
7409
7388
7153
7253
7152
7319
7178
7352
7180
7401
7198
7353
7346
7275
7354
7256
7272
7360
7270
7448
7315
7325
7408
7346
7329
7423
7181
7377
7254
7197
7296
7247
7208
7397
7200
7300
7404
7466
7354
7408
7370
7284
7231
7390
7235
7325
7178
7402
7296
7441
7268
7419
7446
7440
7438
7233
7273
7291
7332
7453
7407
7389
7476
7218
7340
7473
7407
7319
7463
7204
7397
7465
7471
7470
7266
7482
7430
7343
7335
7416
7285
7273
7330
7369
7397
7507
7238
7265
7382
7255
7354
7462
7418
7494
7289
7519
7404
7458
7509
7483
7307
7417
7280
7323
7269
7342
7385
7311
7470
7357
7421
7385
7515
7471
7349
7545
7507
7374
7383
7372
7422
7435
7325
7467
7445
7345
7404
7501
7526
7467
7358
7467
7437
7328
7431
7541
7305
7360
7408
7447
7431
7367
7392
7506
7513
7576
7345
7383
7350
7390
7509
7492
7379
7512
7507
7397
7385
7398
7311
7475
7377
7489
7564
7400
7335
7472
7412
7573
7546
7331
7539
7557
7339
7502
7556
7454
7532
7497
7393
7542
7385
7413
7417
7507
7426
7395
7357
7500
7402
7580
7610
7572
7478
7600
7374
7461
7612
7478
7357
7479
7507
7489
7597
7373
7540
7395
7369
7625
7545
7402
7539
7369
7612
7379
7598
7467
7458
7419
7594
7593
7497
7560
7382
7515
7582
7363
7565
7643
7528
7375
7389
7540
7381
7383
7368
7366
7538
7438
7539
7520
7422
7551
7416
7468
7431
7413
7396
7447
7560
7507
7386
7501
7403
7384
7557
7670
7582
7513
7565
7571
7455
7579
7400
7413
7421
7658
7583
7435
7606
7532
7505
7628
7463
7547
7557
7580
7645
7582
7465
7653
7700
7492
7588
7556
7677
7674
7584
7604
7441
7466
7679
7576
7540
7511
7505
7569
7565
7712
7495
7542
7646
7504
7607
7468
7483
7677
7500
7501
7619
7686
7531
7605
7501
7700
7611
7488
7659
7512
7461
7557
7490
7677
7612
7733
7616
7502
7716
7632
7491
7542
7726
7559
7478
7726
7708
7594
7535
7610
7680
7566
7583
7605
7712
7569
7486
7725
7600
7499
7701
7502
7717
7515
7517
7623
7541
7626
7603
2933
3747
3863
3303
3196
2992
3141
3342
3704
7739
7499
7667
7548
7515
7712
7659
7755
7627
7712
7659
7723
7540
7741
7539
7642
7687
7803
7677
7761
7748
7592
7638
7672
7808
7537
7694
7735
7726
7825
7800
7531
7643
7787
7592
7606
7613
7539
7822
7595
7577
7819
7628
7789
7728
7699
7605
7666
7572
7785
7623
7638
7729
7807
7756
7800
7822
7591
7815
7618
7612
7772
7721
7602
7719
7602
7824
7641
7618
7657
7664
7629
7726
7761
7746
7679
7842
7673
7724
7835
7764
7803
7632
7643
7783
7649
7735
7795
7709
7879
7675
7718
7867
7699
7883
7842
7697
7761
7618
7777
7607
7809
7638
7869
7738
7689
7761
7815
7870
7891
7901
7854
7624
7848
7649
7806
7848
7693
7749
7763
7730
7660
7841
7637
7818
7756
7826
7626
7868
7663
7745
7889
7645
7671
7793
7752
7713
7746
7851
7870
7780
7920
7691
7863
7919
7668
7668
7799
7900
7827
7842
7734
7938
7907
7783
7654
7941
7808
7745
7935
7912
7702
7768
7714
7911
7770
7680
7951
7880
7906
7931
7850
7675
7674
7691
7732
7705
7721
7963
7715
7716
7682
7924
7881
7872
7895
7714
7957
7912
7693
7797
7909
7697
7922
7930
7818
7968
7737
7797
7807
7855
7974
7737
7906
7998
7727
7776
7949
7860
8003
7842
7892
7847
7918
7760
7724
7946
7738
7785
7874
7792
7722
7919
7833
7825
7955
7885
7838
7975
7949
7771
7761
7926
7893
7995
7852
8000
7965
7741
7763
7965
7797
7918
7745
7758
8027
7881
8042
7836
7993
7783
7821
7791
7899
7983
7786
7806
7933
8026
8021
7961
7847
8052
7995
7779
7809
7803
7821
7980
7808
7958
7933
8020
8044
8035
7827
8034
8035
7983
7876
8045
7910
7997
7936
7923
7839
7871
8024
7792
8058
7790
7944
7836
8014
7860
7987
7936
7993
7869
8050
7985
8004
8045
8098
8073
8025
7966
7946
7905
8013
7978
8092
7930
7991
8004
7823
8070
7903
8043
7840
7840
7927
7936
7959
8115
7866
8103
7937
7869
7864
7949
7898
8111
7892
8042
7948
7889
7836
8025
8123
7856
7909
7880
8041
8064
8073
8124
7954
8109
7969
7992
8045
8002
8027
8125
8111
8151
8117
7882
7899
8059
7979
8004
7958
8125
8089
8155
7932
8026
8075
7989
7907
8000
8162
8153
8128
8155
7878
7968
8023
7971
7885
8129
8152
7929
8128
8120
8170
8073
7920
8155
7972
8084
8178
8011
8104
8193
7998
8132
7980
7919
7956
8167
7976
8035
8190
8181
8119
7937
8011
8078
8202
8054
7929
8112
8143
8173
8165
8016
7919
8069
8028
8096
8172
8104
8076
7942
8107
8190
8055
7945
8212
8140
8178
8161
7974
8151
8159
8158
7981
8206
8168
8058
8191
8026
8132
8088
8077
8099
8155
8103
8038
8066
8008
8073
7986
8131
8241
7984
8210
8098
7983
8007
8099
8005
8116
7998
8185
8190
8136
8056
8097
8223
8095
8091
8021
8192
7991
3875
3505
3962
3973
3370
3615
3313
3761
3427
3107
3495
3618
3061
3770
3784
3783
3821
3791
3599
3480
3161
3131
3773
3988
3101
3649
3993
3241
3964
3837
3062
3252
3961
3820
3692
3391
3443
3433
3176
3870
3611
3737
3315
3263
3708
3555
3324
3502
3636
3636
3582
3728
3435
3625
3435
3188
3834
3164
3552
3684
3043
3049
3235
3037
3269
3797
3421
3116
3876
3313
3229
3285
3390
3154
3824
3698
3432
3251
3934
3522
3216
3470
3871
3081
3017
8314
8334
8222
8332
8239
8178
8249
8112
8199
8224
8230
8304
8293
8244
8135
8256
8140
8101
8084
8372
8089
8127
8146
8169
8323
8348
8226
8119
8129
8180
8226
8323
8212
8378
8387
8204
8245
8287
8366
8348
8123
8323
8132
8223
8383
8200
8117
8205
8338
8403
8356
8367
8404
8125
8197
8273
8270
8212
8313
8125
8389
8417
8221
8206
8300
8335
8268
8200
8288
8346
8309
8140
8138
8218
8250
8432
8346
8289
8287
8402
8328
8317
8397
8176
8229
8434
8147
8343
8165
8204
8198
8242
8440
8323
8391
8178
8289
8203
8372
8441
8372
8460
8348
8324
8165
8176
8181
8355
8378
8308
8453
8183
8324
8244
8394
8394
8367
8267
8286
8397
8298
8437
8397
8426
8394
8374
8217
8301
8308
8450
8414
8428
8492
8332
8232
8210
8403
8291
8430
8444
8360
8472
8222
8428
8225
8243
8470
8503
8311
8267
8235
8451
8506
8480
8225
8331
8473
8326
8221
8485
8247
8368
8383
8275
8477
8225
8367
8348
8297
8374
8400
8442
8271
8298
8297
8420
8301
8308
8463
8281
8478
8511
8244
8311
8509
8449
8400
8250
8468
8536
8370
8511
8430
8482
8479
8293
8356
8262
8428
8488
8351
8331
8466
8313
8444
8491
8345
8548
8526
8336
8415
8419
8382
8281
8464
8349
8531
8577
8374
8379
8458
8405
8494
8316
8312
8328
8406
8323
8300
8404
8407
8498
8407
8593
8297
8311
8423
8579
8563
8493
8499
8556
8394
8356
8452
8347
8399
8470
8422
8423
8523
8318
8368
8373
8323
8514
8371
8318
8489
8484
8603
8464
8534
8423
8327
8476
8597
8378
8473
8557
8473
8486
8408
8381
8496
8336
8478
8450
8342
8486
8622
8372
8432
8405
8364
8563
8410
8575
8390
8640
8464
8444
8354
8642
8504
8589
8366
8459
8551
8642
8588
8421
8507
8584
8485
8611
8454
8444
8571
8493
8402
8593
8615
8482
8384
8602
8577
8537
8654
8602
8502
8603
8418
8411
8411
8403
8574
8659
8509
8394
8494
8532
8430
8490
8572
8606
8447
8473
8461
8594
8499
8640
8515
8449
8704
8593
8591
8425
8648
8514
8490
8469
8519
8593
8713
8667
8565
8656
8703
8538
8696
8510
8688
8438
8585
8496
8527
8591
8507
8721
8433
8515
8449
8687
8592
8543
8688
3763
3713
3888
3144
3263
3570
4079
3642
3367
3499
3525
3214
3102
4052
4036
3595
3446
3130
3765
3622
3589
3494
3275
3254
4076
3691
3670
3156
3415
3834
3289
3346
3628
3771
4000
3152
3233
3837
3935
3097
3604
3677
3942
3961
3502
3914
3495
3137
3110
3116
3289
3657
4095
3976
3911
3113
4015
3881
3471
3871
3407
3863
3490
3589
3355
3986
4021
3208
3833
3714
3219
4061
3931
3407
4074
3866
3294
3814
3735
3371
4033
3692
3878
3660
4019
4042
3813
3725
3478
3542
3196
3360
3773
4065
3668
3406
3310
3136
3388
3936
3579
3384
3988
3515
3114
3639
3747
3682
3422
3153
4037
3235
3807
3434
3702
3804
4010
3407
3721
3659
3497
3221
3567
3975
4038
3641
3440
3815
3657
4071
3329
3131
3837
4031
3629
3715
3498
3618
3148
3150
3891
3595
3393
3710
3830
3495
3664
3238
3687
3890
3553
3822
3271
4005
3480
3699
3319
3932
3236
3270
3389
3525
3258
3827
3229
3333
3482
3670
3367
3326
4001
3762
3241
3814
3129
3973
3712
3513
3732
3943
4031
3260
3899
3316
3208
3704
3163
3693
3517
3129
3282
3278
4031
3939
3689
3134
3223
3451
4042
3272
3567
3982
4093
3805
3767
3439
3302
3332
3677
3393
3748
3948
4104
3721
3189
3740
3377
4048
3721
3763
3911
3578
3599
4037
3362
3189
4082
3391
3968
3922
3917
3587
3851
3951
3279
3886
3757
3137
3697
3433
3326
3767
3521
4057
3611
4119
3232
3932
3883
3500
3268
3317
4105
3591
3729
3821
3953
3700
3299
3670
3739
3261
3351
3504
3191
3716
4066
3373
3291
3226
3724
3422
3596
3870
3219
3822
3280
3514
3809
3441
4017
3344
3334
3658
3840
4060
4096
3734
3965
3869
4088
3567
3985
3630
3439
3260
3574
3360
3414
3190
3971
3599
3233
4046
3713
3986
3834
4137
3190
3572
3216
3440
3199
3651
3271
3415
3929
3725
3944
3603
3976
3331
3683
3977
4048
3681
3306
4135
3705
4152
4013
3401
3525
3778
3892
3658
3854
3836
3730
3232
3321
3627
3168
3198
3849
3494
3436
3876
3607
3230
3977
3535
3648
4050
3870
3408
3345
3472
3863
4046
3433
3828
4123
4008
3838
3472
3595
3733
3856
3503
3719
4107
4025
3708
3387
3722
3408
3838
4081
4133
3610
3404
3993
3911
3531
3754
3430
3211
3671
3379
3992
3639
3372
3741
3437
3318
3631
3402
3897
3872
3814
3279
3954
3828
3865
3232
3552
3226
3899
4133
4050
3671
3424
3676
3267
4101
3841
3822
3867
3323
3648
3889
3566
3221
3935
3562
3182
4112
3848
3372
3412
3235
3844
3449
3868
4076
3335
3296
3318
3324
3528
3577
3532
3725
3608
4028
4005
4070
3724
4157
3344
4053
4021
3813
3417
3340
3402
3731
4049
3304
3454
3272
3985
3949
3594
4012
3985
3404
3716
3737
3555
4122
4035
3670
3600
4096
4005
3723
3384
3558
3405
3292
3878
3627
3859
3466
3278
3697
3877
3390
3452
3466
3362
3348
9150
8977
9194
9220
9225
9063
9073
9190
9127
9078
9087
9140
9212
9039
9144
9120
9078
8950
9052
9031
9154
9036
9020
9011
9069
9093
9232
9056
9151
8965
9098
9262
9188
8995
9109
9026
9028
9040
9180
9157
9222
9152
9145
9173
9209
9234
9058
9161
9029
9082
9191
9047
9022
9188
9033
9283
9214
9182
9211
9081
9076
9229
9066
9137
9042
9148
9182
9188
9062
9219
9072
9287
9074
9232
9051
9279
9097
9287
9296
9116
9136
9079
9149
9083
9277
9027
9257
9260
9238
9317
9144
9074
9151
9073
9322
9129
9271
9324
9067
9292
9140
9248
9226
9306
9152
9202
9222
9325
9238
9099
9339
9148
9319
9244
9113
9303
9104
9139
9209
9340
9260
9121
9064
9278
9125
9249
9268
9104
9195
9246
9303
9146
9133
9106
9142
9257
9286
9197
9270
9170
9197
9194
9283
9323
9366
9092
9177
9274
9222
9110
9322
9089
9304
9361
9282
9342
9184
9094
9129
9313
9301
9243
9233
9133
9142
9349
9365
9258
9108
9317
9173
9365
9253
9125
9186
9286
9155
9122
9365
9360
9133
9116
9135
9360
9118
9147
9181
9165
9266
9353
9218
9344
9346
9145
9223
9328
9256
9246
9344
9250
9414
9422
9309
9426
9373
9216
9235
9147
9275
9158
9309
9293
9169
9197
9167
9150
9299
9333
9334
9224
9152
9217
9453
9158
9370
9196
9443
9321
9204
9241
9315
9163
9339
9230
9406
9426
9235
9339
9308
9306
9442
9347
9434
9362
9392
9433
9391
9310
9451
9434
9320
9234
9268
9467
9285
9233
9417
9389
9288
9204
9482
9360
9333
9269
9399
9362
3941
3891
3703
4059
3306
3490
3599
3432
4158
4142
3299
3601
3308
3453
3597
3878
3589
4207
3967
4033
4115
3496
3507
3408
4056
4088
3929
3457
4130
3986
3487
3323
3330
3341
3472
3345
3540
3774
3430
3731
3607
3551
3402
3278
4205
3792
3344
4115
4015
3948
3436
3868
3783
3936
3815
4039
3580
3880
3774
3267
4103
4025
3398
3320
3327
3371
4165
3447
3435
3947
4242
4217
4156
4016
3453
4066
3683
4115
3291
4152
3942
3921
3504
3871
4089
3779
3854
3489
3585
3958
3747
4172
4031
3687
3950
4026
3443
4099
3509
3892
3423
3501
3593
3466
3609
3978
3276
3449
3991
3942
3527
4010
3293
3740
3660
4130
3749
3587
3755
3716
3375
3777
3790
3337
3801
3518
3519
3289
3445
4263
4248
3346
3775
3404
3628
3777
4098
3346
3914
3587
4085
3901
3666
3632
4178
3866
4180
3537
3553
3452
3669
4151
3995
3853
3457
3461
3376
3673
3280
4185
3365
3445
3299
4245
3426
3809
3358
3512
3350
3616
3993
3591
3546
4193
3697
3719
4001
3344
3718
3552
3521
4047
3587
4023
3849
3536
4067
3863
3301
4024
3625
3347
3536
3396
3801
3727
3323
3597
3716
3779
3869
4264
3282
3843
3463
3412
4004
4264
4103
4247
3429
3408
4242
3800
3568
3950
3821
4148
3395
3764
4036
4206
3640
4265
3667
3472
3313
4027
4215
4214
3354
3466
3630
3699
3775
3292
3876
4198
3754
3928
3729
3936
3813
4016
4196
3323
3553
3824
4155
3361
4054
3311
3981
3472
3779
3994
4202
3514
3710
3292
3548
3770
3738
4027
3729
3916
3594
3908
3336
3463
3322
3813
3462
3942
3701
3363
3468
3303
3900
4204
3991
3973
4286
3433
3413
3727
3431
3985
3472
3514
3611
3316
3974
3321
4244
4287
3889
3793
4129
4030
3527
3542
4155
4142
4152
3423
3871
4020
4054
3648
3966
4251
3861
3316
3899
3457
3603
3833
3574
4218
4159
3363
3983
3886
3338
3791
3337
3465
4093
3812
3454
3815
4088
3757
3865
3789
4065
3427
3612
4004
3410
3819
4017
4255
4180
3575
4234
3935
4112
4060
3657
4193
3630
4303
4202
4052
3380
4103
3475
4065
3999
4110
4006
4026
4176
4046
4076
4232
4221
3763
3902
4075
3388
3382
3633
3650
3601
3857
3554
4301
4119
4139
4287
4144
3850
4057
3341
3503
3349
3469
3753
3866
3959
3641
3840
3820
3875
4274
3586
4281
4264
3438
3773
3596
3986
3965
3784
3878
3894
4181
3491
4212
4156
3564
3827
4023
3391
4088
3647
4290
3620
4057
9750
9683
9819
9805
9753
9660
9682
9877
9900
9772
9692
9657
9659
9809
9751
9852
9786
9930
9662
9660
9917
9836
9853
9684
9844
9754
9938
9868
9844
9861
9702
9755
9684
9711
9733
9781
9768
9812
9782
9669
9899
9748
9936
9917
9877
9796
9954
9732
9711
9675
9905
9919
9917
9762
9882
9732
9959
9788
9936
9802
9686
9917
9790
9832
9814
9762
9978
9739
9854
9838
9960
9751
9915
9920
9950
9741
9761
9885
9750
9748
9958
9722
9859
9971
9995
9777
9779
9911
9723
10007
9962
9983
9906
9754
9781
9841
9886
9725
9792
9783
9963
9746
9930
9950
9768
9750
9901
9915
9820
9791
10018
10004
9898
9752
9868
9820
9854
9992
9823
9820
9778
9902
9949
9904
9962
9929
10027
9941
9760
9765
9972
9835
10040
10021
9827
9819
9807
10031
10045
10016
9990
9894
10043
9898
9832
10059
9988
10018
9870
9780
10021
9921
10024
9803
9964
10040
9935
9877
9945
9976
9891
9968
9855
9996
9916
9862
9796
9953
9793
9899
9790
9799
9830
10073
10000
9989
9959
9969
9900
9820
10034
9804
9926
9844
10026
9845
9937
9936
10059
9907
9830
9979
10065
9938
10003
10058
10094
10008
9836
10052
9856
9974
9896
9881
10118
10118
9922
9926
10004
9967
10014
9875
10095
10045
10083
9915
9865
10053
9862
10122
9877
9920
10100
10128
10088
9860
10145
10112
9970
9914
10114
10008
9929
10088
9994
10122
9950
10052
10023
9906
10114
10052
10048
10006
10134
9922
10063
9905
10086
9903
9954
10025
9944
9964
10038
9915
10090
10025
10122
9950
10054
10180
9998
9957
9996
10114
10035
10062
10096
9892
10116
10163
10098
10122
9900
9920
10002
10051
9969
10158
10170
9918
10072
10139
9932
10190
10066
9965
10199
10065
9961
10049
10042
10131
10068
10213
10074
9926
9952
10029
9948
9976
9966
10091
9966
10124
10035
9981
10122
10179
10118
10057
10035
10137
10033
10030
10040
10129
10059
10144
3817
3477
3656
4110
4185
4054
4056
4135
4257
4309
4329
3797
4212
4092
3862
4193
4211
3821
4065
4001
4137
4178
4030
3771
3510
4348
4057
3473
3918
4034
4056
4280
3487
4315
4307
3870
4306
4018
4144
3775
3556
3596
3506
3899
3453
4219
3511
4287
3721
3511
3451
3626
3824
4244
3943
3823
4368
4065
4394
4124
3925
4240
4039
3619
4020
4029
3407
3896
4360
3523
10154
10273
10173
10221
10112
10043
10291
10096
10285
10104
10238
10036
10202
10208
10215
10146
10034
10176
10254
10260
10168
10160
10299
10190
10112
10117
10248
10127
10202
10292
10115
10242
10113
10092
10312
10112
10188
10200
10180
10238
10091
10103
10125
10275
10160
10135
10138
10088
10215
10183
10068
10092
10285
10307
10361
10142
10242
10261
10122
10338
10177
10125
10190
10148
10288
10208
10200
10251
10299
10241
10085
10203
10112
10335
10325
10329
10128
10144
10165
10220
10337
10267
10109
10215
10281
10292
10109
10113
10211
10296
10219
10342
10285
10204
10288
10119
10251
10397
10203
10190
10380
10336
10234
10369
10258
10306
10381
10216
10228
10348
10156
10314
10245
10193
10407
10342
10306
10277
10136
10137
10381
10205
10194
10393
10255
10419
10344
10418
10276
10233
10182
10373
10418
10181
10194
10183
10426
10377
10427
10340
10207
10204
10385
10368
10360
10383
10433
10231
10360
10328
10399
10164
10308
10273
10200
10383
10428
10333
10200
10269
10223
10246
10247
10251
10239
10345
10264
10307
10361
10272
10250
10197
10194
10390
10442
10242
10475
10470
10384
10251
10230
10380
10306
10487
10278
10411
10412
10332
10285
10361
10273
10325
10261
10360
10205
4167
3501
4272
3738
3443
3999
4095
3942
4101
3688
4374
3903
3819
3901
4267
3666
3788
4173
3634
3744
4156
3843
3581
3537
4274
4298
3762
10260
10516
10419
10238
10438
10313
10276
10278
10502
10271
10416
10341
10528
10519
10429
10442
10319
10537
10295
10516
10425
10312
10545
10311
10372
10342
10460
10318
10323
10348
10550
10421
10350
10419
10436
10435
10534
10393
10340
10461
10383
10472
10487
10280
10478
10323
10359
10353
10438
10518
10572
10493
10573
10473
10310
10394
10338
10372
10407
10456
10393
10573
10455
10514
10553
10560
10517
10431
10365
10406
10594
10519
10549
10304
10381
10377
10510
10359
10370
10544
10505
10594
10536
10578
10585
10598
10347
10586
10574
10477
10420
10385
10454
10339
10457
10426
10396
10600
10556
10547
10536
10523
10424
10342
10376
10433
10478
10504
10447
10628
10598
10526
10356
10482
10596
10605
10481
10370
10579
10438
10445
10518
10552
10421
10595
10406
10386
10643
10418
10623
10477
10649
10556
10553
10550
10626
10503
10412
10608
10405
10469
10474
10580
10582
10459
10603
10458
10505
10432
10533
10483
10582
10485
10560
10654
10632
10436
10391
10686
10535
10636
10424
10583
10518
10636
10458
10519
10666
10616
10536
10665
10674
10662
10681
10700
10583
10568
10647
10687
10653
10661
10502
10679
10435
10488
10591
10489
10566
10626
10438
10538
10464
10527
10551
10649
10562
10427
10503
10626
10531
10644
10487
10587
10516
10451
10714
10466
10608
10662
10567
10491
10682
10530
10562
10658
10619
10733
10623
10485
10735
10503
10729
10687
10591
10586
10550
10690
10686
10684
10572
10558
10563
10762
10515
10540
10727
10698
10635
10643
10583
10484
10592
10532
10491
10764
10728
10669
10759
10490
10566
10550
10782
10611
10627
10528
10616
10597
10767
10625
10576
10624
10551
10681
10736
10741
10556
10760
10644
10754
10562
10632
10533
10613
10747
10578
10767
10524
10629
10561
10753
10809
10556
10732
10615
10743
10782
10601
10785
10761
10690
10740
10576
10580
10569
10823
10568
10759
10601
10825
10729
10601
10573
10708
10802
10798
10617
10690
10664
10831
10688
10652
10600
10640
10660
4008
4395
3549
4264
4095
3963
3553
4272
3666
4435
4077
4122
4361
3854
4055
4235
4483
4091
4312
4507
3667
4102
3629
4431
4425
4436
3977
3545
4010
4037
4144
3680
4364
3552
3589
4481
3921
4075
4424
3569
3665
3983
4517
4033
3720
3892
4329
4504
4151
3693
4059
3924
4265
4051
3962
3675
4257
4064
4398
4049
4172
3954
3926
3725
4162
4479
4334
3727
4499
3657
3912
4177
3986
4278
4218
3685
3686
3751
4367
3537
4236
3575
4105
4508
3807
3575
3851
4437
4056
4040
4138
3939
3650
4324
3855
3581
4226
4070
3568
4088
4330
3977
4045
4283
4427
4318
4457
4283
3953
4186
4214
3705
4530
4207
4345
4195
4134
4093
3925
4457
3916
3733
4518
4427
3756
3797
4027
4512
4093
4203
4169
4349
3546
3765
3769
4439
4169
4216
3622
4345
4312
4084
3828
4463
3986
4478
4047
4399
3654
4237
4212
3571
4353
4415
4336
4024
3927
3773
4065
3704
4016
3952
3981
4517
4183
3843
3855
4101
3982
4226
3752
4067
4352
3627
4391
4511
4112
4355
4461
3552
4150
4192
4329
4115
4276
3710
3701
4062
4036
4172
4293
4392
3676
4184
4511
4097
4393
4260
3930
4093
3985
3925
3574
3947
4477
3995
3936
4300
3714
4440
3609
4275
3817
4526
4409
4013
3819
3828
3853
4338
4123
3782
4270
4509
3941
3952
4413
4382
3588
4117
3877
4023
3709
4515
3646
4138
4270
4188
4134
3795
4472
4015
3993
4337
4477
4382
4136
3621
4257
4398
4317
3969
4403
4449
3757
4134
4396
3789
3761
3653
3588
4228
4454
4506
4302
4060
3828
4143
4501
4195
3754
4110
4042
4203
4529
4039
4226
4515
3828
4057
3703
4559
3981
3791
3884
11082
10943
11096
10932
11009
11010
10855
11049
11100
10983
11132
11007
11140
11097
11031
11118
10848
11088
11106
10885
10868
11021
10986
10993
10959
11141
10923
11147
10999
10941
11012
11091
11145
11005
10941
11012
11073
10968
11011
11154
10900
11061
10893
11061
11112
11163
10888
11072
10926
11163
10945
11113
10976
10973
10933
11136
11005
10898
10928
11033
10896
10961
10936
11050
11091
11181
11187
10924
10990
11130
10973
11034
11114
11106
10996
11164
11011
11175
11009
10940
11163
11044
11171
11208
11084
11179
10998
11206
11052
11021
11102
11064
10941
11202
10941
10940
11085
11149
11021
10964
10968
10981
10941
11073
11041
11217
11222
11074
11001
11059
11218
11227
10961
11126
10998
11214
11216
11033
10988
10981
10984
11039
11115
11228
11019
11145
11214
11195
11190
11071
11116
11183
11192
11040
11149
11155
11170
11128
11185
11058
11029
11016
11091
11060
11218
11101
11069
11219
11141
11212
11201
11006
11109
11199
11219
11116
11240
11040
11132
11073
11172
11073
11189
11154
11046
11048
11003
11026
11220
11268
11261
11204
11120
11296
11111
11074
11161
11043
11252
11070
11052
11284
11296
11188
11252
11078
11204
11299
11230
11032
11071
11062
11083
11227
11313
11203
11032
11084
11193
11207
11315
11220
11257
11226
11057
11082
11308
11225
11068
11189
11300
11286
11314
11101
11068
11316
11239
11324
11288
11076
11263
11197
11082
11303
11233
11243
11239
11128
11328
11296
11106
11112
11340
11303
11190
11098
11109
11095
11288
11256
11090
11256
11153
11143
11230
11237
11239
11298
11366
11342
11208
11284
11147
11240
11264
11225
11093
11204
11176
11099
11172
11230
11151
11125
11332
11189
11218
11225
11327
11169
11309
11202
11254
11398
11312
11355
11250
11301
11407
11212
11237
11374
11124
11310
11215
11339
11223
11165
11248
11263
11329
11404
11232
11270
11172
11421
11246
11140
11259
11256
11400
11385
11393
11275
11432
11231
3919
3740
3883
4496
3961
3968
3899
3990
3637
4585
3960
3732
4199
4350
4207
4571
4613
4453
3971
4141
4300
3875
4292
4186
4224
3836
4417
4053
3879
3965
4543
3802
4528
4103
4263
3951
3885
4184
4623
3942
3705
3943
4464
3871
4176
4583
3724
4288
4062
4322
4103
4558
4437
4567
4095
4483
4350
4174
3684
4240
4576
3706
4398
4056
4121
3961
3841
4348
4253
4312
4349
3743
3791
3662
3953
4387
3645
4445
4466
3757
4025
4194
4090
4459
4245
4133
3744
4053
4018
3803
4628
4395
4170
4394
4147
4267
3679
3967
3905
4226
3970
4171
4067
4129
3795
4165
4642
4341
4554
4563
3894
4223
4584
3978
3817
3895
4383
4341
4324
3994
4555
4628
4476
4020
4585
3964
4213
3828
3778
4540
4363
11558
11375
11462
11518
11433
11484
11412
11470
11326
11452
11486
11402
11521
11371
11330
11354
11506
11350
11354
11380
11350
11459
11538
11408
11571
11421
11428
11483
11308
11425
11540
11518
11501
11589
11574
11370
11420
11536
11411
11543
11343
11427
11496
11428
11558
11410
11519
11466
11437
11407
11469
11375
11609
11532
11330
11614
11392
11454
11395
11425
11530
11418
11527
11616
11576
11338
11602
11524
11481
11458
11539
11501
11485
11357
11460
11420
11528
11521
11611
11531
11359
11360
11424
11357
11372
11530
11640
11578
11416
11642
11632
11503
11540
11377
11448
11485
11637
11598
11473
11581
11553
11559
11404
11635
11473
11499
11491
11638
11575
11390
11429
11384
11526
11409
11667
11615
11674
11409
11641
11418
11470
11606
11432
11635
11591
11527
11688
11442
11419
11537
11481
11504
11581
11502
11591
11429
11431
11421
11657
11625
11530
11496
11644
11708
11709
11626
11600
11542
11637
11513
11505
11605
11562
11544
11668
11486
11716
11455
11620
11510
11595
11574
11611
11662
11473
11698
11715
11722
11556
11526
11439
11717
11575
11717
11670
11667
11492
11654
11704
11584
11577
11601
11685
11718
11656
11610
11650
11563
11534
11636
11547
11603
11666
11557
11660
11509
11593
11651
11604
11533
11533
11470
11543
11685
11732
11706
11481
11651
11476
11598
11715
11553
11584
11581
11569
11668
11646
11709
11565
11714
11516
11654
11615
11617
11562
11557
11689
11628
11533
11761
11661
11554
11633
11724
11711
11532
11799
11667
11590
11573
11514
11676
11748
11809
11608
11610
11613
11788
11588
11624
11649
11805
11778
11569
11644
11782
11806
11597
11617
11682
11778
11789
11800
11699
11540
11705
11775
11704
11816
11736
11674
11816
11773
11707
11718
11710
11717
11701
11595
11813
11776
11678
11693
11563
11553
11791
11842
11634
11754
11764
11796
11701
11670
11603
11664
11592
11634
11730
11707
11765
11770
11652
11638
11800
11735
11638
11674
11656
11767
11853
11780
11675
11638
11784
11691
11630
11765
11795
11631
11751
11719
11860
11879
11804
11881
11738
11820
11795
11768
11627
11677
11646
11887
11652
11730
11771
11823
11770
11709
11770
11640
11777
11643
11886
11884
11843
11716
11629
11816
11691
11850
11669
11887
11625
11735
11847
11685
11858
11870
11787
11667
11730
11735
11818
11714
11822
11895
11659
11819
11724
11726
11792
11912
11878
11788
11914
11712
11699
11681
11682
11658
11851
11889
11678
11678
11943
11732
11666
11809
11882
11765
11772
11860
3996
4694
4067
4329
3923
3855
4691
4034
11911
11904
11777
11841
11810
11764
11787
11949
11954
11924
11937
11866
11776
11886
11894
11761
11866
11952
11785
11812
11832
11841
11864
11900
11699
11973
11888
11784
11961
11853
11893
11853
11981
11721
11965
11873
11948
11862
11869
11730
11860
11860
11912
11956
11992
12010
11815
11917
11766
11863
11822
11852
11875
11967
11737
12016
11911
11982
11847
11749
11765
11929
11925
11945
11889
11858
11896
11872
12019
12024
11879
11997
11825
12019
11779
11858
12034
11901
11756
11816
11756
11932
11777
11879
11860
12036
11974
12018
11830
11938
11986
11894
11872
11920
11795
11968
12042
12035
11872
11912
11966
11870
12023
11999
11992
11941
11809
11974
12053
11963
12022
12058
11901
11993
11814
12047
11935
12025
11934
11903
11899
11884
11996
11853
11838
11822
11919
11909
11883
12012
12082
11844
12039
12051
11849
11841
12086
11949
11894
12034
11952
11905
11813
12003
11970
12018
11849
12018
11854
11925
11932
11898
12107
11967
11911
12026
11895
11826
12000
12110
11838
12040
11928
11844
11871
11879
11905
11965
12071
12057
11944
11928
12055
12006
11917
11882
12073
12063
12084
11993
12055
11922
11923
12097
12069
12033
11959
11956
11975
12050
11997
12101
12051
12091
12138
12072
11985
12127
11915
11984
12148
12113
12117
12112
12146
12087
12095
11994
11963
11946
11884
11915
11991
12158
12169
12142
12129
12079
12073
11977
11930
12162
12130
12058
12105
12141
12000
12167
12147
11959
11984
12051
12063
12032
12156
12061
11992
12049
12106
12036
12001
12144
12056
11988
12018
11969
12036
11949
11976
12030
11974
12203
12065
12002
12140
12163
11963
12147
12036
12138
12126
12019
12187
12144
12043
12201
12040
11966
12004
12020
12051
12185
12048
12097
12173
11984
12133
12150
11970
12056
12037
12009
12238
12007
12058
12026
11957
12105
11973
12096
12067
12020
12163
12074
12205
12030
12102
12090
12106
11976
12098
12189
12248
12246
12249
12075
12079
12082
12027
12072
12211
11994
12063
12189
12046
12190
12025
11996
12115
12064
12246
12076
12115
12124
12011
12205
12130
12125
12203
12227
12120
12044
12117
12102
12030
12198
12187
12063
12122
12065
12088
12068
12029
12114
12123
12241
12121
12060
12050
12270
12267
12152
12154
12184
12050
12260
12234
12253
12239
12046
12104
12088
12125
12202
12285
12057
12218
12084
12047
12095
12273
12090
12110
12048
12063
12258
12059
12217
12226
12248
12170
12327
12115
12136
12106
12181
12210
12308
12289
12252
12263
12271
12175
12186
12130
12234
12164
12208
12118
12338
12329
12166
12310
12139
12220
12121
12154
12279
12315
12343
12325
12149
12306
12101
12359
12297
12121
12287
12315
12345
12103
12215
12122
12122
12234
12167
12224
12196
12243
12180
12263
12305
12289
12160
12373
12166
12127
12189
12379
12242
12183
12253
12190
12292
12343
12310
12119
12319
12221
12119
12318
12356
12405
12265
12173
12390
12424
12210
12145
12332
12371
12387
12365
12229
12154
12201
12140
12254
12298
12168
12305
12394
12393
12283
12326
12358
12399
12335
12233
12379
12212
12288
12291
12314
12332
12199
12359
12385
12245
12444
12281
12277
12251
12337
4553
4580
4546
4541
4466
4039
4330
4047
4399
4311
4343
4375
4692
4147
4789
4183
3985
4776
4589
4209
4600
4831
3900
4737
4407
4835
3948
4585
4172
4056
4636
4196
3910
4223
4478
4125
3945
4664
4084
4174
4092
4332
4078
4710
4619
3941
4815
4279
4631
4537
4561
4407
4333
4747
4813
4679
4800
4311
4606
4557
4716
4189
3917
4725
4211
4703
4617
4078
4085
4706
4489
4709
4261
4212
4626
4593
4453
4360
4336
4418
4252
3875
4673
4218
4165
4329
4600
3967
4240
4782
4294
4082
4647
3955
4772
4487
4388
4361
4086
4401
4074
4761
4246
4302
4159
3940
4370
4832
4136
4715
4357
4820
4571
4205
4783
4719
4689
4277
4071
4180
4018
4526
4184
4573
4759
3942
4143
4247
4101
4680
4529
3960
4532
4723
4315
3984
4084
4694
3923
4340
4084
4806
4494
3981
4292
4233
4501
4808
4632
4032
4044
4762
4607
4452
4818
4727
4266
4468
3943
4511
4753
4269
4638
4475
4245
4637
3917
4853
4733
4136
4200
4815
4075
4282
4491
4498
4495
3919
3886
4279
4198
4498
4412
4215
4174
4719
4386
4294
4408
4250
4434
4093
4459
4470
4127
4585
4619
3905
4849
3885
4030
4552
4065
4138
4467
4824
4248
4138
4128
4134
4035
4416
4399
4241
4568
4429
4548
4496
4080
4509
4048
3950
4869
4594
4266
3944
4534
3913
4383
4803
4660
4555
4512
4243
3938
4816
4394
3984
4857
3884
4867
4849
4265
4465
4573
4036
4826
4107
4212
4508
4297
4819
4829
4614
4260
4283
3965
4141
4647
4017
4301
4077
4649
4040
4217
4490
4189
4386
4631
4397
3952
3897
4043
4323
4605
4068
3943
4389
4015
4099
4090
4616
4571
4056
4333
3921
4489
4142
4531
4453
3993
3937
3895
4279
4456
4501
4036
4449
4627
3934
4100
3936
4866
4874
4423
4736
4557
4519
4138
4551
4786
4685
4663
4805
4749
4350
4428
4121
4401
4540
4450
4604
4809
4729
3900
4426
4651
4231
4432
4338
4687
4310
4041
4625
4213
4039
3957
4291
4364
4883
4872
4503
4535
3930
4507
4537
4549
4295
4879
4588
4264
4267
4895
4404
4830
3934
4070
4445
4511
4661
3920
4451
4319
4062
4223
4331
4816
4334
4760
4440
4864
4833
4132
3912
4115
4638
4674
4740
4095
4330
4698
4417
3977
4862
4878
4093
4178
4381
4597
4348
4037
4264
4319
4309
4431
4678
4478
4158
4594
4104
4684
4501
4876
4714
4876
4903
4772
4276
4152
4747
4565
4835
4169
4017
4270
4090
4314
4594
4029
4216
4325
4206
4423
4496
3965
4456
12862
12604
12746
12764
12665
12759
12636
12757
12792
12893
12735
12626
12764
12744
12633
12648
12829
12754
12688
12700
12656
12894
12905
12745
12852
12675
12704
12685
12807
12765
12633
12848
12769
12667
12763
12880
12852
12872
12892
12677
12717
12835
12855
12866
12710
12783
12794
12637
12691
12785
12926
12742
12671
4722
4692
4041
4539
4356
4816
4031
4266
4129
4567
4230
4534
4160
4416
4542
4229
4615
4074
4339
4444
4891
4127
4383
4077
4180
4291
4430
4728
4131
4648
4282
4687
4828
4221
4935
4556
4509
4345
4789
4323
4255
4202
3969
4734
4329
4303
4798
4741
3971
4482
4672
4104
4295
4315
3980
4206
4588
4647
4780
4594
4350
4143
4929
4925
4773
4914
4856
3962
4115
4312
4399
3992
4250
3969
4113
4421
4741
4743
4841
4190
4874
4427
4536
4533
4443
3952
4067
4893
4140
4773
4375
4187
4123
4301
4863
4326
4273
4745
4807
4886
4268
4476
4522
4855
4158
4050
4629
4828
4210
4229
4626
4626
4583
3978
4933
4536
4919
4745
4666
4188
4880
4612
4221
4236
4915
4628
4830
4824
4872
4402
4177
4820
4150
4322
4227
4817
4404
4151
4955
4529
4073
4495
4078
4361
4631
4169
4378
4130
4193
4854
4007
4371
4907
4244
4366
4131
4912
4331
4718
4761
4811
4556
4826
4738
4295
4411
4257
4335
4415
4363
4123
4228
4396
4771
4550
4404
4480
4129
4526
4876
4873
4962
4847
4082
4108
4731
4072
4258
4949
4187
4961
4033
4116
4704
4846
4723
4252
4020
4626
4565
4719
4109
3982
4013
4313
4588
4875
4601
4622
4597
4275
4661
4604
4823
4191
4259
4222
4118
4102
4098
3980
4595
4425
4214
4329
4784
4680
4691
4845
4773
4050
4721
4930
4134
4973
4286
4880
4056
4824
4583
4894
4041
4661
3986
4580
4669
4523
4412
4432
4071
4665
4000
4469
4896
4725
4644
4387
4259
4868
3992
4723
4492
4199
4371
4010
4488
4307
4809
4253
4094
4970
4978
4099
4546
4754
4171
4180
4116
4500
4305
4636
4733
4538
4632
4880
4471
4940
4791
4121
4199
4232
4210
4130
4379
4513
4659
4566
4473
4324
4364
4874
4246
4750
4333
4094
4832
4068
4583
4726
4941
4794
4930
4464
4503
4658
4130
4389
4512
4300
4789
4849
4249
4895
4921
4063
4953
4524
4301
4674
4563
4201
4250
4487
4667
4945
4597
4039
4425
4773
4242
4176
4984
4797
4981
4814
4140
4114
4422
4360
4568
4786
4807
4274
4627
4911
4350
4486
4499
4023
4695
4769
4167
4806
4099
4646
4175
4456
4285
4104
4763
4473
4913
4150
4416
4053
4335
4704
4397
4438
4420
4699
4117
4477
4063
4154
4471
4330
4824
4289
4548
4453
4094
4998
4042
4568
4047
4613
4424
4832
4919
4960
4395
4367
4750
4710
4248
4908
4384
4292
4303
4183
4358
4037
4864
4064
4712
4085
4680
4749
4741
4414
4976
4179
4516
4526
4138
4668
4890
4366
4342
4084
4879
4842
4688
4114
4599
4665
4954
4128
4022
5014
4990
4848
4188
4273
4955
4355
4413
4907
4064
4752
4066
4754
4041
4108
4910
4590
4833
4302
4149
4719
4270
4877
4426
4215
4305
4034
4399
4120
4948
4543
13388
13403
13180
13300
13188
13189
13276
13414
13208
13415
13266
13330
13327
13191
13189
13214
13254
13132
13362
13142
13341
13212
13326
13347
13298
13148
13369
13278
13375
13200
13403
13440
13433
13314
13405
13447
13293
13342
13444
13316
13233
13326
13243
13248
13443
13229
13389
13335
13229
13241
13438
13417
13332
13434
13211
13331
13389
13239
13190
13426
13366
13443
13189
13372
13212
13196
13214
13208
13435
13364
13353
13228
13192
13292
13374
13464
13482
13305
13267
13313
13443
13438
13202
13428
13342
13276
13311
13432
13443
13454
13411
13215
13268
13353
13283
13280
13261
13310
13421
13483
13367
13483
13221
13312
13426
13381
13277
13357
13285
13293
13465
13361
13392
13235
13241
13468
13489
13443
13361
13506
13265
13306
13528
13446
13459
13461
13487
13428
13338
13529
13485
13306
13453
13487
13328
13249
13317
13538
13325
13267
13470
13281
13445
13404
13352
13535
13474
13526
13486
13287
13378
13398
13356
13453
13366
13518
13435
13368
13394
13301
13279
13486
13472
13447
13316
13388
13559
13471
13345
13293
13348
13554
13402
13307
13404
13480
13551
13314
13537
13468
13328
13508
13452
13592
13511
13401
13459
13364
13452
13354
13511
13576
13551
13593
13370
13407
13555
13405
13600
13455
13421
13424
13370
13595
13454
13352
13612
13524
13497
13441
13554
13613
13346
13565
13340
13485
13560
13444
