1533
2135
2329
2293
2422
1668
1662
2490
2028
2329
1516
1751
1611
2115
1606
2159
1614
2232
2428
2127
2402
1596
1801
1846
2032
1778
2327
2129
1748
2303
1851
1631
1737
1640
2099
2461
1603
2299
1805
1618
1833
1689
2063
2251
2038
2058
2477
1794
1519
1553
1811
1548
1688
1903
1743
2296
2074
1744
2083
1946
2458
2389
1562
1845
2256
1745
2246
2491
1691
2215
2177
1909
2477
2243
1627
2508
1743
2031
1628
2233
2183
1820
2257
2444
1772
1794
2291
2103
1644
2140
2000
2336
1548
1923
2446
2336
1851
2221
1870
2134
2245
1896
2460
2310
2162
2495
1937
1735
1904
2382
2207
2489
2388
1903
2384
2465
1564
1993
1628
1669
1873
1594
2506
1863
1866
1629
1831
1759
2471
2385
2314
1914
1944
1870
1929
1561
1638
1951
2372
2062
2076
1850
2231
1613
2335
1655
1941
1888
1597
2138
2432
1754
2319
1696
1762
2030
1897
1547
1962
2087
1703
1739
2482
1732
2439
1674
1684
1876
2248
1695
2187
2213
1649
1562
2057
2100
2104
1667
2072
1665
1561
1562
1922
1919
2270
1824
2354
1834
1558
1934
1566
1977
1934
2265
1788
2074
1549
2129
1663
2314
1844
1669
1685
1931
2176
2141
1559
1562
2157
2490
2392
2337
1991
1931
2039
2455
2139
1825
2019
2330
2376
2117
1827
1629
2519
1603
2100
1754
1593
2134
1821
2094
1606
2396
2379
1906
1857
1557
1884
2533
2483
1620
1999
1695
2492
1807
1887
2276
1978
1561
1703
2173
2434
1702
1615
2444
2352
1742
2443
1828
2101
1585
1628
1866
2209
2403
2096
2144
1559
1908
1830
1833
1813
1755
1955
1623
2234
2263
2465
1838
2405
1738
2079
1768
2500
1946
2090
2508
1639
2098
2333
2080
2086
2213
2462
2268
2460
2096
2196
2438
2447
2019
2179
2431
2536
2217
2208
2511
2535
2058
2038
2360
1781
2009
1644
2409
1765
2034
1801
1843
1602
2147
1913
1726
1584
2505
1656
2122
2188
1742
847
878
1007
1017
867
1038
979
988
1123
1114
840
861
1031
1080
1063
1044
918
904
1053
1010
964
889
980
1067
859
1112
994
913
1020
1086
1104
1098
1040
1003
868
1080
895
997
955
1046
896
891
958
974
1128
928
1122
1091
882
923
1147
922
1007
964
958
1032
932
1154
1094
1138
1015
1175
1114
913
1185
943
1157
1178
1124
1027
978
1153
1031
1037
1159
927
1038
1084
958
1108
959
1113
1125
1169
1034
924
986
1055
1061
1135
1038
1149
1053
938
1024
1198
1155
996
1169
1198
1206
1205
1140
995
962
1146
1136
1084
990
1153
1225
1114
1115
977
954
1228
967
1117
1019
1202
1064
1112
1054
955
1015
1248
1036
1219
959
1089
1093
1003
1173
1065
1175
1217
1120
1209
1030
1246
1048
1132
1240
1014
1211
1266
1002
1164
1007
1023
1002
995
1006
1216
1240
1268
1247
1050
1083
1076
991
1017
1235
1193
1169
1111
1064
1048
1266
1177
1041
1109
1077
1103
1024
1257
1025
1115
1074
1150
1187
1056
1167
1084
1213
1116
1246
1207
1102
1158
1039
1234
1286
1029
1199
1038
1041
1239
1277
1163
1272
1135
1311
1089
1036
1212
1224
1068
1295
1215
1266
1309
1051
1241
1051
1288
1201
1255
1140
1335
1321
1241
1087
1179
1257
1089
1163
1306
1309
1322
1294
1228
1181
1223
1066
1339
1216
1083
1245
1102
1313
1234
1111
1270
1138
1076
1367
1370
1216
1214
1289
1313
1084
1330
1143
1355
1204
1378
1108
1198
1098
1102
1319
1296
1359
1292
1115
1178
1120
1290
1263
1149
1377
1359
1148
1120
1399
1207
1168
1368
1199
1338
1302
1202
1185
1367
1367
1131
1410
1362
1175
1314
1217
1141
1158
1401
1239
1317
1224
1304
1398
1249
1215
1272
1416
1393
1262
1160
1146
2517
2587
1661
1743
2506
2200
2347
1909
2350
2236
1724
2501
2343
1777
2324
1889
2512
2403
1912
2547
1640
2301
2425
1981
2182
2315
2348
1982
1707
2121
1334
1469
1429
1404
1261
1283
1457
1181
1362
1242
1365
1232
1186
1370
1443
1479
1317
1260
1201
1212
1189
1349
1450
1334
1491
1370
1326
1383
1443
1485
1359
1349
1408
1496
1349
1345
1260
1323
1312
1313
1269
1390
1212
1229
1280
1376
1336
1293
1359
1329
1477
1306
1468
1327
1233
1282
1430
1489
1359
1365
1426
1336
1442
1330
1469
1295
1443
1375
1411
1335
1259
1346
1458
1479
1328
1511
1391
1488
1407
1319
1380
1466
1474
1252
1255
1270
1464
1289
1386
1335
1396
1397
1332
1435
1324
1513
1274
1517
1276
1444
1278
1277
1379
1537
1305
1356
1280
1286
1399
1285
1475
1568
1561
1489
1419
1581
1288
1412
1479
1503
1465
1400
1577
1510
1397
1346
1580
1334
1567
1389
1329
1367
1473
1946
2214
2418
1781
2556
2073
2388
1929
1826
1739
1733
2154
1968
1979
2093
2100
2118
1871
2244
2032
2081
1949
2182
2202
2229
1838
2250
1747
2156
2539
1960
2345
1873
1978
2115
2312
1767
1758
2459
1960
1781
2380
1753
2541
2384
1862
2303
2287
2192
2613
1855
1736
1945
2500
2196
2129
2536
2628
1760
2266
2515
1680
2269
1795
2334
2594
2095
2012
1794
2166
1709
2661
2469
1747
2171
1909
2196
2540
1936
2356
2640
1948
2613
2524
2032
2460
1974
2192
2253
2119
1849
2503
2502
1754
1968
1911
1973
2491
2562
2662
2290
2030
2560
1906
2038
2603
1978
2159
1863
2401
2179
2145
2418
2356
1739
1945
2174
2136
1931
2610
1884
2606
1839
1906
2288
1894
1688
2279
2061
1824
2416
1886
2612
2336
2084
2424
2043
2350
1984
2565
2314
2430
2538
1877
2492
2250
2630
2199
1695
2463
2395
2387
2673
2121
1878
2266
2466
1946
2276
2317
2177
2250
2244
2082
2420
2554
2626
2659
1794
2254
1698
2360
2243
2495
2416
1925
1806
2342
1766
2010
1879
1802
2321
2500
1803
1847
1807
2435
1728
2271
1971
2588
1750
1926
2406
2043
1787
2498
1933
2655
1776
1932
2639
2385
1987
2571
2364
2386
1774
2115
2001
2297
2532
2500
2161
2572
2661
1924
2659
2506
2382
1922
2560
2358
2190
2458
2185
2321
2546
1756
2284
1781
2272
1900
1776
2419
2453
2594
2205
1748
2101
2338
1993
2360
2130
2672
2281
2619
2466
2082
2305
1887
2129
1972
2395
2592
2113
2032
1869
2666
2208
1740
1863
1870
2047
2542
2253
1963
2419
2596
2115
1967
2238
2336
2186
1772
2638
2530
1788
2328
2356
2404
2002
2375
2679
2469
2224
2543
2021
1785
2676
2674
1940
1844
1971
2557
2186
2219
2404
2470
2110
2537
2088
2637
2497
2611
2671
2076
2283
2271
1854
2018
2663
2240
2700
2275
1904
2166
2669
1856
2164
2105
2554
1791
1962
2198
1953
2378
2164
2554
1932
2245
1909
2493
1787
1875
2687
2417
1940
2208
2715
1985
2478
2636
1863
1746
2449
2520
2436
2537
2127
2488
2560
2309
1766
2360
1863
1733
1830
2637
1765
2448
1848
2467
1880
2578
2516
2661
1735
1869
2138
2577
1816
2246
1876
2554
2133
2347
1784
2421
2444
2295
1828
2437
2354
2142
2385
2120
2076
2300
2284
1777
2332
1763
2367
1818
2051
2129
2599
2214
1777
2245
2167
2452
2455
1834
2457
1803
1944
2468
2061
2386
2544
2031
1977
2670
1939
2694
2511
1942
2577
2161
1964
2398
2467
1807
1906
2317
2679
1792
1929
2452
2291
1892
1950
2214
2632
2452
2147
2005
1837
1837
1756
2020
2083
1819
1924
2239
2116
2168
2311
2563
2624
2255
2647
2485
2489
2647
2620
1908
2474
2006
2399
2728
2482
2590
2204
2503
2017
2369
2406
2005
1795
2061
1983
1833
1880
1799
1965
1943
1933
1973
1823
1922
1792
1911
1985
2008
2076
1947
1998
2071
1930
1845
1948
1955
1955
1902
1838
1864
1877
1926
2009
2040
2052
1849
2043
2032
1999
2014
1915
1881
2017
2072
2046
2041
2108
1929
1850
2080
2011
2094
2006
2067
2105
1968
2108
1857
2118
1909
1952
1894
2131
1858
2103
1986
2028
1893
1852
2047
1860
2123
2056
2016
1984
2075
1877
1963
1891
1989
1908
2012
1869
1962
2043
1946
2148
1901
2034
1918
2131
1913
2083
2152
1906
1939
1997
1910
1946
1973
2157
2012
2150
1988
2007
1964
1914
2082
2106
2077
2136
2130
2004
1949
2076
1909
2007
2140
1956
2014
2179
1934
2047
2102
1930
1932
1924
2089
2095
2084
2195
1976
2100
2037
2076
1955
2060
1930
2037
2094
1968
2152
2099
2136
2090
2158
2079
2123
2102
2000
1922
2052
2191
2141
2212
2165
1954
2206
2175
1985
2155
2069
2018
2028
2057
2207
2101
1964
2147
1961
2162
2030
1979
2200
2077
2240
2071
2181
2140
2085
2144
1957
1976
2184
2230
2190
2165
2124
1991
2233
2121
2068
2115
2509
2649
2323
2115
2149
2210
2510
1822
1821
2316
2476
2154
2131
2538
2100
1810
2104
2594
2250
2648
2580
2365
2594
2334
2557
1928
2023
2134
2119
2220
2176
2799
2204
2319
2352
2589
2521
2461
2169
2418
2329
2728
2365
2114
2127
2315
2112
2389
2732
1902
2150
2124
2714
2233
1989
1860
2339
2521
2063
2283
2030
2482
2641
1879
1868
1824
1952
1861
2700
1868
2424
2286
2620
2015
2225
2527
2698
2366
2626
2744
2533
2483
2657
2376
2615
2003
2063
2174
2285
2541
2623
2115
2590
2302
2022
1925
2213
2340
2599
1939
1959
2696
2242
2239
2700
2108
2791
2448
1823
2209
1975
2153
2765
1995
1845
2162
2227
1916
2292
2003
2755
2085
2286
2697
2341
2341
2526
2051
2608
2076
2128
2631
2188
2338
2029
2818
2257
2158
2300
2390
2147
2226
2179
2212
2286
2207
2382
2231
2382
2395
2162
2343
2182
2272
2257
2278
2230
2145
2316
2397
2135
2348
2309
2155
2284
2227
2181
2211
2225
2414
2200
2178
2276
2259
2186
2383
2266
2337
2362
2272
2237
2337
2367
2307
2257
2249
2308
2193
2200
2166
2253
2388
2370
2370
2377
2353
2311
2356
2164
2427
2450
2304
2218
2288
2350
2228
2376
2409
2376
2420
2391
2268
2211
2431
2287
2424
2354
2443
2456
2311
2320
2218
2402
2410
2373
2393
2220
2223
2205
2329
2350
2260
2359
2412
2284
2445
2383
2325
2495
2499
2273
2493
2419
2354
2286
2448
2447
2482
2317
2450
2354
2283
2451
2302
2477
2224
2275
2446
2350
2412
2239
2323
2405
2266
2434
2419
2359
2433
2524
2369
2445
2438
2251
2345
2259
2257
2369
2337
2295
2509
2377
2386
2421
2354
2520
2419
2368
2354
2548
2427
2449
2552
2543
2324
2442
2484
2386
2554
2315
2280
2276
2499
2373
2497
2469
2302
2437
2343
2341
2295
2304
2538
2497
2364
2360
2438
2449
2466
2292
2571
2578
2467
2325
2416
2535
2489
2517
2548
2516
2510
2527
2513
2547
2332
2530
2522
2592
2438
2566
2401
2407
2472
2421
2581
2577
2428
2457
2603
2512
2577
2613
2459
2351
2483
2429
2320
2423
2342
2581
2571
2462
2359
2521
2403
2591
2462
2581
2362
2479
2540
2342
2394
2499
2369
2513
2578
2440
2634
2559
2466
2423
2510
2549
2445
2625
2570
2445
2550
2597
2533
2375
2435
2490
2403
2621
2516
2489
2591
2537
2442
2395
2621
2422
2641
2389
2622
2536
2485
2655
2638
2637
2587
2652
2484
2561
2403
2384
2384
2414
2662
2606
2573
2517
2682
2399
2431
2476
2505
2612
2674
2799
2309
2466
2041
2598
2277
1887
2332
2773
2605
2217
2380
2823
2387
2412
2300
2385
2174
2461
2280
2308
2416
2332
2068
2591
1950
2293
2173
2180
2638
2337
2094
1890
2459
2320
2880
2617
2504
1965
2803
2403
2377
2679
2828
2048
2147
2688
2293
2430
2057
1934
1945
2733
2837
2045
2505
1972
2175
2541
2445
2479
2358
2224
2036
2106
1898
2683
2110
2696
1895
2598
2610
2465
2592
2059
2187
1894
2868
2134
2772
2446
2706
2870
2879
2042
2280
2484
2362
2202
2249
1959
2699
1967
2687
2725
1992
2446
2263
2610
2685
2016
2742
2859
2109
2112
2851
2103
2629
2163
2266
2435
2122
2796
2847
2766
2146
2249
2191
2225
2142
2471
2026
2712
2868
2363
2902
2200
2509
1952
2822
2600
2468
1907
2273
2762
2263
2662
2876
2441
2733
2358
2210
2733
2689
2463
2507
2406
1916
2616
2677
2811
2475
2001
2882
2719
2800
2131
2280
2906
2891
2820
2429
1937
1971
2625
1929
2400
1917
2040
2168
2534
2129
2516
2297
2790
2329
2862
2571
2790
2085
2173
2742
2378
2257
2127
2027
2605
2061
2021
2225
2690
2236
1982
2586
1944
2746
2785
2448
2695
2441
2013
2039
1987
2552
2551
2163
1969
2356
2290
2916
2766
2575
2460
2896
2184
1949
2511
2627
2453
2525
1933
2370
2577
2433
2026
2901
2353
2864
2779
2796
2178
2492
2851
2670
2263
2060
2675
2575
2445
2706
2269
2917
2750
2652
2739
2661
2823
2798
2789
2751
2690
2835
2915
2834
2910
2882
2725
2901
2697
2850
2797
2897
2705
2860
2699
2702
2743
2928
2734
2845
2953
2668
2714
2860
2821
2720
2959
2757
2909
2729
2815
2779
2689
2902
2834
2822
2934
2691
2913
2919
2777
2713
2919
2691
2698
2932
2953
2708
2767
2809
2881
2888
2767
2904
2981
2839
2756
2772
2977
2906
2758
2818
2804
2757
2829
2739
2949
2753
2985
2761
2720
2842
2804
2971
2931
2778
2972
2809
2728
2853
2949
2842
2844
3020
2788
2966
2979
2777
3026
3026
2921
3028
2952
2767
2746
2982
2787
2827
2920
3024
3020
2795
2756
2913
2920
2932
2813
2800
3021
3018
3020
2817
2812
3046
2797
2871
3008
3018
2811
3001
2876
3014
2934
2932
2984
2874
2960
2836
3032
3046
2949
2869
2972
2924
2847
3001
3049
2864
3018
2990
2970
2840
2880
2970
2795
2952
3044
3021
2956
2924
2976
2829
3093
3013
3062
2981
2890
2885
3033
2830
2944
3041
2867
2947
3037
2892
2849
2813
2901
3059
2962
2818
2847
2926
2974
3041
2904
3010
2837
2851
2962
2869
3079
2870
2857
3101
2837
3053
3079
3100
2983
3074
2954
2849
3053
3041
2923
2888
2989
3055
2943
2896
3047
2968
2917
3124
3033
3122
3061
2872
3082
3013
2935
2906
3061
2997
3113
3048
2968
2964
3046
2945
3028
3160
3045
2913
2925
3042
3010
3074
3028
3110
3025
3063
3008
3115
2936
2992
2951
3153
2108
2370
2819
2639
2957
2961
2946
2651
2058
2742
1986
2152
2935
2702
2753
2169
2164
2545
2453
2615
2469
2731
2570
1995
2287
2101
2687
2113
2105
2789
2125
2260
2645
2802
2474
2175
2397
2618
2161
2951
2660
2872
2538
2135
2524
2899
2917
2115
2822
3204
3214
3060
3019
3204
3223
3018
3205
3052
3123
2979
3019
2990
3183
3219
3064
3165
3142
2953
3123
3190
3136
3173
3187
3001
3040
3247
3114
3084
3236
3012
3070
3055
2975
3080
3216
3231
3203
3114
3087
3233
3091
3148
3075
3165
3160
2983
3105
3188
3265
3205
3258
3122
3120
3051
3080
3175
3020
3046
3023
3204
3083
3287
3145
3204
3252
3093
3172
3285
3065
3065
3284
3219
3058
3211
3037
3277
3189
3181
3109
3244
3056
3146
3198
3020
3137
3208
3304
3301
3220
3170
3288
3081
3283
3280
3214
3300
3174
3131
3316
3298
3260
3202
3300
3045
3200
3103
3065
3269
3193
3193
3101
3179
3154
3288
3159
3174
3335
3299
3209
3282
3126
3079
3097
3303
3085
3078
3115
3190
3125
3146
3316
3109
3091
3210
3274
3210
3344
3141
3081
3141
3105
3093
3266
3272
3101
3199
3109
3200
3209
3107
3383
3380
3208
2044
2469
2179
2784
3012
2815
2473
2450
2749
2214
2299
2577
2453
2799
2942
2764
2727
2999
2281
2022
3007
2193
2078
2362
2887
2482
2947
2881
2420
2062
2439
2934
2689
2557
2148
2470
2037
2584
2244
2591
2890
2650
2071
2930
2530
2868
2455
2986
2979
2595
2228
2239
2612
2971
2151
2984
2781
2087
2490
2607
2194
2730
2072
2450
2159
2593
3000
2897
2898
2276
3025
2057
2805
2076
2433
2810
2732
2869
2518
2109
2266
2347
2363
2843
2855
2073
2395
3015
2483
2188
2983
3005
2765
2520
2925
2191
2221
2329
2683
2264
2591
2944
2193
2873
2137
2948
2213
2470
2487
2488
2069
2595
2592
2384
2636
2451
2751
2486
2083
2395
2424
2807
2218
2635
2117
2735
2719
2544
2397
2760
2266
2136
2783
2373
2630
2058
2199
2621
2693
3007
2911
3037
2247
2051
2071
3043
2988
2533
2555
2455
2684
2420
2922
2349
2931
2083
2992
2474
2244
2121
2783
2357
2452
2368
2628
2260
2180
2643
2096
2144
2917
2929
2681
2097
2434
2142
2064
2961
2732
2446
2305
2864
2624
2709
2420
2449
2867
2861
2357
2120
2127
2199
2164
2282
2089
2969
2634
2983
2424
3053
2783
2235
2492
2139
2668
2428
2589
2281
2549
2316
2780
3010
2688
2216
2984
2135
2209
2423
2157
2453
2349
3060
2079
2903
2509
2117
2795
2880
2100
2202
2250
2158
3040
2951
2782
2617
3035
2961
2819
2990
2370
3015
2268
2602
2538
2620
2552
2997
2870
2113
2307
2195
2104
2077
2477
2568
2313
2381
2784
2076
2203
2832
2651
3041
2209
2191
3057
2358
2527
2268
2098
2682
2578
2366
2480
3044
2436
2723
2366
2125
2317
2241
2191
2446
2363
2075
2510
2472
2435
2663
2393
2195
2928
2977
2515
2150
2822
2336
3514
3470
3396
3476
3400
3601
2380
2587
2081
2641
2858
2270
2406
2733
2366
2411
3035
2792
2288
3071
2411
2770
2660
2235
3077
2092
3027
2875
3664
3572
3460
3696
3574
3547
3451
3483
3593
3471
3717
3426
3531
3543
3586
3470
3623
3609
3458
3571
3472
3667
3718
2810
2346
3013
3048
2091
2978
2437
2707
2093
2209
2842
2523
3082
2408
2595
2199
3073
2579
2468
2200
2931
3042
2172
2390
2857
2765
2637
3071
2413
2959
2888
3092
2382
2579
2461
2758
2724
2710
2349
2564
2939
2606
2866
3072
2917
2327
2741
2251
2456
2970
2169
2127
2804
2853
2430
2428
2463
2953
2723
2447
2279
2120
2987
2351
2189
2704
2899
2961
2413
2953
2474
2204
2537
2348
2774
2803
2604
3082
2895
2731
2362
2884
2864
2976
2663
2134
2465
2579
2988
2792
2623
3070
2538
2882
2970
2557
2920
2843
2921
2589
2703
2906
2296
2474
2324
2560
2442
2490
2367
2965
2884
2894
2430
2116
2296
2806
2716
2923
2910
2194
2687
2850
2600
2714
2361
2522
2468
2512
2724
2774
2589
2249
2337
2907
2477
2270
2610
2889
2131
3046
2699
2674
2855
2981
2172
2182
2492
2499
2836
2250
2780
2761
3042
2977
2502
2824
2871
2467
2245
2282
2695
2400
2470
2318
2292
2792
2334
2873
2289
3092
2727
2729
2775
2458
2316
2938
2491
2835
2596
2343
2176
2506
2386
3093
2832
2446
2206
2979
2352
2876
2673
2849
2205
2412
2408
2548
2298
2758
2868
3069
2209
2304
3060
2432
2206
2176
2602
2542
2360
2185
2140
2351
2301
2146
2257
3046
2900
2993
2153
2682
3037
2938
2500
2337
2985
2735
2643
2744
3039
2643
2621
2250
2222
2792
2682
2325
2894
2148
3109
2880
2412
2591
2604
2812
2461
2755
2398
3103
2233
2439
2785
2686
2485
2329
2998
2689
2152
2199
2719
3115
2773
2282
2787
2185
2803
2837
2658
2948
2840
3117
2568
2277
2928
2391
2409
2682
2634
2379
2931
3052
2188
3095
3038
2419
2722
3110
2917
2928
2729
2689
2698
2201
2175
2953
2769
3051
2603
2758
2432
2532
2345
2875
3098
2812
2598
3047
2833
3067
3057
2280
2979
3048
2930
2343
2328
2454
2336
2529
2887
2941
3064
2698
2635
2345
3022
2292
2487
2893
2506
2404
3118
3144
2220
2375
2586
2471
2696
2814
2739
2332
2244
2733
2436
2792
3113
2595
2746
2678
2912
2205
3093
2270
2179
2652
2779
3027
3038
2555
3118
2968
2739
2850
2300
2764
2632
2643
2461
3019
3057
3093
2370
2647
2754
2643
2616
2731
2345
2262
2630
2209
2614
2278
2277
2895
2697
3042
2382
3028
2343
2307
2180
2839
2359
3009
2592
3073
2858
2796
3055
2347
2277
2643
2620
2469
3070
2838
2369
2702
2336
2287
2369
2693
2725
2869
2392
2408
2396
2956
2340
2610
2585
3004
2399
2963
2266
2398
2758
2371
2528
3158
2908
3172
2410
2811
2461
2855
3036
2767
3087
2688
2846
2661
2348
2326
3153
2584
2514
2254
2316
3134
2660
2539
2654
2723
2782
2610
3126
3173
2968
2927
2596
2311
3006
3082
2442
3074
2237
2464
2318
2353
2826
2975
2385
2458
2378
4187
4031
3993
4180
4091
4131
4180
4119
3931
4063
3937
4095
4204
4209
3993
4069
4191
4047
3998
4160
3948
3993
4032
4138
4170
3969
4170
3967
4177
4024
4070
4190
4227
4204
4096
4081
4079
4080
3970
3982
4102
4177
4041
3990
3980
4122
4193
4182
4139
4009
4174
4226
4004
4123
4144
4263
4000
4013
4160
4123
4124
4055
4203
4219
4003
4114
4097
4006
4040
4007
4091
4171
4233
4166
4105
4266
4026
4285
4111
4272
4193
4011
4181
4080
4198
4146
4148
4093
4172
4166
4161
4214
4050
4217
4072
4082
4188
4259
4040
4068
4161
4151
4188
4066
4195
4274
4115
4102
4180
4074
4061
4122
4203
4280
4293
4149
4080
4156
4146
4202
4138
4157
4313
4216
4286
4162
4088
4086
4091
4173
4106
4091
4090
4229
4236
4106
4229
4098
4200
4097
4348
4324
4198
4273
4168
4093
4257
4179
4201
4151
4199
4262
4227
4076
4101
4147
4207
4359
4315
2353
2757
3159
2316
2410
2226
3145
2554
2714
2379
2347
2829
2618
4176
4304
4121
4136
4264
4297
4305
4196
4181
4352
4157
4371
4102
4231
4270
4272
4363
4275
4229
4303
4323
4327
4231
4124
4198
4349
4262
4250
4162
4168
4154
4344
4209
4158
4367
4320
4260
4144
4254
4173
4373
4386
4213
4284
4180
4193
4198
4226
4231
4304
4304
4235
4415
4247
4285
4248
4428
4167
4272
4146
4311
4180
4301
4178
4294
4232
4240
4288
4414
4401
4248
4300
4361
4201
4234
4441
4183
4335
4326
4253
4308
4180
4179
4415
4237
4234
4311
4195
4301
4395
4315
4296
4233
4335
4421
4362
4183
4199
4479
4470
4331
4232
4446
4473
4419
4468
4258
4465
4394
4444
4308
4299
4478
4319
4452
4412
4259
4366
4337
4302
4272
4308
4289
4286
4288
4383
4459
4368
4243
4503
4290
4472
4458
4238
4444
4417
4415
4306
4433
4270
4365
4489
4398
4463
4285
4389
4381
4325
4315
4347
4314
4354
4239
4350
4516
4304
4537
4440
4486
4529
4249
4451
4457
4481
4503
4469
4494
4416
4492
4475
4415
4480
4371
4412
4426
4513
4281
4437
4450
4314
4342
4555
4393
4413
4375
4341
4479
4426
4455
4546
4555
4515
4548
4336
4499
4335
4469
4523
4453
4467
4302
4573
4483
4567
4446
4498
4422
4521
4444
4581
4313
4528
4586
4450
4584
4531
4459
4499
4502
4596
4567
4416
4308
4509
4327
4328
4383
4572
4336
4435
4556
4559
4575
4452
4535
4491
4543
4369
4337
4522
4518
4414
4532
4620
4623
4370
4525
4458
4565
4631
4335
4350
4499
4571
4353
4565
4341
4470
4462
4413
4465
4500
4506
4436
4409
4596
4396
4559
4630
4479
4413
4642
4497
4439
4440
4631
4506
4654
4581
4425
4644
4577
4662
4459
4666
4560
4436
4465
4442
4560
4657
4405
4428
4644
4646
4483
4551
4443
4383
4566
4389
4480
4558
4583
4580
4652
4525
4425
4496
4548
4428
4682
4495
4669
4499
4517
4652
4430
4508
4654
4433
4578
4569
4453
4487
4603
4530
4683
4465
4583
4603
4479
4646
4591
4612
4671
4434
4701
4565
4629
4618
4547
4482
4685
4447
4560
4526
4541
4664
4576
4704
4685
4468
4622
4618
4688
4577
4664
4741
4621
4665
4556
4466
4638
4483
4518
4547
4665
4483
4640
4664
4685
4753
4480
4572
4555
4662
4627
4494
4596
4548
4619
4468
4583
4753
4690
4707
4754
4508
4505
4611
4606
4669
2952
2580
3016
2683
2814
2941
4673
4567
4684
4532
4785
4549
4579
4596
4620
4723
4653
4693
4699
4543
4773
4626
4703
4661
4599
4583
4745
4628
4556
4779
4611
4784
4681
4550
4683
4546
4594
4808
4761
4557
4771
4634
4786
4707
4799
4804
4796
4579
4543
4676
4569
4824
4687
4638
4642
4711
4694
4648
4768
4814
4700
4589
4612
4793
4797
4555
4562
4604
4782
4812
4767
4833
4564
4784
4792
4807
4613
4752
4674
4667
4565
4759
4666
4810
4570
4693
4782
4706
4753
4693
4580
4680
4730
4754
4738
4631
4871
4713
4617
4685
4606
4597
4719
4665
4714
4727
4689
4806
4650
4875
4601
4888
4591
4733
4808
4768
4819
4717
4680
4678
4650
4856
4865
4821
4757
4697
4654
4620
4652
4703
4859
4671
4647
4661
4811
4640
4890
4797
4884
4800
4655
4703
4849
4869
4783
4819
4681
4683
4737
4760
4898
4878
4665
4804
4635
4743
4674
4877
4765
4668
4734
4735
4779
4763
4934
4746
4655
4654
4744
4898
4780
4856
4794
4885
4800
4747
4854
4840
4870
4950
4730
4826
4734
4910
4720
4929
4885
4672
4705
4826
4949
4937
4892
4918
4739
4847
4746
4890
4918
4880
4905
4963
4700
4856
4886
4762
4864
4815
4714
4887
4711
4903
4963
4753
4846
4920
4748
4760
4707
4828
4734
4990
4742
4795
4857
4964
4870
4718
4819
4898
4717
4921
4817
5005
4934
4874
4923
4786
4949
4803
4778
4907
4734
4905
4754
4880
4744
4729
4977
4869
4968
4945
5009
4819
4821
4918
4817
4992
4778
4994
4922
4752
5023
4947
5000
5025
4879
4814
4799
4827
4759
4750
5021
4865
4765
4986
4936
4828
4918
4896
4855
4986
5055
4876
4849
4931
4824
4955
5021
4848
4976
4936
4918
4902
5009
4897
5073
5015
4983
4820
4909
4944
4956
4892
5049
4914
4932
4846
5032
4840
4977
4886
4811
4957
4934
4913
4979
4925
5017
4900
4808
5085
4921
4893
4994
5026
4885
5052
5049
4967
4969
4920
4826
4837
4816
5094
4955
4998
4851
5064
5021
4952
4904
4942
4986
5075
4887
4837
4900
4994
5003
5024
4957
4847
4925
5022
5077
5076
4842
5086
5006
4882
4971
4969
4916
5024
5077
4938
4945
4889
4898
4927
5083
5023
4916
5014
4877
5150
4945
5023
5075
5023
4931
4938
4887
4895
5070
5120
5163
5057
5139
4921
4973
4876
4943
4910
4938
4885
5096
4894
4918
4937
4952
4977
4956
4991
4997
5004
5182
5041
4989
5115
5096
4982
5102
5132
4922
5106
5160
5001
5037
4987
5110
5113
4997
5160
5116
5022
5119
5151
5190
5025
5181
5106
5095
5036
5124
5093
5125
4930
5040
4953
3006
2455
2711
3340
3333
2846
2596
2591
2850
2535
2448
2395
2578
2523
2425
2936
2552
2710
3098
2824
2934
2421
3219
3168
2934
3271
2644
2977
2660
2715
2568
2945
3329
2705
2646
3356
2951
3010
2937
2772
3191
2926
3021
3196
3177
3087
2716
2848
3314
3011
2692
3233
2922
2734
2916
3288
3349
2506
2759
2779
3282
3056
2402
2495
2607
2647
3139
3085
2603
2489
2753
3140
2988
3050
2540
3122
3107
2789
2903
3272
2725
2401
3227
3095
3188
2685
3220
3005
3352
3380
3046
2790
3108
2493
3099
3119
2412
2996
3099
2578
3161
2455
2909
2984
2892
2890
2442
2776
2662
2565
2743
3373
2923
3292
3041
2875
3071
3216
2494
2910
2517
3071
3285
2563
3186
2777
3269
3185
3267
2511
2615
3132
2479
2583
2437
3265
2481
2562
3266
2414
2822
3090
2492
3359
2559
3189
3130
3171
2415
2647
2830
2786
3044
3363
2759
2953
2938
3297
3162
2672
2692
2553
2668
2825
2501
2747
2900
3373
2757
2570
3071
2760
2609
2449
2645
3358
2694
2893
3299
2845
3331
2843
3374
2943
2668
3408
3242
3105
2715
3287
2796
2871
2864
2676
2464
2918
2952
3269
2434
2601
3260
2949
3416
3198
2742
3198
2684
3136
3202
2502
3330
2647
2801
2727
2713
2590
2742
2762
3167
3254
2800
2552
3403
2717
3259
3356
2616
2648
2824
2877
3084
2727
3379
2599
3032
3411
2636
3219
2488
2742
2861
2807
2542
3411
3375
2865
3242
3138
3237
3429
3254
3254
3019
2927
2772
3337
2721
2816
3057
3372
2591
3265
3007
2840
2489
3283
3000
2465
3060
3079
2974
2944
3266
2610
3210
2974
3393
3147
2701
2996
3430
2751
3093
2901
2974
3289
2886
2619
3367
3413
2744
3260
2945
2551
2993
3041
3031
2722
2854
3358
2688
3221
3294
2740
3155
3196
2608
2582
2619
2502
2927
3026
2764
3267
2919
2489
3294
3149
3229
3044
2929
3173
3025
3358
3240
3121
2643
3251
2753
3311
2721
3122
3306
2869
2579
2866
3232
3161
2846
2711
3166
2749
3160
3188
3097
2867
2667
3089
2863
3262
2629
2998
2958
3009
2872
2595
2690
2496
3019
2805
3336
2781
2974
2894
3145
3364
2498
2775
2520
2862
2623
2946
2882
3419
2935
2997
3316
2735
3434
2660
3127
3138
3096
2644
3442
3263
2600
2613
2750
2634
2671
2653
3018
3263
3019
2747
3326
2785
2815
2999
2790
3023
2935
3112
3061
3276
3366
3193
3254
3017
3141
3092
2592
2482
2532
2855
3310
3257
2784
3135
3356
3031
2541
2556
3134
2898
3121
2571
2754
2977
5609
5619
5454
5584
5527
5583
5453
5516
5495
5369
5653
5436
5493
5550
5600
5451
5619
5420
5490
5405
5404
5525
5607
5619
5520
5596
5522
5559
5390
3116
3192
2955
3114
3097
2864
3309
2800
2758
2595
3064
2670
3459
3209
3006
2646
2605
3241
3006
3223
2861
2946
2730
2913
2876
2903
2564
2876
2698
2780
3294
3218
3290
2516
3453
2759
2644
2556
2654
3242
3467
2865
2743
2819
2711
3383
2655
2819
2601
3393
2843
3002
2569
3207
3431
3131
3091
2577
3308
2698
2728
3116
3290
3231
2884
3431
2553
3405
2760
2953
2698
2784
2646
2728
2795
3372
3330
2792
2621
3109
2681
2872
3175
2900
3176
2715
3419
3396
2933
3400
3299
3369
3213
2684
3274
2937
3473
3430
2799
2874
2749
2518
3227
3292
3062
3168
2600
2760
2558
3058
2990
2883
2766
2842
3227
3098
2933
3484
2836
2888
2976
2904
2651
2644
2878
2629
5773
5544
5634
5758
5634
5628
5748
5698
5632
5646
5790
5767
5541
5643
5745
5573
5794
5742
5696
5729
5586
5790
5774
5793
5773
5817
5657
5768
5564
5604
5776
5636
5761
5694
5709
5663
5586
5762
5593
5822
5563
5562
5667
5562
5708
5736
5631
5843
5703
5559
5833
5813
5581
5585
5672
5679
5582
5606
5819
5604
5614
5618
5591
5684
5607
5626
5815
5707
5583
5716
5618
5613
5583
5668
5771
5653
5682
5660
5822
5774
5762
5659
5599
5732
5638
5801
5884
5593
5796
5793
5622
5841
5700
5674
5605
5636
5627
5779
5646
5722
5751
5646
5893
5814
5721
5908
5798
5798
5796
5640
5883
5671
5736
5911
5739
5814
5888
5849
5795
5822
5820
5669
5701
5750
5675
5694
5927
5672
5917
5918
5892
5702
5661
5884
5742
5918
5812
5718
5764
5680
5903
5858
5843
5813
5885
5865
5935
5886
5662
5813
5697
5686
5764
5817
5873
5779
5717
5764
5679
5725
5846
5725
5954
5747
5824
5890
5719
5795
5718
5855
5859
5738
5725
5904
5965
5735
5927
5857
5766
5721
5952
5881
5711
5781
5865
5815
5932
5964
5865
5820
5791
5790
5875
5861
5877
5767
5910
5975
5931
5794
5877
5980
5828
5822
5848
5991
5909
5983
5888
5729
5952
5797
5727
5819
5862
5938
5799
5795
5930
5954
5953
5798
6016
5850
5860
5756
5738
5804
6006
6006
5866
5989
5938
5937
6011
5925
5940
5910
5777
6013
5899
5883
5784
5780
6036
5827
5897
5960
5903
5977
5799
5830
5965
5984
6023
5886
6027
5991
5891
5909
5995
5861
5815
5782
6027
5934
5785
5812
5795
5878
5966
5984
5920
5841
6033
6055
5981
5834
6022
6050
6072
5865
5796
6067
5809
5942
5976
5920
5910
5957
5891
5927
5872
5929
5932
5835
6040
6065
5806
5871
5949
6084
5899
5896
5856
5916
6009
5937
5941
6023
5897
5883
6052
6091
5990
5845
6088
5881
5829
6120
5926
6015
6092
6058
6119
5873
5839
5912
5847
6070
5994
6067
5934
6134
6060
5976
3107
2589
3435
2914
3511
3560
3072
3431
3515
3287
2932
2652
3269
3198
3542
3145
3231
2697
2665
2650
3178
2865
3144
3423
2795
3207
2647
2917
2682
2575
3289
3534
2973
3320
2806
2994
2935
2831
3343
3431
3264
2692
3177
2617
3059
3244
3386
2675
3322
2809
3380
2723
3118
3418
3088
2905
2954
3100
3018
2660
3081
2824
3342
3328
3257
2812
3409
2643
2979
2954
3033
2928
2693
2843
3103
2613
3472
3217
2991
2653
2945
3094
3502
3388
2779
3277
3466
3048
2592
2695
3565
2879
2886
2997
3057
3025
3434
3424
3243
2987
3302
2744
3321
3374
2774
3380
2851
2723
3554
3257
2727
3456
2977
2596
2942
3444
2892
2984
2997
2633
3229
2738
2840
2691
2731
3562
3110
3440
3565
3500
3535
3436
3479
3502
3303
3468
3026
2793
3499
3046
3490
2671
2929
3214
3140
3070
3134
3200
3231
2806
3243
3213
3540
3377
3028
2749
3108
2888
3318
3477
2778
2612
3226
3514
3353
2909
2916
3213
3125
2876
2957
3437
2898
3242
2740
3441
3172
3373
3167
3569
3279
2961
3428
3154
2991
2793
2629
3082
3214
3533
3524
2905
2805
2716
3391
3294
3445
3070
2810
3011
3056
3029
3037
2923
3521
3254
2668
3001
3062
3533
3169
3596
3262
2765
3377
2988
2744
3399
2644
2635
3241
2903
3306
3154
3612
3464
3409
3260
2725
2622
3469
2848
2868
3084
2757
2797
3072
3165
3008
3124
3422
2731
2688
2800
3183
2633
3287
2685
2748
2654
3080
2947
2881
3128
3580
2663
3162
2851
3485
2839
3578
2888
3316
2815
3102
3553
2886
2901
3353
3344
3454
2696
3107
2850
2850
3593
3365
2978
3159
3393
3060
2708
2961
2654
3034
3218
2679
2810
3122
3337
2863
2685
3361
3432
3202
3449
2756
2730
2928
2975
2775
3352
3423
3442
3210
3011
2663
2926
3042
2961
3113
3156
2883
3390
3377
3425
6456
6329
6202
6239
6251
6288
6189
6396
6175
6295
6173
6286
6177
6458
6465
6296
6174
6344
6463
6432
6413
6283
6194
6475
6285
6249
6274
6345
6460
6353
6478
6277
6291
6321
6291
6429
6285
6282
6376
6432
6463
6255
6338
6370
6363
6309
6359
6412
6362
6415
6215
6318
6342
6265
6251
6312
6416
6270
6401
6228
6402
6399
6515
6273
6262
6247
6249
6448
6317
6265
6343
6307
6348
6476
6308
6298
6389
6476
6387
6254
6443
6492
6331
6509
6324
6327
6477
6495
6274
6534
6271
6337
6487
6318
6375
6477
6468
6382
6496
6310
6409
6453
6455
6509
6271
6293
6266
6287
6289
6484
6456
6514
6470
6335
6390
6438
6325
6340
6288
6435
6346
6470
6532
6572
6408
6397
6363
6458
6347
6440
6510
6548
6381
6488
6357
6450
6309
6413
6561
6369
6397
6450
6558
6311
6541
6591
6368
6575
6482
6435
6569
6325
6590
6476
6485
6318
6591
6348
6421
6320
6505
6561
6510
6542
6603
6602
6406
6343
6403
6554
6395
6459
6592
6378
6571
6525
6492
6428
6354
6382
6540
6471
6395
6453
6598
6494
6632
6377
6419
6482
6617
6441
6511
6593
6573
6569
6622
6544
6425
6570
6522
6528
6488
6527
6660
6535
6652
6543
6618
6629
6640
6498
6483
6497
6454
6460
6620
6484
6644
6416
6455
6378
6591
6663
6450
6575
6611
6555
6593
6517
6677
6677
6614
6659
6439
6597
6533
6394
6400
6628
6529
6435
6638
6553
6655
6667
6469
6659
6585
6574
6422
6645
6675
6615
6449
6473
6428
6615
6537
6687
6448
6585
6453
6712
6505
6456
6476
6439
6715
6632
6454
3630
2750
3586
3585
3463
2747
3358
3017
2743
3598
3004
2780
2938
2774
3049
3127
2701
3623
3075
3392
2984
2843
3634
3652
3140
3401
2994
3183
2798
2702
3454
3360
2817
3671
3133
3594
3587
3545
3212
3475
3363
2984
2906
3039
3318
2990
3211
3000
2738
3461
2805
3626
3655
3196
3134
3255
3304
2857
3545
3557
2969
3234
2859
2976
3402
3552
3626
3148
2820
2750
2731
3102
3453
2974
3183
2827
3238
3148
3196
2847
2997
3107
2854
3558
3437
2907
3288
3633
3009
2877
3001
2790
3616
3052
3618
3391
2837
3433
3275
3110
2923
3008
3048
2950
3698
3608
2978
3631
3224
3599
3023
3571
3051
2940
3163
2972
3263
2969
2733
2988
3231
2947
3327
3136
3452
2919
3265
3612
2766
3435
3047
3536
3696
3371
3707
3547
3495
3312
3063
2996
2988
2944
2988
3455
2985
3266
3673
3713
3502
3069
3110
3373
2846
3371
3622
2947
2887
3007
3667
2777
2857
2856
2930
3407
2902
3070
3356
3392
2932
3362
3141
3106
3060
3171
2804
3228
3614
3661
3125
2938
2771
3560
3632
3452
3666
3037
3352
3059
3126
3603
2808
3683
3286
2959
3660
3275
3639
2810
3637
3404
3620
3293
3487
3524
3695
2768
2949
2758
3240
3483
3312
3145
3716
3673
2951
2809
2882
3566
3187
3668
3025
3488
2903
3387
3236
3154
3041
3681
2852
3227
3301
3577
3692
2944
2750
3437
3193
3318
2925
2927
2797
3634
3401
3351
3227
3142
3171
3289
3705
3108
2831
3336
3120
3553
3040
2932
3325
2814
3712
2787
2887
3364
3030
3103
2817
3650
3536
3502
2944
3506
3388
3621
3739
3395
3599
3305
3568
3366
2832
3266
3569
3112
3237
2947
3366
2850
3050
3408
3454
3709
2758
3301
3444
2931
2826
3349
3125
3399
3491
3305
3696
3442
3470
3444
3575
3671
2816
3178
3109
3646
3173
3555
3453
2877
3045
3682
2906
3453
3043
2899
3201
3265
2865
3248
3376
3717
3090
3215
3229
3176
2765
3304
3266
3689
3211
3059
3051
3175
3429
3346
3288
3187
3588
3712
3297
3490
2932
2902
3125
3640
3275
3286
3056
2891
3687
3409
3711
3011
3156
3330
3067
2842
3228
3466
2860
3159
2810
3726
3678
3532
3501
3001
3215
2803
3529
2936
3722
2991
3481
3052
2963
3371
3540
3503
3285
3709
3260
3463
2908
3646
3197
3002
3383
3756
3455
2808
2895
3547
3248
3750
3572
3274
2788
2859
2824
3644
3284
3655
3635
2994
2997
2903
2888
2960
3644
3622
3373
3595
3063
3624
3265
3689
3243
2852
3102
2810
6875
6869
7051
6949
7062
7082
6998
6950
7155
7103
7045
7092
6890
6905
7050
7030
6940
6999
6941
6902
7110
6924
7038
7019
7017
7088
6909
7180
7036
7047
6944
6959
7086
7003
6987
7030
6968
7041
6993
6976
7009
6942
7107
6986
7102
7169
7014
7123
7099
6929
6903
7052
7116
7144
7127
7075
6999
6961
6929
7021
7106
7041
6989
7111
6928
7101
6933
7198
6976
7122
7103
7205
6993
7036
7133
7205
7091
6956
6971
7108
7215
7110
7028
7229
6957
7104
7126
7134
6954
7023
7151
7163
7216
7241
7149
7128
7002
7006
7194
7003
7056
7176
7194
7092
7228
7030
7191
7161
7111
7010
7020
7134
7090
7150
6986
7037
7111
7235
7119
7107
7006
7110
7210
6996
7039
7154
7181
7188
7204
7197
7250
7064
7278
7023
7049
7217
6999
7156
7255
7178
7093
7094
7062
7051
7048
7285
7230
7121
7003
7069
7205
7187
7113
7188
7020
7047
7127
7201
7295
7179
7288
7133
7061
7025
7120
7047
7117
7135
7092
7210
7244
7241
7321
7085
7307
7080
7253
7191
7199
7198
7267
7208
7092
7299
7228
7138
7195
7138
7240
7228
7109
7156
7159
7168
7158
7111
7141
7348
7290
7258
7095
7347
7177
7238
7296
7135
7296
7348
7182
7311
7082
7159
7298
7319
7191
7153
7096
7311
7073
7367
7330
7236
7246
7315
7090
7144
7292
7281
7157
7266
7204
7204
7182
7140
7160
7145
7257
7224
7243
7359
7272
7308
7173
7242
7261
7211
7397
7187
7194
7370
7281
7328
7259
7325
7201
7260
7186
7294
7147
7389
7173
7276
7306
7339
7369
7323
7260
7269
7262
7174
7409
7299
7370
7197
7387
7274
7144
7375
7309
7277
7172
7390
7226
7277
7320
7176
7348
7322
7253
7431
7245
7200
7215
7368
7238
7289
7377
7260
7244
7308
7318
7297
7237
7180
7171
7337
7445
7362
7268
7184
7263
7184
7363
7349
7420
7252
7368
7194
7224
7177
7361
7405
7335
7406
7270
7248
7470
7429
7412
7289
7281
7237
7448
7208
7272
7200
7423
7359
7360
7251
7353
7194
7306
7412
7487
7467
7359
7394
7311
7406
7395
7425
7479
7283
7494
7319
7471
7299
7373
7271
7464
7217
7413
7435
7218
7315
7469
7250
7359
7494
7322
7457
7233
7306
7394
7362
7398
7492
7450
7308
7416
7245
7478
7271
7450
7527
7522
7247
7415
7252
7291
7367
7388
7347
7347
7440
3118
3314
3317
3309
3483
2915
3353
3529
3444
2925
3020
3087
3414
3472
3727
2958
3201
3417
2897
3611
3526
2863
3077
3070
3746
3323
2997
3398
3371
3085
3126
3761
2915
3112
2866
7334
7574
7550
7300
7293
7382
7552
7570
7491
7402
7539
7503
7327
7454
7513
7405
7331
7393
7590
7521
7363
7574
7438
7501
7567
7465
7383
7371
7523
7595
7473
7489
7318
7553
7501
7545
7618
7498
7590
7453
7517
7397
7606
7412
7562
7365
7472
7616
7503
7588
7607
7356
7509
7356
7580
7389
7556
7493
7411
7499
7549
7550
7443
7574
7489
7545
7576
7515
7500
7623
7616
7647
7515
7370
7510
7555
7426
7448
7540
7501
7411
7530
7572
7486
7411
7403
7555
7630
7597
7576
7436
7674
7490
7667
7525
7456
7453
7414
7580
7550
7615
7634
7617
7682
7682
7646
7420
7677
7464
7503
7442
7490
7635
7545
7607
7678
7598
7603
7600
7416
7573
7437
7509
7692
7655
7610
7624
7599
7530
7460
7456
7653
7667
7685
7475
7614
7475
7668
7441
7601
7706
7685
7620
7480
7714
7683
7588
7724
7511
7692
7557
7726
7729
7514
7643
7452
7461
7586
7513
7542
7512
7568
7606
7706
7571
7597
7511
7719
7546
7625
7545
7736
7484
7615
7631
7671
7738
7700
7657
7529
7577
7556
7691
7753
7749
7711
7605
7746
7537
7576
7595
7663
7720
7704
7702
7710
7555
7657
7528
7556
7706
7593
7699
7644
7775
7493
7574
7760
7523
7790
7496
7693
7786
7797
7738
7665
7791
7504
7663
7683
7595
7650
7688
7771
7750
7576
7521
7788
7683
7738
7576
7786
7790
7620
7757
7801
7523
7649
7634
7675
7760
7724
7575
7652
7550
7630
7585
7700
7639
7776
7747
7653
7659
7631
7705
7690
7769
7616
7667
7616
7646
7569
7703
7844
7565
7647
7711
7791
7844
7596
7832
7565
7856
7757
7617
7626
7661
7688
7662
7695
7650
7754
7806
7743
7694
7699
7839
7844
7696
7596
7797
7691
7693
7836
7706
7651
7711
7659
7626
7639
7586
7874
7711
7721
7807
7874
7642
7845
7808
7765
7833
7847
7634
7745
7694
7831
7629
7820
7878
7837
7811
7635
7634
7739
7728
7768
7865
7673
7780
7617
7692
7647
7834
7738
7730
7745
7747
7743
7665
7700
7649
7824
7644
7837
7914
7679
7804
7692
7675
7755
7931
7895
7689
7715
7673
7828
7798
7700
7650
7795
7905
7681
7751
7825
7858
7873
7841
7764
7845
7824
7949
7805
7856
7910
7956
7874
7926
7695
7824
7690
7854
7943
7895
7935
7918
7763
7697
7794
7683
7766
7694
7841
7819
7743
7932
7725
7744
7846
7970
7904
7806
7931
7977
7896
7817
7864
7742
7809
7761
7769
7721
7958
7845
7928
3327
3689
3859
3338
3271
3410
3006
3505
3107
3335
3456
3728
3305
3562
3919
3225
3227
3681
3938
3058
3232
3130
3178
3591
3482
2960
3125
3320
3364
3867
3733
3707
3729
3187
3039
3922
3816
2973
3768
3635
3356
2995
2971
3250
3892
3009
3941
3565
3601
3741
3865
3152
3939
3336
3119
3670
3373
2956
3355
3113
3558
3775
3598
3634
3585
3447
3494
3916
3728
3546
3814
3238
3222
3739
3902
3698
3288
3644
3017
3718
3705
3183
3346
3297
3823
3117
3199
3943
3656
3470
3272
3473
3861
3268
3048
3448
3837
3900
3463
3605
3322
3876
3593
3408
3101
3510
3360
3410
3854
3044
3720
3150
3522
3440
3375
3656
3694
3574
3429
3629
2999
3582
3659
3869
3484
3611
3451
3675
3764
3801
3960
3567
3873
3462
3305
3568
3720
3648
3431
3099
3525
3789
3769
3169
3751
3446
3135
3308
3680
3214
3062
3963
3317
3891
3290
3759
3818
3732
3092
3232
3629
3803
3328
3592
3688
3748
3161
3346
3610
3880
2990
3286
3478
3041
3280
3893
3823
3716
3479
3638
3106
3432
3569
3766
3328
3411
3210
3157
3428
3278
3701
3762
3925
3575
3714
3225
3022
3099
3014
3045
3751
3714
3373
3347
3660
3296
3033
3043
3905
3696
3571
3480
3181
3260
3229
3447
3364
3164
3061
3326
3621
3035
3104
3133
3161
3801
3058
3246
3877
3945
3262
3631
3912
3139
3035
3091
3359
3335
3122
3542
3363
3250
3139
3295
3481
3943
3562
3920
3073
3873
3036
3130
3098
3071
3518
3738
3380
3836
3468
3671
3829
3494
3712
3671
3558
3731
3128
3032
3502
3055
3697
3244
3570
3655
3415
3168
3595
3356
3718
3303
3095
3366
3194
3920
3948
3250
3076
3485
3980
3945
3291
3617
3071
3353
3450
3119
3915
3312
3694
3401
3132
3617
3833
3605
3418
3579
3414
3233
3927
3324
3490
3232
3388
3379
3739
3246
3710
3282
3748
3092
3489
3585
3044
3268
3376
3590
3194
3710
3601
3016
3876
3949
3697
3075
3503
3753
3600
3766
3138
3909
3322
3539
3346
3550
3199
3134
3165
3674
3972
3196
3259
3961
3876
3131
3074
3352
3709
3238
3603
3415
3304
3778
3832
3707
3347
3137
3385
3840
3671
3567
3236
3237
3946
3111
3126
3552
3553
3091
3566
3802
3810
3387
3693
3575
3285
3417
3434
3304
3849
3165
4014
3504
3868
3216
3026
3734
3030
3779
3373
3366
3284
3725
3491
3024
3029
3188
4009
3665
3171
3945
3861
3424
3372
3154
3116
3805
3573
3137
3816
3272
3502
3566
3201
3599
3916
3576
3408
3875
3060
3210
3888
3627
3305
3904
3029
3333
3160
3027
3489
3639
3499
3580
3520
3866
3917
3791
4022
3801
3528
3804
3868
3045
3278
3079
3482
3964
3467
3248
3271
3671
3656
3497
4029
3275
3894
3134
3505
8383
8229
8234
8458
8232
8192
8377
8421
8243
8308
8194
8466
8396
8349
8344
8473
8244
8401
8304
8289
8206
8240
8374
8309
8426
8415
8294
8239
8269
8210
8406
8321
8327
8450
8446
8477
8449
8241
8481
8463
8268
8472
8364
8296
8394
8482
8497
8397
8508
8228
8422
8479
8299
8487
8238
8428
8378
8274
8369
8452
8378
8409
8351
8248
8440
8302
8386
8351
8325
8366
8336
8316
8473
8359
8450
8502
8357
8350
8533
3401
3991
3450
3127
3547
3373
3640
3391
3098
3995
3233
3578
3969
3399
3472
3608
3538
3895
3944
3127
3598
3881
3372
4044
3529
3909
3969
3903
3626
3661
3105
3415
3314
3615
3733
3550
3479
3183
3568
3285
3677
3592
3921
4039
3450
3579
3373
3992
3273
3953
3612
4025
3375
4001
3942
3763
3197
3543
3911
3262
3822
3165
3590
3937
3750
3888
3552
3595
3188
3719
3928
3594
3354
3239
3325
3369
3279
3881
3787
3438
4022
3839
3589
3906
3496
3222
3641
3532
4053
3552
3929
3507
3355
3489
3805
3595
3083
3670
3222
3679
3990
4022
3306
3490
3656
4060
3671
3909
3332
3171
3817
4045
3910
3881
3655
3466
3539
3856
3507
3670
3080
3993
3447
3197
3215
3494
3856
4044
3916
3141
3792
3142
3365
3597
3334
3476
3350
3278
3943
3452
3568
4022
3349
3587
3691
3769
4073
3627
3556
3397
3748
3733
3509
3773
3433
4010
3936
3818
3439
3322
3729
3321
3488
4062
3128
3461
3951
3236
3287
3884
3651
3758
3676
3701
3720
3434
3511
3135
3294
3472
3862
3730
3666
3202
4018
3955
3886
3676
3720
3620
3388
3258
3915
3952
3334
3694
3197
3268
3131
4036
3713
3761
3913
4057
3292
3756
3570
3315
3268
3765
3656
3724
3543
4033
3669
3197
3598
3356
3986
3597
3449
3175
3139
3423
3987
3316
3579
4052
3310
3372
3844
3387
4080
3347
3445
3113
3538
3204
3671
4087
3544
3232
3903
3137
3724
3475
3725
3241
3870
4074
3246
4095
3544
3255
3281
3942
3429
4088
3757
3705
3474
3608
3928
3675
3932
3241
3110
3510
3529
3320
3856
3195
3353
3447
3697
3139
3248
4079
3468
3704
4100
3487
3664
3519
3266
3402
3499
3680
3896
3977
3993
3682
3978
3197
3981
3932
3262
3793
3493
3706
3872
3381
3715
3495
4067
3988
3796
3204
3304
3404
3501
3769
3188
3935
3390
4105
3822
3242
3972
3672
3183
3171
3453
3591
3114
3906
3811
3672
3324
3775
3763
4052
3665
3299
3713
3836
3668
3979
3268
3644
3975
3995
3459
3395
3438
3556
3821
3776
3347
3758
3980
3346
4017
4003
3956
3387
3815
3178
3652
3822
3541
3303
3371
3329
3253
3296
4081
3652
4068
3854
3679
4080
3380
3696
3497
3822
3908
3576
3708
3589
3487
3354
3751
3369
3268
3219
4014
3865
3859
3521
3189
3651
3522
4023
3653
3494
3355
3455
8668
8906
8792
8725
8722
8782
8723
8802
8794
8909
8745
8904
8734
8821
8937
8883
8857
8841
8940
8685
8916
8879
8922
8931
8699
8927
8681
8903
8736
8909
8789
8865
8856
8722
8731
8896
8787
8911
8681
8821
8838
8952
8702
8875
8833
8823
8837
8911
8716
8881
3745
3683
3461
3762
3881
3709
3341
3781
4027
3876
3359
3825
3402
4081
3824
3310
3611
3410
3889
4086
4079
4079
3263
3676
3807
3941
3866
3762
3997
3432
3331
4106
4021
3535
3698
3945
3861
3254
3269
3666
3949
3902
3508
3195
3203
3810
3765
3697
3329
3837
3965
3490
3199
3180
3476
3458
3965
3309
3847
3206
3393
3204
3283
3234
3411
3609
3868
3984
4076
3679
3972
3929
3875
3460
3528
3984
3681
3960
3577
4071
3447
3764
3814
3686
4047
4077
3195
4013
3375
3855
4014
3976
3241
3304
3536
3551
3644
3710
3391
4059
3532
3463
4030
4150
3510
3417
3893
3641
3489
3537
4019
3744
4113
3896
3283
3593
3854
3800
3916
4045
4139
3787
3852
3239
4118
3369
4111
4002
3741
3722
3207
4138
3838
3719
3508
3552
3382
3543
3880
4139
4056
3352
3314
3290
3699
3416
3229
3664
3178
3250
3217
3838
3498
3285
3213
3740
3448
3420
3890
3299
3856
3185
3377
3613
3555
3746
3291
3340
4120
3914
3606
3689
3559
3358
3732
3761
3720
3560
3487
3715
3270
3521
3646
3968
3891
3177
3449
3830
3812
3661
3410
3301
3300
3819
3492
3853
3615
3998
3971
3715
3627
3932
3467
3933
4117
3250
3710
3485
3781
4169
3391
3427
4115
3727
3849
3660
3750
3709
3785
3206
4079
3396
3872
4177
3784
3311
4084
3619
3972
4025
3410
3738
4182
3816
3327
3260
3458
3474
3849
3924
3808
3730
3622
4028
3937
4051
3824
3562
4147
3862
3423
3534
3992
3739
3306
3539
3935
3754
3300
3315
3750
3528
3311
4079
3359
4121
3521
3412
3591
4027
3353
4183
3655
3378
3234
3712
3471
3650
4144
3219
3297
3373
3370
3901
3556
3274
3559
3933
3946
3216
4050
3955
3746
3357
4107
3778
3907
3904
3455
3493
3260
3322
3997
4136
3787
3470
4142
3394
3793
3743
3928
3456
3516
3477
4070
4013
3277
3304
3356
3778
3513
3213
3488
3733
3876
4148
3222
3951
3935
3756
3420
3945
3598
4088
4201
4017
3570
3464
3608
3684
3366
3675
3531
3559
3400
3888
3723
4194
3747
3421
3759
3964
4044
3927
3757
3542
3674
4120
3389
3614
3741
4106
3902
3896
4000
4082
4205
3633
3436
3515
3308
3847
4213
4029
3451
3761
3853
3262
4154
4073
3650
3824
4071
3618
3578
3995
3611
3657
3896
3856
3938
3363
4173
4149
3226
3402
3890
4031
3860
3254
3816
4068
3445
4153
4057
3834
3239
3894
4048
4116
3894
3834
3857
3765
3235
3993
3234
3555
3979
3323
3863
3252
3895
4047
3443
3318
3907
3448
3761
3411
4190
4168
3310
4106
3557
3658
3900
3798
3859
3909
3756
4059
3386
3844
3285
3397
4014
3255
3280
3611
3904
3645
3835
3500
3420
3325
3945
4130
3528
3768
3920
9228
9169
9191
9316
9210
9236
9221
9204
9403
9315
9344
9343
9320
9185
9453
9221
9403
9468
9426
9240
9319
9309
9216
9200
9361
9209
9205
9355
9309
9295
9259
9291
9277
9205
9440
9456
9473
9319
9422
9273
9264
9303
9288
9418
9212
9427
9322
9317
9441
9272
9309
9431
9374
9419
9327
9275
9358
9393
9313
9503
9266
9290
9391
9218
9439
9381
9266
9391
9270
9474
9365
9272
9494
9421
9407
9456
9399
9415
9335
9404
9372
9329
9394
9245
9377
9311
9437
9341
9376
9436
9542
9515
9365
9403
9537
9509
9386
9455
9272
9324
9362
9544
9361
9291
9391
9345
9322
9537
9514
9424
9433
9419
9383
9495
9338
9565
9422
9501
9374
9303
9481
9537
9320
9304
9328
9368
9310
9445
9380
9322
9566
9578
9553
9449
9295
9567
9303
9544
9585
9362
9374
9421
9504
9434
9474
9487
9498
9547
9361
9526
9546
9378
9522
9338
9515
9324
9384
9517
9364
9442
9408
9393
9571
9392
9530
9515
9508
9545
9449
9346
9587
9403
9406
9570
9347
9518
9469
9621
9410
9542
9632
9514
9573
9503
9444
9597
9440
60341
3540
3713
3517
3370
3550
3893
4064
4036
4174
3309
3392
4138
3593
3540
3898
3501
3666
3583
4028
3750
3500
4240
3986
3542
3499
3752
3290
3748
3805
4271
3578
4151
3382
3493
4232
3865
3626
4038
3572
3838
3838
4020
3578
3587
3328
4094
4061
3298
4201
3563
4175
4163
3456
3745
4002
3982
3722
3841
3691
3427
3729
4167
3887
3304
3427
3744
3776
4218
3670
3302
4104
4085
3931
4108
3628
3785
4050
4191
3594
3455
3732
4042
3726
4106
4174
3309
3870
3911
3451
4055
3493
4269
3856
3593
3751
3731
3654
3641
3350
4010
3443
3526
4189
3764
4079
3712
3919
3609
4288
4039
3732
4127
4069
3317
3455
4059
4200
3576
4087
3590
3502
3828
3469
3677
4176
3375
4232
3542
4218
4271
3578
3644
4057
3945
3637
3493
3588
4144
3470
3828
3826
3302
3452
3421
3586
4087
3865
3608
4063
3941
3313
4288
4070
4266
4266
3312
3639
3682
4191
3618
3663
3850
3412
4220
4168
3467
3858
4003
3897
3774
3350
4026
3594
3306
3621
3641
3482
3532
3822
4297
3516
3820
4126
4028
3774
4288
3759
3666
4020
3886
4065
3475
3331
4298
3476
3921
3325
4093
4125
3959
3832
4048
3734
3604
3765
4039
3412
3795
4149
3496
3320
4238
3555
4194
3377
3458
3539
4163
4148
4152
4277
3651
4078
4198
3325
3689
4104
3345
3944
3843
3898
3626
3535
3720
3559
4222
4274
3815
3821
3802
4002
4005
3324
4101
3588
4015
4098
3601
3636
4114
3670
3819
3515
4133
3438
4097
4103
3654
3759
4158
3387
3493
3504
3712
3846
4077
3864
4313
3494
3408
3460
3592
4039
3988
3892
4020
4025
3586
3520
3486
3964
4162
3394
3361
3580
4258
3519
3360
4318
4242
3879
3904
3931
3478
3392
3624
3968
3588
3372
3846
3442
3469
4065
3909
3577
4154
4082
3880
3351
4278
4299
3571
3925
3795
3959
3957
3933
3444
3346
3380
3794
4240
4067
3555
3571
4108
3506
4283
4235
3341
3512
3663
3813
4104
3999
3771
3673
3685
3476
3575
3568
3825
3543
3725
3417
3580
3988
4097
3548
3616
4005
4146
3340
4165
4024
4220
4142
4122
3363
3396
3779
3382
3873
4034
3753
3692
3783
3596
3514
3622
4170
4234
3798
4123
4066
3965
4155
3715
4094
4275
4060
4235
3762
3649
3721
3553
3543
4249
4175
3439
3536
3618
4324
3951
3700
3415
3841
3780
4298
3683
4319
4264
4171
4143
4071
9816
10037
9963
9909
10043
9763
9938
9869
10050
10027
9801
10047
9883
9858
10004
9901
9853
10061
10048
9967
9821
9967
9930
10068
9944
9778
9780
9941
9890
10008
9950
9939
9812
9872
10050
9839
9959
10008
9825
10033
10026
9849
9926
10026
9864
9973
9792
9924
10089
10094
9846
10029
9930
9829
9959
10083
10099
9832
10087
9927
9987
10049
9920
9812
10020
9824
9988
9900
10082
9821
9912
9909
10027
10029
9913
9862
9827
9970
10038
10085
10034
10125
9872
10077
9868
9871
9988
9874
9874
10031
9874
9849
9964
10124
10019
10068
9963
9854
10000
10036
10121
10074
9988
9869
10046
10026
10099
9880
10099
9914
9970
9881
10117
10136
9922
10026
10094
10120
3443
4130
3612
3499
3964
4352
3805
3588
3659
3422
3509
4249
4191
4203
3965
3869
4199
3818
4121
3489
4043
4269
4377
3594
4209
3868
4194
4099
4010
4052
4088
3624
4043
4313
3594
4199
4361
3841
4285
4256
3425
4299
3665
4073
4044
3794
3773
3550
4349
3574
3584
4085
3780
4320
3832
3405
3390
3720
4024
4247
4340
3821
4104
3774
3534
4086
3537
3986
3984
4330
3395
3748
3658
3689
3505
4149
4350
4162
4245
3668
3536
3481
4010
4210
3795
4336
3413
4351
3717
4180
3557
3920
4370
4228
3933
3601
4365
4296
3827
3731
3553
4143
3803
3662
3664
3659
3726
3964
4198
3504
3731
3813
3621
4308
3788
4337
3617
3442
4104
3564
4118
4365
4212
3842
3466
3691
4376
3893
3758
3571
3478
3882
3895
4114
4160
4276
3670
4070
3762
4055
3997
3456
3952
4162
3853
3943
4207
3871
3706
4259
3726
3424
3542
3894
3702
3644
3926
3663
4194
3795
4028
4011
4053
3417
3471
4284
4104
4271
3683
4002
4150
3691
3772
3989
3421
4147
3445
4291
3940
3559
4003
4045
4370
3441
3634
3575
3984
4328
4161
4086
4289
3468
3412
3786
3880
3943
3604
4156
3759
4297
3908
4017
4112
4063
4300
3881
4177
3538
4146
4000
3474
3640
3622
3784
4022
4121
3785
3921
3616
3627
4191
3422
3563
3993
4019
4272
3495
3980
3862
3597
3680
3919
4252
3879
3730
3666
4280
3780
3720
3536
4218
3659
3626
4230
3824
3853
3545
4152
4413
4030
3756
3594
4201
3461
4277
3537
3512
4119
3760
4167
3781
3494
3695
3868
3825
4384
3738
4321
4278
3869
3603
3599
3502
4419
3547
4308
4326
3979
4418
3982
3971
4386
4317
4219
3881
4022
4184
4003
3603
3532
3632
3853
3484
4336
4008
3783
3589
3557
3981
3509
4103
3472
3950
4428
3586
3599
3921
3847
3630
4385
3950
4108
3685
3714
3733
3900
4100
10289
10466
10269
10375
10240
10291
10227
10465
10383
10414
10194
10319
10492
10273
10252
10491
10313
10278
10487
10342
10369
10362
10370
10343
10413
10392
10269
10212
10455
10370
10407
10279
10237
10261
10411
10435
10225
10256
10238
10360
10290
10426
10310
10306
10427
10484
10518
10388
10429
10250
10436
10300
10453
10278
10242
10443
10409
10283
10274
10469
10371
10387
10329
10245
10450
10467
10400
10481
10430
10434
10254
10423
10372
10343
10491
10329
10281
10512
3780
3988
3566
3731
3859
3791
4010
3950
3579
3881
3952
3721
3606
3720
3593
3690
4242
3459
3879
3735
10348
10315
10398
10310
10513
10571
10438
10490
10380
10463
10298
10352
10512
10508
10408
10462
10329
10587
10394
10324
10346
10534
10352
10576
10552
10339
10341
10386
10558
10513
10316
10418
10312
10413
10520
10552
10408
10515
10395
10415
10551
10439
10505
10553
10470
10526
10339
10522
10493
10617
10433
10420
10474
10387
10445
10597
10491
10549
10513
10403
10546
10501
10433
10384
10424
10383
10457
10509
10578
10413
10591
10591
10477
10647
10597
10360
10380
10582
10535
10631
10622
10598
10610
10395
10567
10426
10443
10433
10587
10413
10548
10581
10373
10399
10614
10426
10495
10470
10650
10435
10616
10384
10549
10534
10603
10628
10496
10570
10532
10481
10588
10392
10621
10515
10545
10426
10484
10530
10632
10423
10648
10524
10511
10659
10569
10688
10620
10545
4433
3762
4265
3816
3906
3864
3928
3648
4395
4011
3975
4236
4392
3799
4287
3775
4392
3717
3874
4150
4421
4366
4362
3965
3645
4394
4316
3756
4265
3937
4411
3873
3778
3665
3672
4182
3978
4128
3768
3878
3578
4215
3580
3921
4201
3848
3649
4280
4262
4204
3545
4181
4198
4207
3904
4074
4395
3962
4002
3898
3896
3824
3894
4351
3938
4429
3541
4369
3820
3942
3769
3950
4110
3712
3648
3988
3762
4437
4184
4317
4022
4489
3923
4482
3856
4060
4193
4488
3792
3988
4492
3730
3517
4094
3605
3585
4273
3710
3992
3678
4389
3510
3614
4243
3703
4245
4226
3672
4155
4207
4398
4225
4012
4264
4169
3875
3656
4110
3963
4037
4248
3764
4494
4453
3881
3937
3868
4292
4482
4358
4021
3624
3764
4427
3668
4113
3566
4444
3866
3572
4094
3911
4053
4005
4029
4367
4022
3537
4029
4351
4198
3832
4080
3790
4081
4399
3542
3799
4501
3960
4063
3533
3995
4299
4321
3774
4094
3795
3598
4307
3952
3710
3549
3539
4407
4107
4244
3945
3846
4303
4417
3919
3727
4457
3862
4235
4434
4365
4310
3893
4086
4302
3555
4287
4502
3835
3689
4011
4185
4434
3650
4220
3747
4223
3989
4130
4307
4471
4027
3867
4307
4522
3635
3628
4518
3910
4100
4408
3830
4467
4316
4332
4014
4163
3796
4487
3737
4010
4102
3946
4133
3911
4279
3895
4269
3958
4479
3601
3684
3983
4165
3793
3692
3602
4313
3561
3726
3802
3959
3954
3836
3909
4233
4484
4464
3997
3552
4000
3565
4464
4119
3556
4218
3721
4465
4051
4074
4284
4489
4422
3582
3670
4106
3725
3757
4495
4363
4261
3693
3668
3932
3802
4351
4519
4534
3860
4410
3565
4216
3710
3661
4449
3666
4404
3703
4189
4391
3597
3654
4137
3795
4497
4440
4339
3808
4001
3777
3784
4103
4097
3888
4240
4365
3621
4435
3679
4214
3750
4482
4346
4545
3758
4022
4278
3913
4411
4011
4238
4433
4241
3682
3690
4450
3956
4415
4297
3558
3822
3621
4404
4138
4444
4228
3649
4511
4058
4314
4163
4306
4231
4244
3610
4345
4305
4335
4363
4066
4481
3681
3692
3730
4193
4006
4213
3940
4421
4433
4497
4147
3785
3757
4504
4338
4528
4209
4286
4044
3650
4442
4549
3995
4229
4077
4161
3770
3850
4550
4249
4128
4148
4316
4291
3655
3683
4507
4527
3737
3710
4283
3575
4352
3644
3915
3640
4052
3663
4121
4024
3953
3869
3941
4203
4282
4009
3958
4331
3912
4281
3980
3954
4326
4313
3732
3649
4338
3822
3806
4358
4293
3838
10946
11103
10905
11063
11120
10889
10902
4402
4146
3751
3631
4144
4449
4170
3877
3586
3900
4031
3841
4143
3724
3889
3596
4480
4447
4528
3918
4410
4568
4263
3637
4227
3874
4442
4447
4458
4474
4138
4172
3621
4172
3922
4243
4403
4551
3856
3886
3584
4371
3809
4107
4044
4394
3678
3690
4204
3661
4553
4536
4211
4011
3976
4542
4345
4451
3712
3843
3605
4013
4193
4212
3614
4455
4293
4223
4076
4195
4292
3851
3893
4312
4025
3940
3642
4046
3713
3680
3675
4112
3904
3923
3609
3704
3775
3621
4232
3720
4128
4079
4161
4406
4329
4267
3789
3698
4253
4370
4076
4444
3658
4141
3991
3828
3598
4224
3669
3622
3799
4480
3925
4531
4451
3633
4218
4052
3907
4342
4431
4333
4390
4272
4511
3943
3874
3859
4276
4482
3907
3696
4040
3687
3995
3614
3674
3760
3651
4084
3847
3640
4564
4226
4290
3844
3612
4462
4007
4241
4485
3869
4495
4527
4580
4007
4487
4486
3622
3968
4357
3892
4080
4135
3718
4568
4584
4452
3862
4186
3878
4522
3742
4186
4266
4057
3938
3770
4098
4561
4148
4493
4522
4070
3865
3703
4037
3744
3772
4115
4007
4350
3875
3893
3782
3882
3722
4365
4356
4251
4203
4100
3832
4001
3865
3930
4411
3632
3938
4004
4516
4311
4504
3898
4512
4024
3717
3736
4066
3991
4235
4461
3635
3690
4412
4016
4498
3654
3963
4327
4567
3913
4044
3788
3888
4527
4550
4213
3835
4579
3897
4447
4003
4244
3940
4596
4404
3858
3841
3722
4508
3864
3834
4143
4566
4615
3778
4231
4202
4084
3649
4454
3909
3773
4082
3889
4610
3963
3974
3775
4075
3784
4168
4378
4464
3984
3662
3828
3815
3918
3695
3865
4129
4468
4599
3828
4149
3789
3757
4490
4180
4209
3730
4108
4380
4195
3919
4389
4568
3660
3785
4302
3632
3836
3823
3988
4550
3858
4391
4439
3660
3767
3680
3872
3745
4269
3854
4218
3824
3761
4622
3993
3635
4066
3940
4009
4549
4060
3689
4282
4291
4121
4139
3981
4572
3765
4535
4207
4013
3661
3874
4282
3649
4410
4227
4209
4492
4179
3724
4052
3746
4128
3675
4168
4221
3885
3662
3994
4010
4446
4272
4351
4235
4579
4513
3731
3888
4148
4228
3982
4616
4264
4626
3711
3793
4221
3692
4379
4621
4297
4640
4287
4000
4118
3753
4526
3913
4547
3943
3962
4285
3828
3783
4447
4341
4491
4353
4630
4616
3782
4016
3948
3839
4436
4227
3904
3903
4330
4511
4068
3798
3776
4597
4097
4063
3677
4556
4547
4591
4003
4037
3683
4040
4217
4095
4182
4483
3990
4379
3766
4189
4569
4432
3714
3994
4145
4237
3785
3754
4041
3832
3996
4209
3816
4123
11524
11570
11357
11333
11561
11593
11533
11501
11576
11446
11366
11325
11350
11309
11487
11410
11412
11361
11488
11561
11558
11411
11461
11520
11584
11485
11600
11316
11601
11377
11400
11481
11609
11613
11351
11509
11515
11527
11373
11561
11491
11585
11451
11557
11374
11362
11543
11428
11507
11528
11354
11506
11421
11584
11498
11492
11407
11574
11458
11461
11623
11394
11420
11424
11472
11482
11596
11482
11584
11360
11365
11600
11510
11435
11383
11410
11432
11502
11439
11513
11635
11635
11620
11446
11387
11379
11629
11521
11438
11471
11634
11642
11516
11647
11464
11563
11409
11680
11504
11520
11563
11597
11504
11500
11517
11574
11628
11624
11641
11419
11631
11665
11526
11423
11610
11478
11492
11584
11472
11650
11453
11565
11684
11632
11468
11631
11586
11450
11478
11503
11514
11558
11630
11584
11634
11628
11674
11697
11704
11703
11516
11433
11695
11642
11657
11435
11635
11557
11610
11636
11590
11520
11524
11677
11687
11529
11529
11727
11608
11496
11677
11699
11692
11746
11752
11643
11656
11526
11690
11594
11664
11545
11707
11608
11529
11584
11523
11737
11689
11590
11609
11482
11669
11660
11487
11500
11770
11593
11675
11503
11776
11719
11696
11706
11494
11687
11506
11675
11543
11628
11763
11682
11683
11509
11725
11645
11658
11566
11504
11587
11747
11528
11506
11681
11713
11516
11729
11764
11732
11555
11514
11626
11716
11774
11594
11559
11556
11593
11619
11651
11555
11577
11807
11742
11524
11628
11728
11687
11758
11712
11589
11818
11766
11574
11721
11784
11733
11823
11723
11725
11721
11802
11690
11545
11687
11744
11718
11565
11840
11687
11648
11562
11612
11659
11727
11620
11832
11732
11616
11604
11654
11656
11695
11769
11685
11637
11773
11670
11801
11733
11701
11767
11706
11664
11623
11847
11579
11781
11826
11664
11709
11759
11875
11762
11669
11645
11871
11687
11807
11760
11618
11624
11649
11778
11651
11722
11677
11891
11830
11691
11713
11822
11717
11871
11724
11671
11791
11622
11865
11860
11711
11660
11636
11893
11677
11903
11800
11729
11869
11695
11730
11676
11895
3894
3944
4029
3729
3973
4312
4679
4536
3932
4577
4279
4343
3934
4615
4230
4016
4563
4111
4209
3919
4398
4493
3872
4230
4259
3798
4109
4586
4359
4413
4191
4142
3784
4429
4716
4077
4700
4461
4157
3891
4423
4678
4102
4009
4002
4295
3975
4055
4424
3940
3961
4728
3968
4466
4086
4590
4077
4320
4117
4134
4628
4510
4319
4065
3870
4629
3876
4596
4527
3836
4468
3882
4369
4056
3895
4676
4658
4399
4122
4293
4247
4430
4653
4500
3812
4538
4328
4149
4581
4551
4684
3832
4422
4512
4549
4501
4574
3918
4072
4335
3876
4081
4433
4097
3953
4298
4402
4674
4043
4688
4630
4475
3806
4661
3843
3878
4049
4475
4002
4033
4573
4658
3779
4638
4592
4486
4202
3817
4662
4349
4071
4180
4641
4071
4417
3982
4096
4515
4282
4266
4032
3823
4707
4637
4315
3757
3836
3914
4424
4737
4053
4513
4163
3812
4208
4652
4490
4461
3983
4530
3769
4398
4154
4681
4142
4552
4182
4177
4418
4107
4309
4543
4609
3789
4446
3971
4330
3904
4469
4100
3787
3766
4320
4593
4364
3823
4232
4170
4245
3783
4081
3894
4206
3917
4549
4093
4664
3989
4552
3972
4478
4697
4222
4591
4665
4284
3832
4465
4106
4374
4134
4330
4631
3983
4750
4053
4147
3934
4035
4574
4746
3777
4643
11944
12063
12122
12082
11877
11968
11934
12003
12151
12021
11910
12066
11921
11877
12139
11997
12042
11998
11998
12076
12012
11984
12031
12118
12031
11884
12110
11935
11971
12055
4047
4609
4425
4309
4643
4143
4084
4662
4681
3897
4224
4628
3900
4465
4534
4278
4383
4605
4330
4459
3934
4325
4493
4322
4098
4230
4343
4052
4141
4734
4307
4276
3901
4109
4511
3944
4452
4301
4240
4314
4566
3880
4073
4033
4202
4581
4230
4723
4204
4732
4670
3890
4004
3897
4042
4555
4048
4339
4226
3865
4664
4566
4036
4212
4683
4267
4716
3951
4515
3925
4481
4042
4357
4602
4158
4696
4057
4523
3902
4539
4554
4531
3794
4378
4550
4352
4322
4762
4260
4746
4276
4044
4100
4141
4177
4183
4043
4077
3920
4084
4171
4178
3960
4135
4007
4130
4614
4241
4226
4250
4607
3827
4217
3959
4336
4234
4192
3834
3838
4033
4494
3895
4442
4473
4423
3869
4702
4463
4112
4575
4166
4632
4480
4162
4642
4764
4281
4141
4452
4291
3806
4620
4796
4712
4498
4432
4642
4034
4591
4431
4101
4291
4414
3946
4146
4248
4748
4125
4601
3957
4172
4555
4401
3935
4317
4078
4331
4334
4523
4165
4524
3960
4054
4294
4640
4757
4479
4349
3837
4231
3940
4741
4385
4575
4406
4673
4683
4020
4627
4490
4411
3963
3973
4721
4712
3952
4482
3964
3977
3846
4684
4197
4339
4213
4365
4236
3890
3975
4650
4068
4390
4225
4738
4332
4099
4307
4567
4611
3862
4699
4542
4713
4424
4588
3986
4578
4297
4547
4436
4471
4535
4777
4175
4147
4011
4116
4505
4743
3924
4243
4210
4643
4384
4768
4208
3858
4533
4361
3887
4457
4087
4200
4284
4761
4804
4734
3921
4363
4611
4709
3902
4516
4550
4403
4232
4376
4725
4008
4113
4783
3857
4239
4420
4375
4570
4814
4393
4811
4433
4561
4714
4052
4766
4476
4315
4495
4821
4188
4004
4789
4650
4371
4553
4470
4415
3865
4428
4035
4079
4324
4009
3947
4477
4026
3903
4149
4342
3869
4553
3934
4777
4801
4790
4396
3988
4314
4318
4076
4106
4358
4756
3876
3870
4700
4458
3866
4792
4217
4690
4131
4261
3876
4297
4695
4396
4549
4825
4071
4621
4306
4028
4813
4808
3885
4421
4692
4493
4560
4607
3900
4622
3928
4796
4072
4733
3933
4374
4784
4276
4658
4159
4716
4608
4148
4533
4043
4320
4130
4623
4548
4327
4098
4230
4006
3964
4316
4791
3956
4507
3931
4317
4746
4302
3924
4529
4043
4616
4459
4022
4310
4089
4658
4500
4145
4500
4099
4034
4769
4111
4094
4161
4144
4660
3964
4316
4793
4508
4661
4306
4241
4396
4126
4478
4223
4440
4608
4275
4049
4777
4640
4494
4697
4429
4654
4263
4401
3867
4825
4390
3933
4055
4484
3939
4759
4754
4253
4192
4377
4042
4539
4768
4002
3947
4817
4508
4063
4002
4579
4273
4829
4040
4576
4372
4510
4229
4853
3884
4524
4793
3976
4386
4172
4429
3908
4593
4522
4617
4054
3889
3966
4226
4381
4761
4608
4652
4234
4799
3976
4548
4623
12438
12568
12465
12508
12655
12555
12547
12590
12491
12415
12637
12585
12408
12552
12558
12554
12511
12656
12425
12570
12659
12576
12573
12384
12510
12423
12461
12383
12563
12529
12556
12619
12591
12465
12486
12432
12559
12642
12411
12614
12651
12676
12402
12560
12417
12543
12506
12497
12547
12422
12700
12512
12425
12588
12633
12554
12708
12442
12521
12634
12610
12609
12475
12454
12641
12541
12643
12461
12473
12603
12532
12706
12511
12611
12588
12696
12561
12539
12480
12549
12585
12736
12681
12577
12485
12482
12573
12475
12594
12735
12495
12567
12575
12452
12721
12494
12506
12655
12712
12540
12558
12624
12558
12472
12620
12690
12597
12569
12491
12751
12676
12493
12724
12479
12581
12756
12727
12526
12768
12567
12502
12687
12776
12565
12540
12557
12530
12606
12769
12702
12633
12758
12747
12576
12631
12618
12736
12660
12713
12498
12780
12770
12724
12506
12766
12544
12693
12567
12629
12672
12524
12789
12795
12583
12784
12747
12793
12726
12516
12655
12648
12575
12681
12563
12530
12560
12723
12743
12634
12614
12620
12587
12822
12716
12819
12595
12536
12825
12813
12598
12628
12551
12816
12544
12600
12570
12732
12759
12570
12680
12763
12601
12652
12552
12786
12748
12626
12694
12611
12712
12703
12786
12847
12598
12633
12680
12608
12829
12783
12630
12669
12780
12627
12607
12683
12704
12742
12771
12712
12697
12740
12825
12822
12677
12826
12769
12655
12779
12754
12875
12620
12671
12740
12720
12620
12813
12630
12696
12665
12869
12721
12887
12784
12696
12816
12747
12604
12840
12664
12783
12613
12831
12836
12899
12891
12869
12743
12799
12711
12651
12898
12797
12730
12857
12751
12790
12920
12657
12837
12792
12699
12780
12849
12888
12668
12897
12868
12906
12876
12684
12772
12880
12904
12742
12932
12880
12767
12933
12793
12866
12662
12717
12769
12912
12736
12912
12656
12689
12835
12717
12939
12763
12780
12856
12895
12865
12669
12860
12962
12830
12920
12837
12750
12838
12814
12761
12923
12839
12684
12927
12893
12901
12843
12909
12731
12930
12798
12731
12960
12759
12978
12767
12769
12735
12691
12815
12697
12991
12856
12888
12850
12825
12850
12934
12799
12753
12939
12922
12998
12818
12969
12941
12814
12935
12989
13003
4154
4302
4823
3943
4353
4109
4910
4124
4801
4177
4868
4477
4862
4845
4737
4067
4941
4436
4752
4246
4692
4702
4297
4570
4088
4066
4834
4750
4282
4511
4809
4504
4109
4622
4758
4809
4072
4111
4068
4455
4541
4470
4079
4782
4604
4468
4011
4246
4050
4822
4014
4408
4680
4366
4273
4288
4385
4128
4275
4076
4062
4372
4099
4402
4832
3994
4338
4676
4049
4243
4375
4954
4934
4397
4698
4175
4500
4945
4410
4308
4383
4283
4806
4787
4237
4145
4616
4950
4761
4724
4139
4316
4591
4746
4955
4171
3967
4777
4823
4683
4113
4723
4704
4927
4407
4961
4888
4621
3985
4687
4227
4761
4087
4063
4919
4647
4154
4887
4149
4265
4434
4434
4063
4274
4820
4789
4347
4962
4559
4490
4152
4165
4120
4041
4668
4487
4763
4674
4743
4610
4775
4068
4225
4169
4105
4269
4908
4763
4787
4032
4651
4769
4809
4734
4163
4218
4288
4494
4074
4802
4897
4647
4387
4637
4480
4098
4677
4346
4216
4321
4605
4152
4194
4446
4102
4434
4838
4673
4655
4349
4552
4040
4710
4008
4790
4467
4732
4717
4215
4118
4213
4679
13014
13135
13078
12965
13063
13109
13189
13015
12959
13096
12976
13099
13027
13037
13057
13212
12921
13180
13207
12936
13041
12977
12998
12998
13151
13142
13129
13213
13149
12958
12936
13026
13218
13059
12943
13107
13170
13154
13142
13038
13107
12983
13093
13241
12980
13163
13151
13250
13011
13190
13034
13134
13147
12961
13183
13074
12996
13000
13056
13009
13195
13187
13065
13098
13013
13158
13132
13221
13234
13102
13079
13089
13225
13270
13099
13143
13125
13169
13059
13139
13258
13122
13271
13181
13128
13130
13029
13192
13278
13249
13102
13061
13209
13012
13260
13295
13069
13035
13277
13122
13118
13248
13217
13079
13108
13086
13050
13293
13033
13234
13242
13247
13022
13196
13020
13079
13032
13112
13197
13151
13130
13257
13289
13164
13267
13274
13148
13251
13282
13228
13323
13036
13249
13227
13048
13064
13256
13121
13085
13258
13213
13174
13319
13292
13136
13095
13254
13057
13286
13107
13131
13340
13328
13130
13114
13270
13184
13227
13148
13318
13293
13349
13288
13224
13357
13287
13079
13284
13365
13364
13343
13166
13179
13239
13166
13262
13324
13372
13138
13160
13190
13132
13367
13318
13176
13342
13285
13298
13331
13184
13228
13205
13303
13133
13248
13375
13388
13359
13206
13398
13262
13325
13376
13124
13390
13369
13326
13392
13306
13355
13354
13342
13228
13333
13407
13347
13164
13374
13174
13409
13156
13327
13310
13275
13417
13242
13403
13222
13425
13399
13183
13285
13231
13152
13249
13238
13304
13175
13146
13193
13426
13160
13255
13178
13437
13402
13313
13430
13339
13176
13311
13282
13291
13362
13185
13359
13163
13212
13417
13406
13418
13266
13449
13432
13437
13353
13413
13279
13464
13289
13226
13396
13303
13366
13319
13325
13189
13420
13248
13345
13360
13401
13264
13451
13312
13205
13359
13302
13465
13220
13227
13367
13223
13394
13401
13482
