2421
2425
2446
1805
1553
1847
1544
1836
1778
1882
2025
1903
2423
2019
2045
2047
1632
2285
2210
1724
2355
2408
2020
1684
1593
2036
2247
2164
1742
2144
1876
2032
1850
2177
1815
1754
1627
1601
2287
1623
1958
1790
2048
2058
2290
2140
1715
1991
1715
2117
2122
2059
1908
2264
1696
2125
2150
1786
2081
1960
1595
2414
2470
1808
2319
1684
2170
1550
1818
2478
1554
1634
2126
1996
2131
2029
1606
1972
1688
2297
1856
2080
1823
2368
1528
1608
2121
2088
1586
2512
2105
2188
2486
1882
2331
1905
2235
2023
2348
2193
2248
2299
2187
2063
1534
2299
2109
1610
2362
2315
2482
1946
1696
1990
1717
2510
2232
2219
2479
2398
1563
1799
2451
2108
2222
2483
1777
1821
1868
1887
1973
1548
1829
2380
2114
2205
2020
1832
1575
1986
1924
1528
2248
2382
1644
1558
1743
2437
1976
1680
2516
2000
2226
2449
1614
2023
1997
1968
1710
1622
2470
2514
1590
1602
2501
2089
1981
1642
1844
2200
2121
1655
1654
2367
2306
2514
1654
2443
2182
1970
2304
2243
2330
2394
1954
1631
2009
2176
2350
1575
1618
1741
2046
1745
2434
1809
2485
2350
2320
1754
2020
1825
1968
2186
1885
1952
1985
1710
2329
2377
1995
2375
1816
1717
2282
2076
2337
2363
2472
1604
2474
2425
1613
2368
2486
1887
2149
2119
1907
2267
2370
1994
1698
1784
2065
1561
1655
2376
2480
1895
2423
1706
2387
2123
1602
1679
1628
2242
1814
1580
2361
2354
1599
2247
1994
2311
1665
2507
2025
2522
2088
1904
1577
2540
2204
2245
2347
2185
1876
2289
1594
2289
1791
1903
2394
1802
1944
1963
1839
2357
2029
2036
1759
1635
1630
2016
1833
1846
1723
1774
2467
1609
2187
1839
2296
1979
1974
2138
2308
2338
2445
1799
2267
1623
1618
2553
1739
2135
1641
2102
1637
2178
2141
1757
1718
1943
2267
2381
1899
2106
1863
1568
2266
1899
2314
2559
2550
2009
2398
1614
2448
2039
2436
1711
1882
2279
2133
2063
1810
2482
1843
2072
2216
2008
1692
2271
1653
1850
2142
2074
2494
1938
1622
1652
2017
1661
1720
1873
2241
2238
1574
1608
1686
1847
2364
2128
2020
1618
2081
2432
2092
2449
2079
2045
1986
2517
2241
2275
1671
2444
2206
1629
1727
2201
2035
1773
2391
2044
2552
1678
2240
2489
1706
2379
1808
2307
2036
2529
1739
2562
2341
1626
2352
1200
918
1114
982
1040
925
1006
1088
970
936
924
1004
1164
1018
948
1116
1106
1190
1140
1065
1144
1049
1167
1092
1027
1030
1056
1182
1104
1115
1095
1002
1138
1056
1084
987
1025
1211
1030
960
1043
1216
1027
1071
1146
1197
974
1085
1081
1241
1033
1149
1081
1191
985
964
1078
1096
991
1255
1116
1100
1022
973
1062
1127
2316
1757
2307
1840
2108
1865
2304
2562
1703
2094
1613
2343
2309
2264
1948
2072
2378
2593
1737
2021
1683
1825
1900
2418
2419
2172
2258
2491
2490
2508
2073
2424
2315
2536
2600
2053
2540
1946
1907
2264
2238
1879
2100
1631
1880
1775
1624
2109
1917
2187
1786
1754
2157
2355
2155
1687
2039
2179
1892
1723
2162
2351
1654
2140
1744
2110
2588
2342
2174
2518
1695
2456
2202
2450
2558
2087
2606
2605
2312
1790
2313
1660
2564
2314
2049
1972
1957
2145
2294
1943
2516
1860
2187
1859
1782
2386
2530
2478
2307
1965
2438
1705
1805
2441
2079
2530
1960
2458
2102
1667
2341
2136
2441
1916
1677
2292
2493
2071
1800
2329
2439
2066
2224
1790
1620
1705
1913
2440
2291
1819
2188
1695
2182
1654
2428
1770
2366
2422
2345
2589
2611
2208
2236
2230
2051
2400
2279
2594
2326
2404
1637
2248
2224
1858
2235
2525
2117
2498
2570
1688
2050
1691
1881
2497
1997
2152
1740
2250
2103
1908
2430
2385
1674
2148
2255
1739
1732
2516
1835
1948
1981
2288
1688
2039
2062
2578
1956
1950
2413
1693
2198
1967
2172
2053
2373
1685
1897
1810
1330
1304
1304
1440
1411
1227
1199
1358
1314
1470
1187
1367
1359
1323
1406
1183
1372
1474
1385
1244
1202
1371
1479
1338
1372
1229
1292
1199
1219
1444
1281
1424
1332
1303
1402
1264
1460
1422
1323
1351
1368
1313
1292
1403
1292
1392
1262
1353
1498
1351
1448
1245
1283
1290
1293
1502
1401
1375
1477
1239
1421
1252
1383
1260
1271
1237
1420
1336
1247
1323
1479
1365
1369
1481
1372
1359
1365
1370
1290
1277
1348
1281
1515
1274
1382
1435
1362
1266
1353
1497
1358
1433
1323
1264
1355
1292
1294
1277
1543
1500
1525
1403
1555
1524
1546
1540
1544
1402
1405
1303
1325
1302
1343
1367
1428
1324
1582
1506
1522
1527
1522
1395
1339
1360
1326
1437
1388
1323
1312
1307
1481
1381
1454
1338
1410
1415
1525
1454
1348
1586
1494
1333
1396
1436
1338
1515
1577
1329
1587
1402
1362
1448
1501
1502
1510
1381
1616
1466
1352
1417
1516
1420
1515
1493
1494
1514
1348
1523
1579
1518
1380
1485
1353
1468
1529
1566
1396
1453
1382
1554
1489
1585
1500
1441
1599
1459
1386
1499
1606
1584
1367
1634
1557
1574
1504
1436
1594
1611
1522
1371
1592
1664
1669
1581
1579
1581
1623
1595
1416
1582
1630
1496
1507
1552
1652
1410
1502
1456
1640
1542
1678
1635
1660
1559
1587
1434
1520
1509
1416
1451
1504
1490
1507
1547
1427
1619
1600
1462
1607
1469
1511
1472
1444
1488
1696
1679
1712
1557
1706
1498
1611
1578
1583
1569
1546
1538
1578
1694
1471
1671
1585
1652
1610
1687
1682
1583
1548
1498
1529
1523
1510
1596
1714
1689
1516
1535
1504
1562
1491
1711
1540
1469
1744
1507
1662
1709
1643
1496
1573
1523
1460
1502
1565
1500
1658
1742
1518
1625
1684
1568
1559
1513
1524
1574
1550
1570
1690
1497
1496
1681
1714
1626
1509
1589
1740
1500
1576
1689
1777
1665
1492
1550
1665
1709
1684
1739
1659
1668
1553
1679
1643
1561
1528
1749
1611
1788
1755
1582
1756
1792
1781
1552
1706
1619
1618
1790
1752
1774
1580
1582
1772
1622
1667
1676
1686
1597
1762
1696
1817
1596
1560
1652
1655
1743
1568
1670
1765
1604
1747
1753
1686
1609
1570
1655
1839
1807
1833
1770
1750
1805
1785
1700
1835
1657
1747
1611
1767
1752
1664
1712
1729
1793
1616
1615
1622
1657
1825
1803
1662
1596
1771
1736
1684
1672
1846
1721
1743
1765
1854
1763
1634
1644
1744
1731
1740
1733
1658
1715
1641
1660
1732
1750
1800
1868
1875
1881
1601
1710
1693
1697
1880
1886
1877
1718
1831
1868
1717
1688
1687
1615
1874
1615
1653
1854
1620
1801
1874
1858
1710
1839
1739
1813
1715
1893
1759
1760
1790
1853
1764
1806
1712
1838
1922
1704
1652
1727
2714
2176
1742
2252
1964
2299
1801
1996
2719
1839
2342
2268
1766
1772
1882
2602
2061
2225
2475
2099
2051
2343
2107
2127
2547
2345
1988
1944
1775
2248
2406
1889
2533
2605
2122
1850
2563
2001
2614
2079
2203
2116
2217
2069
2023
2668
2682
2670
2441
2501
2164
2039
2499
2589
2039
1899
2042
2475
2142
2236
2414
1983
2602
2070
2135
2127
1997
2574
2454
2451
1979
2624
2317
2022
2174
2499
2737
2361
2720
2154
2335
1775
2078
1895
2658
2194
1997
1995
1940
1859
1969
1870
2273
2328
1880
1973
1791
1938
2043
1859
2566
2060
2403
2217
2011
2006
2360
2114
1897
2302
1956
2128
1801
1923
2136
1923
2233
2564
2519
2643
2723
1907
1983
2480
1827
2022
1885
1972
2167
1846
2581
2252
2070
2105
2429
2524
2082
1861
1904
2337
2587
2651
2749
2283
1774
2115
2289
2545
2606
2532
2398
2562
2281
2243
2482
2483
2260
2369
1758
2470
1985
2670
2346
2617
2161
2164
2054
2551
2657
2479
1770
1933
2483
2608
2251
2053
2652
2328
2422
1889
2361
1844
2005
1779
2702
2598
2670
2582
2141
2457
2345
2022
2114
1907
2608
2422
2692
2743
1786
2018
2354
1838
2665
1994
2545
2028
2690
2410
1871
2685
2217
2265
2333
1823
2202
1880
2673
2621
2366
2352
2322
2768
2377
2178
1779
2117
1916
2518
2675
2020
2756
2086
2649
2227
1785
2062
2436
1818
2113
2200
1963
2009
2263
2251
2132
2627
2186
2206
2496
2160
2261
2098
2264
2150
1854
1785
2740
1896
2725
1958
2189
1828
2203
2235
2010
1951
2734
1893
1876
2099
1872
2506
1870
2648
2771
1885
2003
2669
1815
2558
2583
1862
2009
2272
2023
2240
2235
2714
1998
2176
2230
2054
2279
2298
1928
2643
2582
2310
2121
2111
1881
1950
2715
2705
2583
2440
2497
2085
2329
2588
1895
2659
1840
2440
2393
2428
2565
2312
2056
2652
2593
2400
1982
2769
2365
2674
1831
2162
2552
2272
2551
2346
2135
2460
2179
2234
2126
2463
1914
2525
1797
2440
2215
2732
2305
1840
2300
2648
2297
2488
2079
1897
2191
2643
1939
1961
1868
2512
2558
2571
2393
2657
2347
1940
2386
2724
2523
2348
2080
2196
2099
2396
2303
2178
2781
2531
2602
2444
2177
2587
1930
2267
2008
2043
1906
2079
1972
2657
2003
2489
2307
2012
1936
2314
2628
2441
2666
2045
2484
2306
1909
2253
2777
2075
2751
2257
2402
2727
2792
2527
2431
2769
2068
2092
1939
1907
2012
2251
2762
2768
2183
2611
2535
1823
2323
2130
2120
2496
2096
2742
1914
2755
2429
2018
2194
2550
2442
1831
2042
2338
2678
1826
2678
2469
2277
2779
2235
2341
2397
2371
2785
2609
2746
2385
1819
1834
1999
2555
1889
2219
1830
1882
2655
2351
2360
2247
2296
2302
2400
2116
2236
2327
2361
2144
2114
2124
2333
2342
2385
2266
2178
2165
2363
2227
2351
2338
2373
2165
2143
2243
2382
2174
2203
2209
2422
2293
2342
2421
2226
2199
2170
2338
2190
2421
2415
2212
2207
2432
2292
2182
2170
2152
2322
2404
2338
2224
2172
2201
2197
2282
2442
2369
2212
2428
2322
2229
2221
2348
2353
2319
2430
2310
2304
2392
2199
2332
2181
2226
2205
2220
2340
2176
2312
2476
2253
2191
2440
2450
2469
2285
2469
2403
2311
2407
2392
2387
2193
2321
2442
2230
2373
2395
2484
2257
2205
2262
2271
2409
2214
2426
2379
2432
2418
2456
2269
2228
2302
2490
2259
2318
2279
2433
2343
2256
2449
2277
2289
2311
2350
2243
2389
2331
2262
2344
2280
2238
2412
2330
2371
2364
2475
2427
2515
2517
2506
2423
2320
2361
2242
2374
2526
2496
2528
2415
2506
2378
2320
2455
2416
2454
2254
2492
2317
2351
2531
2425
2491
2481
2477
2514
2378
2415
2314
2478
2550
2455
2336
2282
2314
2560
2464
2419
2436
2409
2408
2409
2511
2431
2319
2462
2323
2425
2384
2482
2309
2503
2568
2338
2487
2562
2422
2299
2531
2474
2385
2417
2537
2496
2431
2304
2493
2353
2515
2603
2429
2413
2425
2543
2552
2499
2600
2535
2579
2413
2546
2446
2352
2379
2604
2605
2433
2602
2473
2368
2561
2442
2357
2384
2493
2544
2385
2542
2501
2403
2388
2567
2449
2554
2491
2570
2513
2498
2626
2599
2556
2380
2389
2440
2549
2605
2567
2387
2376
2507
2598
2613
2480
2519
2510
2381
2627
2643
2617
2604
2522
2519
2492
2611
2404
2585
2400
2513
2650
2447
2588
2559
2597
2392
2423
2398
2400
2539
2566
2597
2433
2478
2501
2514
2508
2510
2685
2605
2527
2450
2681
2518
2582
2619
2539
2499
2410
2567
2683
2522
2442
2707
2463
2583
2852
2644
2196
2380
2024
2779
2658
2272
2302
1936
2657
2884
2872
2616
1903
1929
2742
2511
2632
2372
2295
2575
2680
2014
2821
1897
2361
2119
2884
2878
2314
2704
2568
2540
2249
2866
2485
2722
1962
2342
2794
2727
2665
2281
2570
2408
2125
2734
2780
2621
2143
2733
1933
2300
2210
2009
2754
2734
2213
1982
2404
1957
2074
2873
2131
2173
2517
2412
2146
2217
2486
2380
2701
2679
2121
2365
1985
2039
1932
2189
2363
1925
2287
2006
2059
2827
1947
2185
2137
2324
2277
2717
2664
1954
2045
2139
2709
2026
2479
2024
2061
2085
2177
2346
2530
2653
2902
2381
2583
2756
2285
2087
2106
2304
1915
1911
2634
2028
2197
2716
2208
2183
1912
2654
2070
2730
2807
2279
2781
2427
2618
2315
2521
2229
2819
2790
2639
2854
2145
2226
2440
2365
2189
2808
2438
2435
2090
2386
2054
2699
2528
2758
2493
2515
2897
2895
2229
2470
2644
2514
2728
2502
2709
2085
1944
2572
2353
2046
2577
1951
1985
2014
2563
2846
2772
2444
2822
2085
2851
2294
1932
2230
2373
1978
1988
2670
2622
2437
2649
2853
2020
2149
2024
2391
2475
2237
2429
2433
1968
2537
2122
2152
2172
2249
2225
2357
2246
2177
1952
2722
2381
2770
2400
2886
1972
1928
2117
2220
2160
2064
2619
2014
2462
1966
2814
2047
2032
2633
2491
2414
2282
2017
2889
2088
2811
2684
2254
2860
2511
2760
2619
2585
2106
2216
2654
2340
2184
2830
2025
2821
2293
2255
2691
2922
2300
2739
2722
2657
2887
2508
2400
2503
2457
2348
2294
2312
2924
2597
2361
2626
2264
2620
2400
2079
2067
1999
2129
2093
2043
2291
2900
2914
1976
1986
2121
2170
2561
2112
2520
2591
2212
2767
2795
2338
2863
2155
2563
2385
2442
2931
2337
2280
2479
2155
2636
2368
2230
2392
2490
2397
2626
2403
1989
2345
1992
2690
1994
2137
2149
2658
2721
2087
2629
2832
2241
2104
2545
2272
2199
2626
2508
2925
2083
2760
2053
2059
1966
2458
2293
2410
2287
2114
2117
2571
2156
1994
2608
1990
2171
2202
2467
2531
2632
2610
3061
2827
3040
2878
2939
2820
2818
3014
2800
2998
3052
2838
2816
2867
2992
2936
2895
3015
2873
2948
3022
2835
2839
2854
2117
2393
2441
2114
2728
2297
2768
2104
2254
2531
1972
2445
1991
2101
2088
2885
2289
2381
2174
2430
2829
2591
2076
2281
2940
1993
2749
2206
2652
2105
2464
2878
2193
2138
2643
2051
2435
2876
2911
2535
2314
2263
2937
2196
2878
2253
2127
2899
2109
2262
2786
2009
2064
2940
2511
2010
2550
2368
2616
2344
2858
2583
2079
2964
2419
2178
2035
2458
2222
2376
2407
2664
2186
2126
2848
1977
2549
2621
2114
2111
2567
2611
2315
2268
2408
2701
2732
2487
2491
2672
2406
2691
2246
2712
2810
2712
2136
2655
1986
2612
2929
1987
1988
2383
2503
2645
2517
2184
2425
2640
2837
2701
2692
2417
2158
2139
2485
2825
2190
2564
2132
2909
2118
2672
2342
2130
2444
2205
2734
2878
2034
2649
2961
2478
2340
2295
2546
2638
2533
2865
2078
2306
2305
2234
2519
2143
2320
2249
2423
2850
2880
2123
2144
2527
2859
2285
2724
2135
2599
2768
2832
2808
2289
2026
2342
2558
2651
2640
2119
2170
2929
2827
2790
2856
2852
1996
2037
2561
2125
2268
2154
2676
2810
2364
2488
2252
2872
2239
2472
2419
2307
2702
2397
2630
2714
2159
2795
2708
2106
2227
2118
2127
2013
2651
2703
2199
2706
2244
2190
2406
2516
2725
2838
2185
2454
2634
2083
2094
2424
2990
2674
2895
2943
2553
2629
2224
2901
2733
2820
2801
2516
2957
2295
2596
2396
2795
2974
2920
2999
2447
2949
2326
2248
2292
2635
2391
2647
2099
2362
2407
2909
2736
2809
2821
2027
2899
2266
2172
2361
2147
2795
2819
2579
2923
2064
2787
2062
2415
2682
2957
2511
2825
2898
2240
2176
2301
2611
2834
2312
2216
2752
2381
2416
2223
2525
2745
2320
2901
2720
2067
2932
2440
2235
2932
2175
2114
2305
2387
2194
2710
2697
2371
2845
2416
2643
2117
2152
2919
2189
2931
2230
2965
2631
2274
2748
2140
2403
2130
2405
2596
2907
2190
2442
2104
2234
3336
3238
3404
3134
3321
3214
3225
3301
3355
3353
3292
3131
3295
3153
3281
3321
3297
3421
3281
3419
3385
3413
3187
3422
3178
3378
3236
3351
3430
3335
3245
3335
3227
3371
3352
3283
3180
3308
3164
3426
3335
3186
3246
3400
3174
3210
3330
3418
3248
3275
3424
3240
3412
3340
3188
3214
3190
3236
3366
3369
3381
3381
3177
3222
3384
3392
3464
3322
3481
3377
3470
3292
3361
3352
3189
3212
3300
3308
3197
3419
3372
3364
3202
3389
3248
3411
3239
3492
3280
3305
3476
3267
3374
3348
3411
3438
3474
3316
3411
3355
3318
3278
3372
3449
3475
3259
3304
3293
3273
3322
3390
3353
3261
3372
3411
3488
3511
3341
3251
3362
3310
3247
3413
3310
3299
3366
3302
3364
3486
3505
3394
3345
3406
3362
3319
3437
3315
3320
3476
3302
3473
3401
3326
3277
3533
3394
3321
3544
3526
3536
3564
3489
3312
3534
3318
3304
3331
3502
3530
3335
3415
3472
3575
3514
3474
3315
3548
3515
3514
3466
3408
3399
3358
3471
3563
3323
3488
3585
3569
3301
3389
3428
3424
3304
3387
3356
3380
3424
3593
3354
3366
3402
3421
3450
3360
3492
3513
3405
3602
3439
3493
3319
3540
3395
3540
3567
3564
3515
3478
3507
3574
3620
3433
3356
3340
3524
3351
3385
3614
3479
3416
3384
3564
3401
3502
3435
3341
3413
3611
3616
3526
3563
3348
3574
3605
3412
3558
3514
3647
3519
3574
3368
3512
3398
3408
3587
3453
3486
3424
3524
3582
3411
3485
3475
3373
3581
3446
3494
3395
3652
3428
3604
3492
3634
3402
3447
3537
3590
3598
3541
3393
3542
3396
3567
3410
3666
3441
3584
3635
3638
3465
3441
3623
3586
3517
3633
3491
3593
3661
3696
3462
3688
3450
3683
3684
3591
3706
3512
3598
3427
3532
3611
3427
3442
3570
3575
3670
3715
3657
3622
3686
3574
3693
3487
3620
3489
3710
3437
3727
3642
3539
3506
3656
3541
3449
3622
3543
3613
3641
3628
3563
3703
3578
3715
3547
3543
3731
3622
3579
3475
3530
3750
3459
3528
3728
3571
3519
3720
3719
3630
3652
3480
3530
3579
3643
3552
3721
3575
3610
3674
3485
3740
3492
3639
3609
3715
3700
3764
3490
3628
3525
3498
3548
3634
3537
3600
3599
3772
3652
3583
3558
3596
3683
3571
3614
3510
3563
3577
3797
3671
3737
3693
3573
3545
3757
3760
3510
3547
3801
3650
3779
3659
3717
3672
3641
3663
3612
3552
3693
3783
3744
3567
3766
3804
3728
3785
3590
3550
3694
2552
2142
2758
2159
2460
3032
2606
3023
3084
2165
2907
2966
2695
3080
2340
2967
2922
2364
2987
2197
2151
2347
2948
2799
2239
2849
2615
2682
2546
2451
2530
2160
2833
2200
3012
2281
2625
2562
2799
2568
2190
2248
2292
2340
3077
2563
2566
2898
2873
3037
2817
2963
2829
2286
2769
2685
3112
2777
2744
2911
2280
2940
2651
2189
2414
2906
2833
2814
2879
2808
2319
2182
2997
3023
2634
3054
3045
2193
2255
2523
2149
2168
2442
2287
3114
2857
2850
2672
2181
2373
2369
2495
2900
2759
2783
2937
2501
2334
2876
2297
2728
2541
2990
2736
2258
2826
2379
3089
2163
3014
2231
2433
2259
3106
2398
2948
2589
2510
2293
2387
2853
2204
2774
2594
2305
2785
2176
2727
2669
2149
3024
2781
2591
2755
2803
3128
2247
2990
2860
3038
2943
2567
2269
2411
2178
2537
2836
2973
2776
2257
2679
2473
2716
2630
2142
2814
2901
2397
3022
3081
2357
3135
2958
3104
2573
2798
2249
2577
2242
2962
2587
2697
2984
2406
3125
3115
2457
2375
2568
2243
2408
2747
2687
2968
2464
2653
2355
3107
2702
2644
2889
2385
3063
2246
2583
2338
2717
2849
3144
2405
2432
2653
3757
3797
3889
3788
3987
3991
3876
3872
3824
3851
3897
3947
3841
3963
3858
3871
3927
4034
3798
3906
3871
3856
3866
3815
3947
3799
3798
3931
3810
3951
3997
3785
3939
3778
3870
3832
3780
3966
3939
4051
4005
3930
4042
3976
4018
3922
4049
3862
3994
3851
4046
3996
4079
3833
3931
3890
3805
3805
3870
3981
3964
3984
3993
3945
4034
3915
4035
3818
4090
3912
4032
3871
4008
3984
3956
3833
4010
3951
3932
4003
3924
3873
4032
4093
4105
3972
3835
3993
4095
4006
3852
3997
4101
4024
4047
3833
3961
3967
4079
3999
3948
4098
3941
3850
3911
3893
3947
3899
3847
3860
3973
4097
4011
3961
4030
4088
3852
3979
3905
3876
3887
3884
4024
3861
3926
4033
3939
4061
3931
3971
4026
4140
4093
4129
4163
4119
3873
4014
3965
4071
4028
4004
4142
4012
3975
4077
4092
4178
4004
4090
3968
4020
3996
3985
3958
4188
4165
3916
4028
4012
3902
4178
4072
4101
4021
3903
4007
4035
4009
3981
3989
3920
3912
4132
4142
4038
3921
4049
3978
4078
3976
3946
3941
3995
4050
4216
4013
4078
4212
4038
4171
4084
4181
4005
4126
4120
3953
4048
4184
4087
4011
3942
4062
4089
4239
4093
4147
4033
4188
4201
4146
4133
3962
4019
4174
4139
4002
3979
4098
4127
4113
4125
3984
4069
4059
4084
4221
4026
4129
4054
4048
4239
4076
4078
4033
4052
4098
4266
4042
3981
4140
4213
4275
4124
4096
4166
4174
4134
4085
4269
4199
4286
4174
4042
4175
4147
4020
4051
4003
4206
4072
4171
4124
4145
4026
4220
4012
4137
4026
4275
4045
4128
4044
4226
4222
4254
4226
4084
4256
4145
4300
4096
4305
4032
4086
4271
4227
4311
4218
4256
4182
4278
4058
4248
4314
4158
4222
4295
4164
4314
4053
4085
4151
4125
4056
4289
4091
4264
4323
4176
4091
4115
4142
4159
4204
4335
4161
4077
4247
4326
4179
4099
4137
4124
4224
4284
4351
4337
4244
4146
4177
4286
4088
4348
4102
4275
4171
4130
4201
4164
4161
4175
4295
4376
4342
4349
4314
4278
4361
4300
4255
4291
4268
4172
4139
4386
4229
4289
4378
4304
4178
4166
4318
4111
4204
4338
4398
4275
4129
4156
4155
4279
4252
4204
4309
4329
4190
4203
4225
4194
4412
4263
4170
4319
4282
4336
4284
4352
4136
4345
4235
4164
4287
4407
4362
4229
4263
4265
4185
2831
3167
2639
2339
3038
2683
2741
3019
3122
2478
3052
3185
2393
2580
2457
2870
2454
2281
3187
2580
3008
3035
2635
3000
2889
2894
2499
2722
2636
3064
2242
3175
2316
2605
2895
2773
2403
2406
2706
2965
2503
2263
2507
2423
2599
2672
2653
3193
2912
2254
2468
2338
2640
3233
2836
2865
2948
2457
2937
2315
2462
2310
2986
2736
2580
3180
3071
2733
2587
2333
2928
2807
2893
2904
2635
2491
3028
3078
3098
2905
2286
2582
2531
2307
3212
3019
3076
2484
3014
2617
2384
2851
3009
2636
2960
2519
2808
2752
2650
2976
2565
2397
2492
2320
2987
3009
2380
3081
3160
2661
2302
2650
2537
3149
2636
3187
2990
2439
2614
3131
2576
2291
2500
3215
2309
2363
2638
2265
2567
3042
3243
2802
2499
2713
2706
2500
3036
2508
2629
3107
3169
3151
2745
2766
3059
3030
2779
2920
3058
2382
2560
2548
2755
4343
4492
4338
4589
4407
4465
4374
4417
4492
4544
4380
4578
4570
4462
4416
4358
4370
4446
4537
4440
4543
4459
4547
4494
4562
4414
4548
4450
4411
4400
4596
4527
4339
4595
4576
4398
4554
4483
4508
4424
4619
4542
4525
4474
4360
4578
4502
4620
4597
4356
4567
4603
4448
4504
4395
4571
4566
4515
4537
4578
4409
4591
4426
4385
4400
4625
4576
4369
4506
4652
4563
4586
4648
4496
4465
4633
4598
4467
4622
4498
4472
4583
4635
4468
4527
4436
4671
4545
4489
4533
4536
4569
4497
4647
4458
4542
4662
4626
4513
4406
4646
4416
4403
4498
4608
4443
4517
4659
4494
4424
4689
4514
4637
4445
4477
4570
4500
4565
4407
4594
4587
4637
4592
4706
4654
4598
4708
4645
4626
4562
4670
4690
4651
4504
4523
4610
4577
4674
4448
4547
4708
4568
4561
4487
4468
4614
4468
4535
4477
4495
4599
4538
4723
4508
4711
4681
4583
4502
4665
4645
4509
4541
4721
4595
4651
4640
4511
4699
4489
4540
4596
4732
4481
4664
4689
4741
4713
4482
4476
4739
4486
4509
4688
4677
4569
4542
4744
4755
4694
4594
4739
4592
4642
4764
4543
4609
4559
4659
4494
4656
4724
4722
4775
4748
4552
4660
4758
4724
4765
4602
4531
4687
4655
4679
4777
4561
4636
4645
4719
4559
4790
4545
4749
4786
4653
4648
4628
4634
4565
4685
4698
4768
4792
4583
4782
4783
4805
4711
4644
4741
4802
4805
4570
4574
4545
4772
4603
4739
4711
4682
4777
4757
4575
4641
4617
4824
4702
4589
4624
4748
4588
4704
4707
4714
4805
4645
4677
4831
4765
4580
4600
4696
4851
4573
4730
4710
4722
4691
4759
4674
4723
4610
4705
4846
4624
4685
4732
4687
4873
4630
4649
4766
4591
4769
4765
4637
4840
4710
4821
4739
4720
4855
4633
4682
4698
4799
4729
4810
4723
4638
4804
4743
4774
4831
4812
4632
4710
4721
4699
4609
4744
4759
4837
4869
4890
4911
4821
4802
4906
4651
4761
4852
4790
4685
4650
4694
4884
4879
4857
4657
4728
4738
4728
4865
4674
4662
4712
4861
4870
4929
4656
4889
4791
4709
4773
4913
4707
4818
4792
4916
4819
4906
4846
4701
4863
4893
4912
4878
4816
4683
4849
4741
4699
4701
4827
4852
4731
4884
4883
4939
4746
4887
4722
4901
4906
4915
4929
4835
4934
4743
4904
4868
4972
4870
4949
4819
4832
4977
4866
4877
4956
4940
4813
4780
4854
4735
4956
4966
4734
4807
4912
4811
4851
4936
4854
4831
4732
4989
4891
4972
4777
4716
4729
4743
4865
4757
4745
4830
4754
4814
4998
4949
4945
4956
4785
5001
5013
4754
4960
4762
4782
4836
4814
4862
4903
4892
4975
4921
4895
4953
4906
2991
2530
2438
2566
3266
3046
3308
2415
2806
2690
3241
3062
3273
2477
2920
3162
2838
3156
2651
3239
3172
2762
2941
2883
2568
3230
2849
2385
3019
2424
2716
2544
2539
2511
2968
3059
3123
3010
2920
2880
2420
3212
2694
2690
2597
2402
2949
2466
2760
2383
3196
2886
2776
2622
3301
2373
2994
2750
3274
3168
3359
2817
3228
3054
3166
2962
3085
3214
3119
2938
2636
2575
2890
2546
3305
2737
2680
2914
2675
2713
3102
3234
2536
2665
4914
5061
5039
5019
4881
4945
5004
5082
4887
5125
4877
5013
4946
5083
5120
4852
4853
4981
5082
5058
4931
5038
4884
4853
5082
5094
4867
5065
4981
4976
5152
4919
5130
4926
4886
4873
5042
4896
4989
5156
5138
4895
4867
4949
4926
4939
5094
4927
5128
4982
5170
5064
5071
4974
5114
4906
5094
5018
5040
5098
5151
4915
5128
4979
5069
5025
4910
5181
5017
5066
5010
5181
5176
4976
5065
4914
5171
5149
4959
4973
5132
5184
5003
5002
5150
5187
5170
4943
5135
5100
4950
5100
5135
5042
4974
4991
5016
4976
5118
5165
5116
5209
5194
5120
5072
5006
4945
5055
5205
5163
5025
5189
5137
5105
5227
5001
4938
5010
5145
5033
5101
5150
5175
5116
5062
5173
5187
4988
5045
5050
5099
5011
5120
4992
5145
4965
5231
4997
5110
5230
5157
5046
5139
5058
5111
5148
5204
5045
5248
5010
5101
5211
5248
5022
5129
5048
5130
5276
5279
5267
5007
5207
5256
5014
5186
5225
5245
5177
5211
5267
5046
5194
5011
5168
5136
5283
5001
5165
5050
5022
5257
5044
5282
5074
5087
5203
5102
5152
5130
5235
5239
5064
5173
5151
5099
5123
5141
5221
5075
5178
5052
5186
5111
5142
5172
5147
5305
5079
5260
5059
5190
5148
5111
5104
5261
5334
5045
5063
5104
5244
5280
5050
5212
5273
5067
5098
5275
5049
5233
5251
5117
5090
5147
5168
5091
5141
5227
5300
5273
5221
5072
5194
5334
5182
5301
5352
5329
5150
5304
5348
5125
5161
5354
5290
5090
5255
5371
5079
5236
5310
5376
5203
5087
5310
5326
5266
5275
5348
5270
5098
5186
5390
5155
5368
5288
5219
5287
5234
5344
5378
5173
5193
5107
5160
5340
5274
5235
3049
2995
3175
2869
2434
2912
3132
2985
2565
3243
2438
2833
2650
2509
2604
3375
2564
3061
2938
2488
3124
2626
2518
2865
2915
2863
3425
3186
2956
2900
2731
2548
3390
2864
2876
3364
3214
3420
2609
3165
3051
3044
2819
3170
2992
3297
2535
3258
2882
2659
3416
2855
2831
3013
3028
2805
3398
2943
2904
2841
2566
2531
3239
3098
3277
3397
3218
3415
3138
2764
2984
3159
3054
2543
2748
3262
3042
2955
2775
3212
3286
2605
3293
2450
3016
3332
2776
2719
3069
2545
2793
3394
3406
2701
2627
2454
2650
3316
2864
3303
3327
3307
3132
3154
2624
2523
2878
2643
3179
3233
3211
2876
2994
3424
2944
3074
2717
3016
2920
3169
3247
3243
2651
2522
3163
3340
3271
2672
3126
2732
2806
2947
2772
2678
2954
2711
3115
3243
2803
2701
2939
2692
2873
3151
2526
2870
3341
3073
2683
2927
2534
2772
3084
2695
3279
2967
2630
2511
2471
2588
2745
2471
2799
2876
2930
3046
2485
3179
3276
2583
3436
2886
2959
2671
2678
3293
2882
2583
2802
2983
2931
3254
3302
2704
3452
2533
2554
3298
3093
2825
5501
5543
5575
5318
5580
5466
5590
5375
5410
5579
5563
5579
5472
5410
5604
5389
5331
5570
5533
5617
5427
5521
5465
5412
5364
5542
5532
5371
5557
5498
5385
5602
5342
5539
5358
5468
5385
5499
5425
5453
5604
5593
5415
5506
5501
5637
5577
5406
5405
5462
5407
5580
5465
5505
5640
5467
5493
5421
5509
5639
5611
5465
5500
5521
5431
5619
5402
5594
5566
5646
5466
5577
5517
5465
5559
5455
5468
5592
5617
5476
5555
5565
5583
5595
5628
5578
5434
5666
5635
5547
5495
5630
5632
5675
5408
5524
5639
5495
5515
5643
5556
5539
5518
5663
5413
5436
5583
5489
5607
5688
5478
5649
5699
5601
5619
5441
5586
5706
5571
5640
5584
5573
5465
5490
5709
5716
5552
5636
5615
5578
5727
5509
5664
5549
5601
5642
5605
5478
5718
5571
5681
5703
5712
5460
5511
5585
5552
5685
5742
5545
5593
5459
5740
5598
5521
5662
5677
5463
5690
5757
5725
5573
5500
5589
5607
5731
5544
5521
5681
5729
5713
5755
5567
5494
5659
5662
5575
5484
5751
5690
5690
5680
5614
5510
5595
5577
5615
5571
5493
5737
5532
5768
5668
5588
5512
5606
5682
5608
5676
5771
5537
5707
5588
5510
5684
5517
5544
5675
5606
5548
5582
5519
5796
5642
5685
5535
5595
5540
5661
5782
5792
5695
5581
5627
5689
5700
5573
5571
5670
5627
5540
5630
5707
5706
5590
5788
5555
5820
5681
5826
5626
5673
5586
5832
5798
5800
5756
5558
5696
5590
5611
5811
5787
5578
5655
5600
5617
5649
5584
5841
5704
5686
5752
5819
5690
5655
5618
5600
5758
5845
5742
5613
5833
5609
5809
5762
5710
5825
5846
5676
5688
5796
5781
5743
5723
5701
5816
5763
5635
5830
5763
5646
5698
5851
5596
5606
5619
5661
5816
5745
5716
5707
5724
5763
5639
5763
5825
5758
5896
5824
5795
5819
5894
5754
5623
5664
5821
5651
5743
5912
5751
5918
5735
5830
5827
5726
5631
5904
5855
5880
5757
5782
5738
5696
5887
5837
5679
5687
5878
5890
5915
5736
5881
5891
5802
5804
5686
5748
5856
5801
5730
5857
5852
5704
5707
5909
5810
5818
5915
5760
5955
5676
5786
5736
5870
5752
5766
5921
5955
5694
5911
5871
5874
5681
5935
5775
5825
5927
5886
5689
5952
5831
5969
5970
5853
5729
5706
5860
5888
5954
5910
5935
5933
5838
5835
5730
5754
5724
5703
5841
5725
5869
5925
5841
5930
5726
5908
5740
5854
5825
5989
5947
5773
5902
5762
5908
5995
5756
5797
5875
5977
5874
5940
5757
5988
5777
5893
5947
5822
5871
5901
5978
5783
5870
5927
5884
5966
5752
6036
6011
5838
5945
5784
6000
5756
6034
5768
5828
5848
5847
5830
5783
5949
5819
5805
5892
5934
6048
5788
5795
5926
5780
6059
5970
6034
3261
2718
3095
3322
3283
3166
2599
2657
3002
3100
3187
2689
3172
3249
3443
3290
3126
2971
3489
2911
2692
3023
2943
2605
3166
3240
3331
3023
3414
3532
3139
3514
2854
2904
3534
2594
2809
3558
2810
3328
2680
2789
3036
3153
2586
2995
3227
2648
3345
2576
3407
3009
3009
3167
2603
3280
2754
3549
2804
3393
2718
2862
3529
3398
2583
3117
3072
3113
3235
2847
3288
3040
3401
3201
2742
2901
2720
2700
2725
3078
3332
2897
3237
2793
2785
2724
3223
3370
2840
3036
3519
2789
3150
2799
2788
3255
2721
3374
2632
2972
3038
2648
3108
2679
3398
3241
2628
3269
3400
2961
3184
3426
3291
3447
2894
3498
2754
3457
3203
3107
3514
3399
2741
3336
2638
2688
3297
3258
2615
3109
3073
2628
2741
2991
2621
2776
2958
3460
3556
2625
2885
3168
3487
2941
3387
2841
2615
3195
2930
3041
3579
2686
3417
2882
2914
3355
2683
2776
3429
3575
3382
3571
2770
2717
2653
2871
3062
2864
3046
2641
3232
2980
3394
3204
3086
3160
3076
2797
3200
3545
2869
3589
2654
3046
2866
2794
2817
2878
2946
3114
2773
3274
3309
2735
2744
2669
3161
3537
3219
3373
3041
2957
2849
3079
2717
3441
2959
2649
3113
2968
2702
2719
2713
3244
2696
3166
2661
2613
3541
2693
3124
3567
2785
3205
2974
3541
3255
2717
2619
2725
2983
2832
3063
3426
3118
2649
3225
3052
3151
3451
3467
2874
2735
2743
3043
2770
2701
3055
3221
3114
3206
3321
2976
3397
3184
3359
3480
3090
3014
3554
2747
2689
3319
3240
2935
2890
3201
3048
2774
2707
3360
3332
2779
2668
3272
3119
2791
2817
2959
2893
3241
3270
3219
2675
2711
2688
3102
2882
3149
2995
2983
3416
3584
3483
2860
2973
3046
2755
2715
2682
2834
3451
3320
2729
2646
3407
3290
3156
3178
3519
3351
3034
3386
3384
3443
3593
3377
2744
3560
3564
3287
2640
3026
3123
3447
2932
2707
3338
2783
3000
3082
2750
2773
3280
3558
3288
3460
3525
3486
3281
2827
3068
2659
3323
2946
3139
2780
3100
2824
2777
3519
3196
2627
3175
2714
2786
3264
3403
2900
2912
3451
3127
3033
2910
2734
3308
3134
2914
3296
3553
3251
2764
3293
3035
3438
3601
2957
3459
3161
3614
3031
2776
2712
2873
3019
2690
3387
2931
2903
3601
2752
2826
3375
2715
2916
2955
2737
3071
3418
3171
2868
2827
3508
3276
6394
6245
6193
6363
6261
6226
6422
6223
6461
6380
6249
6252
6249
6390
6257
6399
6475
6457
6368
6287
6424
6314
6221
6335
6234
6356
6482
6460
6279
6433
6372
6327
6361
6239
6338
6453
6490
6334
6322
6232
6261
6276
6296
6450
6242
6226
6299
6429
6442
6314
6319
6456
6474
6517
6445
6235
6258
6414
6371
6277
6325
6432
6474
6498
6457
6362
6534
6375
6263
6269
6253
6451
6397
6297
6393
6428
6517
6502
6290
6388
6418
6293
6393
6257
6501
6339
6507
6286
6447
6460
6369
6412
6305
6396
6533
6401
6435
6521
6448
6512
6299
6316
6430
6538
6468
6419
6299
6504
6409
6531
6568
6390
6448
6341
6436
6413
6423
6514
6408
6360
6512
6421
6379
6557
6466
6362
6473
6572
6567
6398
6419
6502
6594
6380
6350
6390
6444
6576
6399
6551
6456
6466
6486
6413
6384
6452
6603
6479
6377
6365
6543
6463
6604
6572
6332
6546
6347
6580
6485
6536
6452
6356
6603
6497
6576
6603
6344
6370
6446
6631
6546
6630
6377
6477
6450
6507
6617
6484
6608
6354
6429
6465
6398
6571
6628
6541
6433
6625
6477
6559
6595
6592
6390
6420
6556
6551
6423
6542
6494
6600
6597
6607
6466
6600
6518
6571
6667
6557
6482
6505
6654
6511
6614
6598
6385
6510
6395
6593
6483
6481
6671
6550
6521
6530
6425
6481
6418
6497
6662
6528
6660
6532
6633
6642
6592
6496
6435
6488
6685
6444
6523
6659
6450
6457
6639
6433
6415
6605
6688
6711
6450
6669
6573
6603
6711
6584
6595
6531
6667
6585
6602
6488
6538
6650
6587
6526
6685
6632
6689
6684
6473
6728
6479
6689
6567
6707
6567
6474
6473
6535
6685
6629
6623
6620
6533
6719
6529
6717
6726
6653
6713
6486
6471
6579
6722
6760
6610
3282
3659
2716
3107
2938
3307
3412
2699
2807
3349
3110
3238
3259
2702
3176
2846
2843
3280
3321
3500
2951
2760
2762
3455
3608
3175
3532
2836
3639
2925
2702
2845
2989
3199
2769
2846
3359
3007
2837
3028
3560
3622
2822
3331
3063
3531
3365
3191
3430
3608
3062
2853
2769
2953
3627
2924
3008
3261
3525
3141
3329
2982
3189
3423
3256
3612
3195
3329
3405
3472
3419
3116
3674
3637
2793
3619
2863
3098
3302
2784
3438
3570
3677
2986
3476
2845
2854
3113
3131
3325
3518
2852
3245
3118
3420
3636
2909
3022
2770
3141
3560
3465
3508
3276
3659
2755
3151
3275
2913
3150
3027
3480
2719
2903
3171
3489
3658
3661
3566
3585
3680
3105
3075
3456
3369
3713
3604
3613
3004
3168
3285
3209
3332
2723
3320
3328
2797
3047
3332
3285
3122
3154
3101
3486
3068
3050
3596
3367
2915
3240
2806
3366
2992
3343
2990
2921
3376
3287
3547
3430
3059
3657
3246
3282
2780
2801
2859
3699
2950
3109
2922
3260
3448
3469
3288
3562
2781
3661
3660
3620
3285
3180
2844
3010
3283
3026
3641
3151
3090
3601
3364
3058
2944
3417
3709
2946
3604
3455
3034
2891
3682
3087
2755
2764
3395
3219
3065
3527
3265
3684
3093
2775
3478
3359
2971
3130
2917
3014
3490
3384
2913
3201
3125
3083
2813
3082
3374
3568
3300
2881
2755
3258
3075
3586
3152
3638
2756
3182
3543
3169
2903
3198
3111
2990
2975
3080
2975
3667
3376
3609
3200
3577
3504
3635
3599
3497
2786
2948
3724
2916
2832
3482
3177
2779
3044
3677
3458
3615
3311
2843
6947
6821
6874
6809
6884
6959
6811
6750
6789
6848
6879
6808
6982
6753
6843
6888
6909
6894
6879
7044
6952
6761
6769
7025
6819
6941
6979
7005
7056
6963
6909
6894
6902
6822
6833
6960
6832
7043
6782
7007
7006
6809
6867
7023
6788
7061
7065
7015
7069
7017
6966
6952
6813
6877
7025
7021
6929
6996
3069
3112
2903
3495
3362
3024
3209
3700
3203
3318
3112
2795
3705
2806
3686
3664
3186
2929
2951
3607
3298
3680
3219
3739
3500
3570
2946
3317
2906
2992
3354
3705
3263
2767
3473
2840
3552
2934
2952
3473
3421
3196
3200
3212
3750
3385
3694
3462
3672
3377
3125
3249
3761
3660
3649
3317
3424
3022
3689
3358
3420
2934
3489
3288
2987
2961
3390
3756
3155
3244
3431
3561
2810
2903
3267
3132
3275
2955
2841
3022
3763
3219
3133
3508
3068
3600
3758
3507
2827
3386
3345
3239
3292
3279
3055
3073
3366
3294
3742
2849
3740
3631
3317
3584
3101
3229
3002
2967
2980
3229
3124
3027
3290
3744
3089
3668
3671
3226
3618
2856
3716
3712
3520
3400
2880
3060
3548
3292
3103
3012
3437
3411
3434
3205
2967
3376
3119
3258
3120
3512
3034
3049
2840
2893
2829
3646
2986
3285
3733
3202
3668
2946
3002
2886
2861
3313
2917
3479
3173
2990
3522
2958
3406
2845
3406
2937
3124
3296
3078
2872
3037
3577
3787
2903
3504
3783
2949
3676
2903
3447
3255
3100
3140
3129
2846
2855
2900
3304
3635
3313
3230
3132
2820
3293
3531
3071
2998
3085
3258
3247
3159
2958
3272
2875
3557
3534
3715
2853
2847
3793
3275
3366
3208
3776
3013
3547
3771
3686
3761
2856
3371
3101
3257
3779
3047
3186
2820
3076
3363
3226
2866
3431
2974
3665
3555
3202
3669
3081
2813
3530
3631
3547
3737
2937
3633
3486
2819
3070
3065
3213
3517
3759
3553
3453
2813
3760
3525
2831
3584
3358
3663
3731
3775
3410
3760
2928
3628
3521
3004
3651
3243
3180
3084
3393
3752
3363
2947
3749
3450
3608
3307
3777
3249
3623
3092
3264
3476
3810
3437
3686
3465
3276
3562
2879
3213
3387
3514
3266
3174
3025
3343
3342
3515
3369
3316
2989
3166
3602
3763
3678
3492
3047
3202
3149
2848
3725
3532
3726
2902
3611
3144
3365
3772
3019
3383
2942
3205
3765
3359
2930
2998
2911
3039
3285
2993
3334
3254
3192
3459
3279
3633
3627
3802
3118
2938
3467
2902
3234
3682
3589
3449
3334
3323
3448
3499
3341
2855
3477
3281
3063
3103
3541
3451
3515
3398
2891
3499
3759
2855
3813
3483
3088
2993
3644
3191
3245
3332
3009
3404
3573
3794
3388
3253
3699
3803
3084
3804
3426
3500
3327
3103
3255
2844
3547
3675
2957
3119
3789
3813
3710
3422
3335
3398
3522
3210
3170
3770
3579
3190
3347
2844
2960
3726
3612
3823
3546
3359
3324
3570
3811
3070
3289
3665
3426
3175
3645
3123
3834
3754
3498
3369
2864
7356
7383
7461
7295
7455
7454
7488
7245
7313
7300
7465
7287
7405
7383
7314
7469
7398
7417
7407
7259
7252
7324
7392
7385
7511
7269
7509
7353
7395
7542
7478
7278
7291
7341
7416
7487
7506
7376
7352
7474
7524
7442
7268
7300
7459
7452
7487
7322
7363
7484
7281
7413
7402
7570
7351
7548
7425
7447
7401
7581
7330
7455
7482
7456
7393
7513
7591
7407
7512
7556
7490
7361
7348
7541
7387
7424
7315
7452
7487
7581
7493
7558
7391
7560
7367
7362
7400
7612
7542
7576
7529
7413
7579
7536
7411
7495
7397
7371
7494
7411
7461
7498
7528
7455
7438
7491
7553
7512
7523
7627
7404
7349
7507
7470
7622
7448
7622
7587
7598
7387
7483
7358
7463
7437
7606
7556
7608
7492
7620
7475
7478
7411
7411
7633
7600
7557
7384
7568
7415
7645
7419
7452
7509
7396
7607
7533
7648
7658
7487
7414
7517
7644
7517
7604
7552
7645
7437
7639
7570
7598
7507
7491
7655
7568
7504
7399
7530
7420
7583
7658
7457
7516
7438
7472
7515
7492
7532
7575
7688
7408
7583
7681
7601
7501
7664
7614
7614
7429
7422
7559
7628
7666
7678
7668
7619
7701
7681
7511
7632
7504
7554
7576
7485
7668
7659
7542
7571
7629
7688
7483
7724
7729
7688
7618
7667
7660
7677
7571
7717
7493
7642
7620
7578
7745
7474
7677
7635
7610
7487
7605
7730
7522
7720
7460
7754
7529
7600
7608
7574
7645
7680
7587
7532
7541
7501
7679
7605
7735
7696
7729
7618
7589
7732
7544
7662
7616
7539
7669
7765
7595
7592
7612
7621
7730
7772
7609
7576
7765
7556
7599
7629
7702
7717
7668
7796
7545
7613
7763
7558
7610
7713
7694
7609
7564
7576
7785
7758
7746
7525
7613
7749
7574
7793
7801
7655
7654
7694
7736
7744
7713
7575
7718
7608
7747
7807
7744
7765
7787
7771
7600
7723
7814
7700
7552
7667
7719
7625
7618
7695
7656
7748
7707
7710
7600
7819
7634
7790
7803
7603
7686
7631
7623
7847
7738
7669
7582
7812
7781
7742
7796
7670
7658
7806
7630
7597
7726
7709
7850
7585
7640
7726
7603
7652
7857
7792
7649
7776
7781
7681
7639
7760
7644
7720
3660
3494
3107
3219
3444
2946
3131
3763
3663
3368
3621
7892
7662
7829
7606
7866
7798
7732
7822
7774
7809
7897
7852
7894
7657
7664
7853
7717
7660
7811
7670
7886
7796
7821
7706
7862
7872
7758
7880
7729
7728
7637
7912
7835
7860
7635
7696
7800
3715
3319
3145
3848
3662
3526
3862
3849
3426
3221
3332
3162
3130
3383
3925
3930
3704
3489
3257
3080
3615
3492
3904
3613
3796
3399
3099
3116
3034
3045
3084
3764
3625
3192
3226
3866
3723
3134
3789
3825
3723
3714
3683
3324
3755
3875
3860
3846
3417
3645
3735
3553
3843
3404
3480
3663
3352
3067
3585
3340
3266
3002
3135
3886
3924
3130
3149
3902
3877
2968
3521
3897
2944
3065
3896
3502
3651
2969
3263
3739
3690
3063
3472
3315
3690
3353
3018
3509
3313
3031
3828
3723
3856
3696
3443
3116
3257
3670
3519
3659
3174
3241
3696
3402
2996
3115
3927
7774
7751
7915
7947
8016
7969
8017
8016
7974
8020
7869
7879
7940
7889
8041
7784
7916
7934
7999
7997
7967
7924
7859
7781
8055
7830
7813
7777
7962
7919
7932
8001
7917
8015
7878
7959
7951
7832
7833
7967
7974
7922
7842
8021
8055
7889
7851
7916
7857
7934
7829
7955
7815
7963
7884
7880
8064
8007
7931
8042
7931
8003
7813
7840
8103
7909
8041
7931
7862
7977
7884
7932
8099
7943
7871
7966
7905
8034
7954
7970
8024
7861
7873
7854
8123
8023
7989
7996
7852
8046
8092
8084
8134
8013
8077
8073
7987
8101
7846
8014
7896
8066
7881
7881
8105
7972
7926
7991
7864
7860
8000
7954
8119
7987
7975
7988
7888
7904
8148
7876
7867
8012
8079
8136
8002
7944
8168
7889
8144
7948
7991
7969
7982
8157
8050
8080
8137
7988
8091
8033
8109
8127
8156
8075
8084
7940
8016
8096
8180
8108
7980
7916
7967
8178
8053
8077
7971
7969
7923
7913
8128
8129
8169
8044
8178
7938
8104
8019
8066
7998
7957
8039
8022
8011
7930
7981
8012
8157
8118
8034
8037
8060
8057
8047
8224
8222
8206
8142
8007
8142
8127
8153
8175
8013
8197
8052
8073
8093
7993
8217
8177
8080
8029
8186
8227
7988
8031
8141
8174
8112
8186
7998
8166
8131
8027
8025
8056
8231
8098
7978
8132
8179
8261
8247
8010
8259
8162
8230
8120
8029
8156
8011
8167
8223
8020
8030
8210
8278
8023
8074
8055
7993
8123
8208
8233
8157
8110
8030
8210
8251
8081
8258
8210
7999
8239
8230
8248
8123
8107
8118
8007
8289
8275
8055
8059
8047
8070
8149
8110
8233
8072
8033
8305
8259
8106
8076
8154
8265
8207
8320
8097
8181
8252
8170
8211
8164
8033
8146
8304
8227
8240
8244
8104
8298
8222
8044
8126
8128
8044
8205
8252
8100
8144
8140
8184
8157
8213
8130
8179
8199
8066
8330
8076
8244
8323
8101
8176
8108
8217
8332
8200
8344
8159
8315
8115
8141
8346
8218
8337
8226
8327
8277
8187
8309
8363
8087
8083
8320
8241
8372
8189
8179
8155
8130
8321
8301
8248
8163
8333
8346
8268
8223
8138
8337
8175
8321
8243
8161
8259
8151
8399
8287
8379
8173
8122
8181
8239
8177
8381
8113
8322
8343
8139
8351
8272
8171
8349
8239
8236
8185
8361
8255
8286
8149
8322
8380
8388
8153
8240
8302
8396
8283
8145
8375
8208
8193
8283
8325
8296
8220
8212
8337
8163
8166
8189
8220
8179
8292
8184
8326
8383
8221
8249
8383
8385
8179
8366
8361
8305
8461
8426
8403
8224
8322
8274
8309
8376
8437
8274
8343
8391
8440
8370
8259
8219
8202
8387
8250
8468
8414
8308
8444
8458
8483
8223
8384
8372
8229
8376
8197
8276
8269
8456
8420
8425
8391
8442
8490
8351
8243
8210
8318
8342
8260
8338
8363
8360
8314
8363
8445
8451
3761
3814
3852
3233
3490
3487
3223
3919
4027
3919
3896
3871
3315
4023
3685
3248
3613
3533
3095
3896
3797
3390
3634
3082
3119
3548
3056
3377
3447
3715
3630
4013
3646
3069
3430
3338
3409
3926
3578
3782
4023
3917
3376
3305
3555
3382
3518
3723
3910
3842
3374
3703
4017
3862
3647
3797
3502
3930
3900
3481
3847
3375
3539
3642
3380
3198
3902
3087
3528
3885
3957
3228
3679
3143
3610
3323
3326
3683
3334
3260
3696
3862
3082
3361
3105
3969
3161
3956
3222
3921
3996
3387
3877
3401
3827
3282
3313
3662
3587
3753
3367
3138
3570
3297
3153
3663
3966
3626
3892
3907
3654
3110
4028
3490
3406
3071
3137
3395
3764
3659
3379
3592
3177
3978
3857
3252
3940
3549
3460
3575
3783
4059
8406
8377
8562
8486
8508
8374
8393
8563
8361
8369
8590
8358
8506
8463
8523
8483
8657
8422
8652
8412
8374
8546
8662
8493
8479
8520
8585
8672
8583
8444
8594
8472
8393
8451
8385
8585
8645
8665
8644
8673
8432
8441
8589
8494
8663
8533
8402
8489
8544
8631
8583
8674
8429
8647
8560
8438
8669
8699
8540
8692
8706
8529
8453
8538
8436
8638
8624
8703
8653
8637
8571
8643
8434
8438
8659
8647
8611
8495
8689
8431
8622
8480
8721
8522
8626
8511
8488
8572
8586
8652
8713
8462
8487
8705
8624
8683
8684
8718
8570
8589
8690
8550
8674
8456
8477
8551
8468
8691
8600
8557
8609
8602
8566
8595
8594
8735
8602
8490
8490
8655
8659
8581
8542
8577
8581
8701
8627
8766
8720
8654
8599
8732
8717
8592
8538
8507
8661
8498
8746
8533
8547
8670
8622
8722
8666
8645
8714
8538
8778
8733
8764
8641
8537
8620
8578
8605
8727
8762
8578
8523
8580
8555
8550
8591
8613
8512
8732
8671
8768
8656
8536
8801
8571
8562
8598
8651
8546
8561
8709
8772
8806
3656
3326
3665
3852
3498
3904
3274
3667
3521
3424
3508
3304
4066
3942
3877
3885
3378
3507
4073
3200
3995
3932
3549
3423
3199
4045
3974
3596
3917
3635
3943
3669
4094
3204
3476
3551
4026
3888
3739
4085
3808
3409
4019
3276
3792
3428
3640
3344
3627
3950
3917
3191
4056
4019
3144
4066
3498
3292
3444
3656
3835
3482
3165
3291
4058
3238
3836
3147
3506
3837
3674
3708
3286
3566
3498
3736
3653
4017
3529
3375
3852
3129
3239
3421
3279
3910
3836
3302
4037
3144
4020
3627
3467
3772
4077
3637
3956
3870
3310
3658
3786
3718
4058
4125
3535
3971
3209
3521
3313
3896
4078
3135
3449
3769
3435
3877
3193
3423
3593
3277
3934
4076
3554
3485
3229
3289
3436
3257
3782
3506
3262
4108
3293
3837
3419
3806
4006
3779
3172
3515
3668
3772
3708
3457
3247
3420
3840
3795
3581
3559
3402
3549
3837
4130
3701
3465
3779
3913
3219
3754
3902
3185
3659
3619
3724
3961
3869
4115
3510
3924
3178
3463
3990
3231
3724
4112
3532
3502
3149
4091
3671
3876
3579
3818
3582
3324
3545
3191
3424
3200
3655
3954
3207
3757
4026
3193
3427
3591
4070
3891
3869
3968
3158
3421
4116
3149
3757
3895
3952
3694
3971
3520
3724
3462
3347
4148
3196
3836
4084
3379
3762
3352
3884
3486
3196
3495
3366
3461
3279
3449
3894
3724
3640
3237
3595
3843
3504
3864
4065
3969
3999
3329
3940
3861
3600
3294
3437
3233
4011
3392
3191
4068
4137
3772
3261
3363
3655
3861
3646
3963
3552
3644
3438
3486
3622
4121
3289
3217
3942
3834
3702
3928
3914
3864
4159
3575
3658
4083
3348
3429
3630
3831
3625
3479
4075
3370
3174
4031
3992
3669
3359
3198
3779
3410
4130
4021
3922
3729
3546
3492
3754
3779
3990
3598
4163
3789
4142
3639
3885
3803
3619
3173
4034
4049
4145
3257
3175
3326
3543
3690
3727
3359
3703
3402
3993
4063
3665
3557
3712
3413
3435
3480
3842
3993
3879
4044
3944
3823
3943
4018
3946
3855
3517
3965
4052
3538
3965
3808
3389
3688
3460
3186
3867
3441
3846
3802
3697
3712
3996
3208
3652
3836
3679
3622
4067
3707
3578
3947
3476
4064
3378
3251
3597
3200
4035
3190
3633
3944
3546
3652
3579
3657
3399
3587
3544
3300
3838
3854
4064
3194
3588
3378
3366
3586
3879
3629
3600
3778
3835
3264
3388
3208
3277
3906
3972
3324
3836
3216
3961
3551
3971
4099
4150
3957
3419
4036
4166
3233
8981
9157
9201
9124
9224
9208
9068
9123
9222
9007
9071
9130
9006
9035
9128
8975
9143
8988
9205
9220
9046
8986
9251
9067
9100
9234
8981
9139
9228
9233
9258
9027
9207
9014
9174
9162
8983
8984
9055
9030
9131
9096
9097
9077
9058
8997
9211
9161
9283
9057
9186
9072
9238
9239
9268
9189
9239
9227
9091
9159
9049
9248
9257
9175
9241
9175
9293
9179
9245
9160
9306
9084
9027
9167
9180
9294
9151
9095
9318
9050
9316
9164
9321
9235
9038
9294
9209
9178
9052
9303
9067
9169
9059
9181
9300
9146
9293
9156
9148
9249
9102
9329
9064
9310
9120
9346
9202
9237
9098
9165
9242
9105
9325
9099
9134
9322
9206
9094
9266
9083
9148
9337
9293
9168
9276
9191
9224
9251
9176
9230
9312
9251
9349
9158
9233
9352
9087
9261
9091
9351
9099
9367
9294
9114
9124
9257
9260
9290
9166
9235
9341
9251
9114
9298
9355
9176
9251
9161
9346
9161
9180
9305
9286
9348
9124
9370
9330
9184
9394
9315
9412
9186
9317
9143
9377
9261
9214
9377
9350
9139
9248
9300
9300
9326
9242
9311
9153
9220
9189
9183
9190
9174
9328
9307
9170
9425
9250
9392
9144
9312
9292
9259
9202
9217
9300
9353
9364
9364
9420
9328
9349
9291
9428
9342
9209
9285
9380
9447
9340
9212
9295
9245
9316
9215
9465
9449
9387
9227
9397
9224
9184
9397
9313
9231
9191
9411
9268
9468
9412
9269
9409
9188
9431
9246
9421
9461
9380
9436
9357
9319
9456
9480
9430
9324
9356
9351
9318
9477
9310
9309
9447
9223
9295
9265
9480
9458
9355
9227
9265
9449
9382
9513
9340
9499
9261
9424
9342
9305
9225
9271
9417
9246
9384
9437
9407
9250
9485
9380
9455
9462
9277
9460
9426
9361
9302
9507
9424
9494
9343
9266
9410
3409
3840
3699
4157
4174
3696
3367
4003
3921
3344
3602
3542
3522
4140
3754
4232
3627
3403
3477
3731
3841
4079
3510
3456
3944
3469
3810
4169
3576
3617
3439
4224
3994
3455
3550
3981
3771
3765
3365
3727
4226
3700
4057
3791
3713
3317
3846
3708
3773
3604
3340
4084
3956
3690
3722
3453
3354
3452
3644
4095
3689
4129
4059
3421
3701
4170
3917
3748
3542
3618
3422
4153
3731
3817
3994
3473
3832
3860
3295
3793
3670
4253
4120
3446
3857
3872
4148
3575
4227
3905
4124
3780
3377
3430
3739
3285
4209
3537
4135
4188
4179
3291
3375
3809
3607
3330
3564
3550
3316
3829
3361
4197
3376
4192
3834
4105
3380
3840
3849
3841
3601
4148
4197
4227
3385
3521
3306
3619
3316
3493
3883
3463
3435
3693
4270
3812
4239
4003
4153
3934
3595
3773
3768
3383
4007
3834
3556
4173
3443
4271
3535
3679
3443
3376
3834
4123
3403
4116
3981
3909
4229
3331
4021
4238
3978
4275
4279
3984
3322
3853
3661
3718
3871
3676
4105
3508
3394
4179
3872
3684
4060
3304
3817
4079
4056
3951
3310
3618
4177
9611
9549
9608
9484
9718
9647
9539
9521
9444
9540
9474
9461
9644
9555
9526
9709
9694
9570
9502
9596
9671
9612
9630
9739
9756
9589
9746
9594
9517
9637
9491
9732
9684
9750
9758
9486
9638
9680
9595
9764
9518
9505
9637
9654
9674
9632
9522
9578
9539
9682
3886
9737
9704
9590
9696
9647
9732
9675
9517
9654
9496
9605
9698
9619
9654
9604
9743
9784
9724
9799
9552
9783
9639
9518
9687
9749
9744
9757
9712
9586
9700
9534
9569
9568
9620
9702
9723
9580
9618
9726
9763
9813
9675
9652
9572
9639
9799
9700
9752
9599
9813
9560
9835
9609
9801
9631
9567
9543
9795
9798
9815
9711
9631
9645
9802
9701
9788
9739
9584
9736
9624
9846
9745
9827
9665
9780
9565
9830
9811
9684
9717
9746
9748
9608
9598
9865
9654
9622
9619
9668
9684
9814
9613
9830
9712
9688
9782
9687
9583
9740
9760
9587
9765
9675
9750
9859
9615
9708
9639
9602
9745
9729
9840
9816
9757
9638
9699
9864
9616
9722
9692
9654
9727
9827
9763
9636
9823
9855
9718
9914
9688
9786
9619
9842
9633
9705
9703
9687
9633
9755
9740
9807
9682
9757
9834
9660
9921
9657
9845
3420
4283
4264
3680
4102
3335
4127
3424
4325
3745
3912
3944
3573
3792
3418
3676
3486
3845
3461
3618
4254
3985
4112
4227
3580
3658
4303
4045
3908
4046
4125
4058
3920
3586
4057
4139
4323
4095
3479
3552
4156
4181
3548
4208
4175
3654
4330
3956
3359
3363
3602
4176
3376
4065
4008
4152
3591
4331
3638
3909
4110
3996
3758
4120
4322
3480
3859
3901
4297
3397
4338
4010
3343
4326
4282
3510
4209
4301
3881
3496
3517
4167
4057
3777
3691
4289
4276
4052
4227
4217
3610
3420
3528
3941
4104
3827
3613
3771
3795
3671
4015
3455
3920
4211
4300
4178
3579
4265
4284
3420
4038
3699
4014
3388
3923
4204
4153
3458
3873
3582
4173
4249
3851
3499
3686
3714
3687
4128
3693
4338
4138
4221
3586
4022
3729
3407
3635
3417
3705
4017
3825
3443
3559
3942
3896
4301
3954
4150
3925
4212
4197
4070
4249
3391
3848
3952
4182
3813
3936
3950
3571
3549
4267
3996
4344
4334
3675
3767
3581
3983
4084
3781
3463
3980
3973
3905
4288
3434
3832
3435
4035
4343
3539
3672
3961
3374
3956
3855
4337
3632
4138
3993
4250
3469
3634
3658
4218
3503
4228
4178
3857
4008
4174
3566
3649
4321
4064
3919
3417
3865
4318
3454
4368
4064
4170
3879
3845
3424
4275
4313
4044
4129
4140
3973
4028
3638
3954
3562
3766
4255
3403
3706
4267
4135
3612
3612
3416
4238
3414
3858
4037
4257
4195
4226
4100
3444
3442
3384
3872
4106
4290
3885
3558
3977
4056
4040
3856
3597
3706
3604
3438
3507
3437
3691
3886
4159
4331
4159
4286
3946
3707
4252
3564
3461
3463
3885
4097
4011
3509
3532
4142
3546
3823
4261
3776
3900
3676
4009
4030
3863
3871
4188
3549
4114
3389
3562
4255
3940
3974
4109
4151
3613
3601
3489
4109
4136
4074
3973
3701
3631
4273
3602
3407
4324
4106
4151
4076
4287
4129
3452
4201
3393
3626
10201
10101
10238
10059
10113
10175
10065
10159
10003
10098
10217
10245
10014
9978
10193
10150
10148
10263
10249
10236
10272
10242
10201
9988
10025
10201
10011
10139
10197
10005
10251
10032
10199
10204
10248
10280
10290
10165
10007
10231
10215
10132
10254
10287
10060
10132
10264
10027
10204
10051
10270
10009
10257
10037
10306
10241
10111
10088
10110
10089
10235
10028
10102
10236
3453
3715
3675
3602
4265
3464
4218
3715
3599
4283
3959
3682
4365
3522
3763
4372
4079
4310
3871
3860
3456
4306
4073
3928
3440
3795
4188
4085
4262
4235
3438
4287
3735
4192
3629
4180
3655
3585
4216
4235
3996
3943
4346
3431
3741
4377
4335
4379
4146
3913
4392
3675
4002
3715
4282
4273
4091
4268
3452
3990
3810
4033
4039
3634
4203
4183
4006
4372
4367
3648
3520
3556
4230
4261
3947
3956
4268
3840
4298
3812
3919
4022
3685
4016
4256
3540
3801
4172
4089
3467
3563
3538
4040
4419
4378
4230
3650
3917
3602
3646
4115
3473
3845
3661
4137
3480
4297
3979
4042
4106
4368
4208
3581
3818
3554
3987
3557
3676
4041
4024
4220
3910
3855
3903
3982
4179
3896
4009
4119
4330
3846
4352
3927
4369
3927
3821
4364
4186
3444
3789
3483
4202
3735
4302
4337
4224
4052
3846
3915
3647
3769
3463
4274
4390
4410
3747
3452
3494
4135
4163
3988
3444
3666
4079
3913
3921
3466
3904
3749
3613
3908
3896
3725
3556
4378
4192
4427
3457
3474
3875
3702
3568
4376
3508
4277
4263
3581
4081
3815
4433
3757
4026
3513
3810
3664
3784
4415
3705
4308
4033
4371
3851
3545
3926
3530
3853
3955
3775
3930
3493
3742
3644
4218
3762
3688
4084
4183
3576
4031
3959
3713
3719
3580
3659
4172
4115
4282
4136
3541
3659
3681
4391
4025
4083
3934
4055
4064
3986
3458
3626
3693
3684
4395
3677
4023
3567
4157
4354
3486
4405
4175
4161
3569
3522
3756
4293
4272
4322
4221
4263
3716
3532
4242
3595
3975
3461
3817
3568
3619
4135
3800
3805
4396
4256
4238
4363
3640
3732
3971
4456
4323
4144
4204
3774
3532
4403
3551
4039
4181
3592
3948
3523
3606
4195
3529
4063
4256
3790
3973
3720
4384
4148
3982
4176
3521
4334
3970
3830
4132
3503
4216
4098
3635
3748
3722
4280
3769
3677
3851
4093
3535
3680
4153
4131
3530
3502
3767
3841
3548
3503
3501
4296
4447
4356
3588
4407
4075
4185
3880
4073
3763
4145
3574
3665
10424
10523
10406
10615
10510
10606
10584
10544
10665
10516
10534
10418
10475
10518
10535
10540
10612
10671
10605
10505
10507
10495
10618
10587
10498
10560
10622
10498
10482
10652
10500
10569
10650
10683
10549
10528
10644
10565
10435
10414
10425
10491
10564
10643
10444
10557
10634
10674
10555
10670
10430
10716
10503
10663
10494
10679
10640
10495
10674
10631
10568
10572
10506
10492
10728
10709
10508
10729
10437
10623
10492
10584
10582
10698
10574
10715
10479
10631
10522
10517
10564
10696
10580
10454
10536
10456
10687
10517
10704
10563
10563
10653
10639
10513
10731
10613
10746
10725
10661
10687
10614
10720
10583
10731
10601
10647
10721
10694
10658
10515
10514
10582
10740
10574
10674
10648
10771
10732
10577
10717
10779
10579
10612
10736
10632
10783
10766
10497
10770
10674
10529
10520
10621
10588
10778
10678
10664
10797
10620
10628
10706
10671
10663
10592
10650
10626
10568
10640
10638
10808
10608
10800
10709
10637
10772
10779
10768
10593
10724
10719
10743
10707
10781
10558
10696
10537
10775
10713
10586
10580
10764
10627
10601
10596
10592
10648
10644
10831
10642
10559
10691
10787
10553
10802
10588
10559
10729
10830
10605
10680
10701
10764
10742
10674
10700
10833
10572
10597
10577
10593
10756
10838
10597
10581
10693
10866
10729
10579
10833
10654
10816
10718
10712
10714
10699
10734
10797
10756
10784
10777
10836
10761
10676
10737
10757
10839
10657
10694
10821
10818
10686
10671
10610
10896
10774
10613
10702
10898
10870
10791
10812
10878
10650
10685
10718
10867
10879
10685
10782
10768
10783
10861
10763
10661
10712
10662
10748
10698
10632
10650
10761
10684
10852
10725
10885
10679
10867
10689
10921
10638
10845
10789
10824
10796
10648
10709
10763
10840
10754
10853
10914
10730
10726
10886
10713
10796
10653
10739
10944
10801
10713
10784
10803
10875
10827
10920
10715
10822
10740
10804
10934
10845
10734
10963
10705
10713
10889
10966
10680
10831
10724
10761
10856
10822
10905
10972
10980
10799
10703
10796
10968
10973
10798
10740
10769
10708
10729
10943
10804
10906
10750
10756
10724
10949
10895
10762
10943
10979
10933
10792
10936
10856
10919
10875
10872
10730
10839
10968
10899
10766
10912
10984
10885
10966
10969
10774
10947
4299
4253
3720
3779
3929
4294
4440
4225
4095
4358
4074
4441
3714
3752
4428
3620
3771
4428
4136
4063
4040
4051
3737
4414
4076
3645
3802
4263
4075
3944
4455
3828
3655
3902
3918
3829
3965
3931
4199
4251
3716
4105
4004
4242
3899
3979
4478
4406
4394
4436
3833
4143
4330
4450
4294
4437
3932
3776
3613
3810
3764
4214
3650
3991
4181
4076
4360
4033
3816
3910
3788
3880
3956
3836
3676
3821
3594
3745
4453
4342
4413
4331
4285
3706
3816
3862
3916
3902
4310
4096
3578
4347
4001
4119
4217
3643
4069
3636
4341
3910
4516
3961
3873
4400
3630
4405
4559
3624
3984
4191
4211
3980
3591
4134
3732
4436
3937
4386
4379
4082
4042
4559
4348
4208
3670
4088
3669
4170
3727
4452
4512
4320
4031
4264
3918
3583
4548
4067
4319
3780
3949
4203
4357
4311
3972
4493
4464
3665
4496
4200
4485
4419
3653
4192
4526
3688
3904
4542
4317
3934
4369
4247
4064
4102
4145
3916
4110
4038
3744
3987
3869
4300
3892
3886
3609
4071
4064
4412
3786
4097
4445
4144
4183
4249
3871
4552
4009
3812
3921
3894
3950
3613
4168
4343
4572
4268
4506
3594
4404
4120
4258
3960
3634
4054
3793
4333
4533
4457
3884
4185
3592
3903
3636
3866
3648
4465
3827
4394
4079
3662
3754
3846
3609
4399
4120
3694
3780
3821
4228
3965
3856
4305
4520
4069
4466
4027
3885
4123
3754
4359
3648
4191
3789
4312
4560
3864
4239
3831
3829
3713
4349
4362
4540
4389
4538
4184
4588
4483
3671
4146
4136
4159
3801
4358
3831
4423
4438
3912
4306
4526
4174
3894
3721
3760
3639
4400
3676
3956
3689
3742
3657
3748
3681
4384
3952
4395
3892
4273
4555
4432
4086
4496
4065
4088
3884
4213
4521
4038
4521
4390
3783
3975
3939
4097
4482
3643
3936
3959
4294
4109
3787
4299
4527
3851
3784
4132
4412
4549
4054
3652
4459
3691
4258
3682
4590
4577
4058
4574
3828
4496
4503
4597
4383
3830
4279
4292
4261
4466
3749
3730
4118
3719
4287
3906
4448
4476
3714
4214
4396
3632
4197
4490
4110
4004
4257
4391
3826
4604
3995
3894
4257
3828
3868
3809
3832
4274
4588
4483
3946
4308
4384
4225
3928
3724
3660
3771
4188
4040
3778
3846
4610
3946
4302
4585
4296
3656
3899
4399
4204
3776
4574
3906
4464
4209
3976
4096
4530
4578
3888
4411
3900
4600
4429
3910
4238
3706
3996
4524
4570
3906
3725
4553
3849
4092
3738
4618
4204
3682
4309
3926
4412
3944
3863
3846
3760
4467
3918
3865
3814
3701
3867
3889
4135
4588
4567
3797
4132
3903
4326
4003
4266
4028
4385
3711
3947
4384
4240
3923
4358
4272
3997
4393
4120
4102
4159
4457
3675
4617
3967
3798
4310
4274
3849
4406
3900
4119
4118
3948
11427
11330
11213
11400
11409
11198
11416
11465
11313
11422
11331
11310
11472
11484
11244
11297
11390
11223
11372
11237
11490
11220
11234
11364
11381
11372
11359
11323
11223
11224
11308
11429
11378
11354
11354
11395
11239
11475
11525
11419
11374
11273
11493
11368
11265
11512
11353
11264
11453
11427
11488
11314
11521
11301
11330
11461
11468
11340
11392
11439
11458
11547
11298
11481
11393
11308
11317
11527
11482
11370
11441
11425
11451
11535
11454
11344
11424
11372
11278
11425
11376
11387
11297
11392
11519
11353
11437
11499
11454
11515
11370
11342
11489
11487
11306
11393
11494
11553
11586
11371
11564
11455
11591
11441
11422
11457
11374
11576
11491
11410
11550
11536
11551
11369
11395
11367
11543
11467
11528
11572
11498
11372
11431
11605
11421
11373
11321
11536
11408
11421
11328
11509
11531
11327
11440
11531
11560
11469
11619
11482
11494
11381
11511
11409
11458
11491
11530
11428
11509
11616
11464
11477
11367
11381
11635
11472
11391
11610
11432
11597
11585
11528
11509
11639
11631
11560
11487
11407
11364
11377
11501
11659
11401
11522
11365
11454
11502
11559
11600
11455
11580
11525
11458
11466
11576
11400
11403
11386
11519
11583
11419
11414
11647
11434
11584
11449
11624
11416
11532
11637
11420
11687
11685
11630
11580
11431
11594
11606
11499
11503
11447
11506
11685
11615
11608
11594
11500
11677
11435
11647
11538
11437
11708
11461
11543
11470
11509
11523
11493
11596
11551
11538
11662
11469
11675
11647
11525
11436
11708
11614
11601
11659
11576
11443
11570
11656
11587
11583
11453
11719
11609
11733
11590
11741
11445
11496
11450
11581
11691
11450
11512
11524
11690
11717
11502
11749
11701
11508
11522
11669
11711
11604
11512
11706
11546
11575
11680
11716
11581
11567
11487
11662
11632
11677
11648
11482
11697
11713
11753
11603
11699
11571
11660
11723
11638
11763
11635
11620
11739
11725
11736
4420
4586
3961
3867
3801
4194
4093
4675
4642
4208
3788
4047
4089
4100
3830
4320
3855
4213
3885
4620
4400
4180
3797
4119
4033
4480
3974
4485
4601
4468
4093
3822
4474
3721
3906
4078
4677
3959
4572
4215
4543
4018
4104
4244
4519
4296
4469
3765
4672
4638
3709
3861
4002
4029
4182
3759
4386
4254
3875
3902
3855
4470
4324
4548
3954
4239
4644
3924
4607
4637
4501
4147
4042
4066
3970
4262
4081
3982
3803
4442
4544
3863
4705
4002
4706
3747
3810
4519
4029
3838
4673
3918
4184
4629
3819
4244
4252
3726
4114
4394
3819
4010
3802
3725
4246
4180
4235
4187
4073
4318
3785
4021
4608
4453
4219
3893
4292
4091
4137
3782
4525
4628
4004
4152
3726
4502
4336
3848
4692
4570
4713
4139
3940
4486
4177
4302
4524
4184
4552
4287
4438
3776
3761
4062
4518
4509
4505
4243
4448
4053
4196
3949
4586
4575
4339
4118
3774
3752
3733
3759
4700
4612
4658
4280
4113
4068
4064
4089
3784
4156
4313
4192
3849
4033
3916
3922
4204
3818
3765
3830
4321
4259
3982
4257
4562
3954
4302
4539
4218
4676
4273
3831
4022
4614
4005
3889
4431
3990
4491
4140
4376
4045
4459
4189
4433
4023
4076
3754
3847
4594
4651
4394
4697
4726
3844
3945
4626
4512
4230
3904
4222
3835
4489
4570
3869
4379
4025
3955
4207
3909
3872
4104
4435
4686
3781
4578
4487
4126
3896
4309
3990
4462
4445
4142
3869
3850
4719
4497
4468
4534
4347
4170
3967
4563
4522
4574
4361
4636
4186
4087
4682
3913
4283
4128
3816
3759
4550
4300
4428
4220
4726
4057
3942
4353
4126
3867
4144
4621
4249
4126
3755
4735
4074
3941
4391
3938
4545
4226
3900
4650
4238
4266
3953
3839
4670
4678
4075
4462
4037
3978
3851
4397
4010
4171
4373
4189
4519
4675
4581
4562
4436
4068
3809
4705
4003
4162
4197
4242
4208
4661
3997
4386
3767
4656
3901
4109
3813
4094
3866
4666
4623
4183
4602
3929
4166
4389
4225
4745
4446
3900
4421
4406
3973
3801
4593
3894
4761
3998
4592
4414
4732
4399
4465
4246
4504
4066
4525
3956
4267
4064
4062
4497
4617
4581
4625
4660
4746
4032
4642
4031
4533
4064
4123
4454
4365
4549
3942
3968
3965
3865
3984
3782
3891
4030
3805
3950
4151
4063
4389
4182
4306
4517
4369
4446
4020
4222
4076
3975
4090
4139
4217
4111
4763
3954
4271
4481
4227
4183
4636
4492
4339
3938
4775
3865
4606
4389
4244
4633
4294
4378
4299
4216
4296
4516
3809
4432
4015
4462
3989
3857
4768
3918
4172
4379
4718
4699
4390
4075
4497
4428
4243
4339
4398
4385
4215
4070
3897
4578
4396
4428
4632
4080
4265
4503
3881
4328
4734
4174
4129
4513
3934
4207
4242
4332
3962
4688
4129
4379
4384
4112
4472
4750
4315
4239
4480
4430
4404
4151
12169
12023
12000
12120
12268
12031
12200
12085
11995
12116
12047
12063
12149
12046
12230
12056
12061
12000
12119
12126
12122
12223
12058
12237
12025
12218
12295
12102
12159
12265
12157
12161
12212
12175
12034
12243
12234
12124
12048
12211
12188
12021
12196
12024
12179
12156
12219
12082
12220
12028
12150
12120
12221
12206
12024
12265
12297
12127
12060
12147
12099
12141
12274
12167
12255
12188
12064
12205
12177
12332
12054
12299
12044
12150
12321
12050
12329
12136
12062
12108
12319
12252
12161
12288
12156
12289
12147
12243
12134
12168
12082
12225
12176
12073
12064
12116
12319
12114
12076
12343
12259
12082
12304
12338
12227
12247
12294
12195
12149
12256
12175
12104
12344
12229
12211
12131
12295
12173
12382
12322
12202
12357
12130
12186
12151
12116
12158
12132
12192
12264
12154
12183
12265
12202
12290
12128
12272
12181
12293
12149
12260
12138
12132
12224
12220
12240
12353
12122
12201
12190
12363
12216
12130
12228
12247
12392
12263
12403
12240
12206
12233
12140
12224
12262
12418
12283
12423
12175
12265
12154
12278
12361
12291
12203
12206
12233
12247
12355
12182
12337
12158
12237
12299
12288
12223
12163
12305
12235
12177
12285
12317
12376
12208
12298
12324
12419
12222
12231
12220
12408
12318
12255
12242
12417
12206
12271
12202
12286
12239
12419
12445
12353
12440
12270
12477
12221
12250
12290
12205
12200
12204
12264
12404
12410
12424
12374
12486
12495
12335
12425
12433
12455
12488
12441
12477
12404
12425
12348
12237
12504
12314
12428
12291
12216
12291
12229
12290
12247
12300
12246
12345
12470
12401
12486
12226
12463
12295
12272
12469
12478
12278
12345
12231
12273
12442
12356
12442
12435
12337
12450
12361
12383
12501
12294
12351
12251
12341
12530
12335
12530
12336
12427
12297
12443
12321
12270
12460
12422
12322
12452
12530
12498
12412
12345
12312
12537
12519
12310
12432
12367
12564
12335
12557
12444
12542
12427
12349
12390
12282
12482
12315
12317
12358
12319
12460
12377
12345
12358
12435
12357
12409
12531
12456
12479
12514
12548
12442
12392
12565
12523
12419
12498
12497
12600
12473
12379
12331
12496
12422
12354
12482
12558
12378
12504
12570
12545
12492
12366
12466
12563
12429
12609
12407
12583
12506
12353
12553
12504
12511
12367
12560
12352
12385
12492
12381
12562
12571
12368
12594
12631
12464
12511
12343
12545
12362
12544
12500
12387
12429
12457
12362
12539
12427
12646
12358
12382
12461
12571
12642
12641
12510
12519
12535
12660
12501
12594
12453
12618
12621
12615
12500
12538
12638
12457
12584
12435
12639
12509
12629
12500
12382
12480
12608
12409
12680
12517
12518
12519
12538
12603
12497
12418
12492
12427
12402
12586
12662
12660
12431
12629
12617
12612
12605
12444
12652
12540
12667
4426
4615
4467
3936
4492
4573
4404
4478
4658
4659
4011
4355
4000
3892
4779
4775
4287
4710
4226
4845
4527
4097
4130
4260
4014
4544
4545
4727
4249
4085
4385
4738
4266
4188
3904
3889
4768
4249
4255
4714
3904
4775
3958
4109
4870
4596
4753
4472
4850
4294
4202
4154
4376
4299
4866
4853
3913
4308
4398
4607
4507
4815
3948
4479
4596
4013
4574
4456
4508
4281
4824
4322
4893
4631
3911
4742
4230
4347
4262
4760
4387
4649
4464
4479
4172
4750
4683
4781
4619
4335
4559
3938
4338
4260
4308
4019
4884
4138
4347
4643
4584
4697
4512
4890
4135
4862
4529
3908
4162
4457
4092
4118
4471
4722
4369
4102
4269
4311
4344
4527
4583
4603
4823
4345
4563
4399
4852
4561
4077
4558
4117
4378
4091
4844
4865
4659
4624
4889
4335
4396
4496
4261
4406
4471
4016
4787
4837
4477
3989
4426
4846
4860
4853
4702
4291
4715
4790
4048
4671
4124
4516
4137
4005
3920
3947
4193
4408
4744
4883
4356
4381
4801
4790
4842
4401
4698
4116
4143
4879
4239
4541
4299
4330
4509
4654
4094
4436
4214
4128
4062
4659
4461
4096
4334
4755
4619
4506
3964
4549
4623
4727
4205
4220
4335
4472
4687
4335
4057
4478
4444
3993
4241
4269
4808
4205
4104
4811
4807
4527
4088
4228
4291
4533
4022
4918
4117
4426
4688
4151
4729
4613
4775
4672
4297
4619
4503
4606
4790
4161
4536
4762
4608
4128
3970
3955
4614
4210
4622
4845
4724
3952
4501
4112
4193
3947
4771
4500
4569
4379
4567
4418
4075
4464
4795
4656
4215
4894
3941
4643
4847
4779
4825
4354
4353
4814
4344
4280
4879
4500
4149
4806
4030
4747
4240
3975
4189
4570
4523
4233
4536
4353
4695
4811
4092
4155
4878
4300
4295
4256
4887
4480
4148
4072
4316
4351
4629
4274
4288
4082
4383
4369
4248
4423
4467
4706
4800
4157
4931
4850
4823
4502
4882
4053
4602
4766
4165
4095
4184
4243
4509
4929
4732
4197
4083
4660
4595
4534
4484
4376
4889
4324
4755
4301
4770
4909
4164
4320
4781
4473
4540
4916
4345
4359
4374
4623
4800
4189
4260
4694
4443
4045
4866
4484
4563
4111
4076
4591
4234
4214
4428
4716
4194
4088
3983
3973
4772
4031
4541
4376
4282
4726
4693
4634
4942
4347
4867
4367
4208
4623
4383
4618
4802
4196
3963
4762
4926
4748
4055
4827
3993
4404
4381
4112
4018
4575
4886
4171
4576
4365
4287
4165
4900
4732
4707
4538
4907
4012
4888
4410
4504
4849
4073
4843
4368
4764
4148
4650
4867
4085
4331
3993
4128
3971
4443
4150
3993
4921
4639
4732
4278
3987
4026
4932
4958
4027
4617
4043
4677
4797
4533
4087
4891
4075
4439
4279
4427
4953
4367
4219
4471
4160
13081
13092
13106
13078
13037
13096
12973
13139
13171
13048
12879
13119
12886
12989
13072
13009
13154
13179
12911
13010
13036
13050
12941
12977
12938
13053
13145
12972
12996
13150
13075
12992
12937
13070
13043
13021
13102
13148
13150
13040
12955
12948
13032
13056
12928
13047
12974
13098
13010
13076
13075
12999
12982
12947
13006
13052
13034
13048
13004
13156
13217
12955
13178
13078
13096
13181
13160
13104
12971
13011
12944
13114
13063
13238
13109
13177
13121
13220
13180
13114
13219
13180
13077
13092
13121
13025
13082
13089
13134
13172
13165
13141
13077
13240
13044
13221
13212
12980
13077
13113
13177
13231
13263
13004
12990
13098
12982
13257
13263
13219
13057
13136
13126
12981
13155
13241
13092
13267
13142
13043
13043
13065
13231
13147
13010
13168
13223
13101
13108
13224
13098
13224
13093
13122
13051
13093
13210
13088
13147
13065
13140
13152
13197
13087
13051
13026
13240
13019
13228
13095
13245
13104
13119
13090
13152
13214
13067
13112
13258
13087
13213
13058
13226
13060
13172
13163
13271
13073
13136
13142
13254
13138
13245
13286
13059
13072
13255
13324
13105
13340
13163
13299
13112
13286
13071
13286
13133
13260
13127
13266
13268
13136
13325
13322
13165
13140
13281
13172
13295
13266
13364
13074
13164
13174
13367
13326
13211
13084
13342
13218
13187
13183
13251
13196
13215
13312
13271
13260
13119
13306
13349
13347
13110
13170
13258
13284
13252
13347
13192
13166
13161
13229
13185
13219
13357
13117
13349
13251
13161
13353
13204
13210
13312
13239
13246
13156
13169
13195
13298
13371
13276
13302
13243
13343
13311
13305
13413
13131
13157
13258
13316
13293
13393
13309
13334
13360
13250
13358
13161
13268
13232
13351
13297
13404
13277
13327
13307
13175
13203
13356
13232
13406
13278
13267
13341
13251
13261
13178
13394
13246
13350
13254
13304
13237
13444
13179
13169
13305
13354
13339
13290
13298
13262
13445
13241
13470
13463
13303
13206
13237
13286
13476
13468
13267
13262
13232
13212
13402
13459
13452
13418
13479
13339
13369
13280
13423
13279
13444
13482
13432
13474
13479
13490
